X    Y
0.0000000000e+00   1.4013229143e-01
1.0000000000e+00   1.3208747135e-01
2.0000000000e+00   1.2432203517e-01
3.0000000000e+00   1.1683147670e-01
4.0000000000e+00   1.0961128975e-01
5.0000000000e+00   1.0265696813e-01
6.0000000000e+00   9.5964005640e-02
7.0000000000e+00   8.9527896098e-02
8.0000000000e+00   8.3344133308e-02
9.0000000000e+00   7.7408211078e-02
1.0000000000e+01   7.1715623216e-02
1.1000000000e+01   6.6261863531e-02
1.2000000000e+01   6.1042425829e-02
1.3000000000e+01   5.6052803919e-02
1.4000000000e+01   5.1288491609e-02
1.5000000000e+01   4.6744982707e-02
1.6000000000e+01   4.2417771021e-02
1.7000000000e+01   3.8302350359e-02
1.8000000000e+01   3.4394214529e-02
1.9000000000e+01   3.0688857339e-02
2.0000000000e+01   2.7181772596e-02
2.1000000000e+01   2.3868454110e-02
2.2000000000e+01   2.0744395688e-02
2.3000000000e+01   1.7805091138e-02
2.4000000000e+01   1.5046034268e-02
2.5000000000e+01   1.2462718886e-02
2.6000000000e+01   1.0050638799e-02
2.7000000000e+01   7.8052878171e-03
2.8000000000e+01   5.7221597469e-03
2.9000000000e+01   3.7967483966e-03
3.0000000000e+01   2.0245475743e-03
3.1000000000e+01   0.0000000000e+00
3.2000000000e+01   1.0782472544e-03
3.3000000000e+01   2.4178536447e-03
3.4000000000e+01   3.6222742751e-03
3.5000000000e+01   4.6960153375e-03
3.6000000000e+01   5.6435830239e-03
3.7000000000e+01   6.4694835263e-03
3.8000000000e+01   7.1782230367e-03
3.9000000000e+01   7.7743077471e-03
4.0000000000e+01   8.2622438496e-03
4.1000000000e+01   8.6465375360e-03
4.2000000000e+01   8.9316949985e-03
4.3000000000e+01   9.1222224290e-03
4.4000000000e+01   9.2226260195e-03
4.5000000000e+01   9.2374119620e-03
4.6000000000e+01   9.1710864485e-03
4.7000000000e+01   9.0281556710e-03
4.8000000000e+01   8.8131258215e-03
4.9000000000e+01   8.5305030920e-03
5.0000000000e+01   8.1847936746e-03
5.1000000000e+01   7.7805037611e-03
5.2000000000e+01   7.3221395437e-03
5.3000000000e+01   6.8142072142e-03
5.4000000000e+01   6.2612129648e-03
5.5000000000e+01   5.6676629874e-03
5.6000000000e+01   5.0380634739e-03
5.7000000000e+01   4.3769206165e-03
5.8000000000e+01   3.6887406071e-03
5.9000000000e+01   2.9780296377e-03
6.0000000000e+01   2.2492939002e-03
6.1000000000e+01   1.5070395868e-03
6.2000000000e+01   7.5577288941e-04
6.3000000000e+01   0.0000000000e+00
6.4000000000e+01   7.5577288941e-04
6.5000000000e+01   1.5070395868e-03
6.6000000000e+01   2.2492939002e-03
6.7000000000e+01   2.9780296377e-03
6.8000000000e+01   3.6887406071e-03
6.9000000000e+01   4.3769206165e-03
7.0000000000e+01   5.0380634739e-03
7.1000000000e+01   5.6676629874e-03
7.2000000000e+01   6.2612129648e-03
7.3000000000e+01   6.8142072142e-03
7.4000000000e+01   7.3221395437e-03
7.5000000000e+01   7.7805037611e-03
7.6000000000e+01   8.1847936746e-03
7.7000000000e+01   8.5305030920e-03
7.8000000000e+01   8.8131258215e-03
7.9000000000e+01   9.0281556710e-03
8.0000000000e+01   9.1710864485e-03
8.1000000000e+01   9.2374119620e-03
8.2000000000e+01   9.2226260195e-03
8.3000000000e+01   9.1222224290e-03
8.4000000000e+01   8.9316949985e-03
8.5000000000e+01   8.6465375360e-03
8.6000000000e+01   8.2622438496e-03
8.7000000000e+01   7.7743077471e-03
8.8000000000e+01   7.1782230367e-03
8.9000000000e+01   6.4694835263e-03
9.0000000000e+01   5.6435830239e-03
9.1000000000e+01   4.6960153375e-03
9.2000000000e+01   3.6222742751e-03
9.3000000000e+01   2.4178536447e-03
9.4000000000e+01   1.0782472544e-03
9.5000000000e+01   0.0000000000e+00
9.6000000000e+01   2.0245475743e-03
9.7000000000e+01   3.7967483966e-03
9.8000000000e+01   5.7221597469e-03
9.9000000000e+01   7.8052878171e-03
1.0000000000e+02   1.0050638799e-02
1.0100000000e+02   1.2462718886e-02
1.0200000000e+02   1.5046034268e-02
1.0300000000e+02   1.7805091138e-02
1.0400000000e+02   2.0744395688e-02
1.0500000000e+02   2.3868454110e-02
1.0600000000e+02   2.7181772596e-02
1.0700000000e+02   3.0688857339e-02
1.0800000000e+02   3.4394214529e-02
1.0900000000e+02   3.8302350359e-02
1.1000000000e+02   4.2417771021e-02
1.1100000000e+02   4.6744982707e-02
1.1200000000e+02   5.1288491609e-02
1.1300000000e+02   5.6052803919e-02
1.1400000000e+02   6.1042425829e-02
1.1500000000e+02   6.6261863531e-02
1.1600000000e+02   7.1715623216e-02
1.1700000000e+02   7.7408211078e-02
1.1800000000e+02   8.3344133308e-02
1.1900000000e+02   8.9527896098e-02
1.2000000000e+02   9.5964005640e-02
1.2100000000e+02   1.0265696813e-01
1.2200000000e+02   1.0961128975e-01
1.2300000000e+02   1.1683147670e-01
1.2400000000e+02   1.2432203517e-01
1.2500000000e+02   1.3208747135e-01
1.2600000000e+02   1.4013229143e-01
