X    Y
0.0000000000e+00   -2.8845022145e-01
1.0000000000e+00   -2.7207894428e-01
2.0000000000e+00   -2.5627094111e-01
3.0000000000e+00   -2.4101719956e-01
4.0000000000e+00   -2.2630870723e-01
5.0000000000e+00   -2.1213645176e-01
6.0000000000e+00   -1.9849142075e-01
7.0000000000e+00   -1.8536460181e-01
8.0000000000e+00   -1.7274698258e-01
9.0000000000e+00   -1.6062955065e-01
1.0000000000e+01   -1.4900329366e-01
1.1000000000e+01   -1.3785919921e-01
1.2000000000e+01   -1.2718825492e-01
1.3000000000e+01   -1.1698144840e-01
1.4000000000e+01   -1.0722976728e-01
1.5000000000e+01   -9.7924199159e-02
1.6000000000e+01   -8.9055731667e-02
1.7000000000e+01   -8.0615352415e-02
1.8000000000e+01   -7.2594049019e-02
1.9000000000e+01   -6.4982809095e-02
2.0000000000e+01   -5.7772620259e-02
2.1000000000e+01   -5.0954470127e-02
2.2000000000e+01   -4.4519346314e-02
2.3000000000e+01   -3.8458236438e-02
2.4000000000e+01   -3.2762128114e-02
2.5000000000e+01   -2.7422008957e-02
2.6000000000e+01   -2.2428866585e-02
2.7000000000e+01   -1.7773688612e-02
2.8000000000e+01   -1.3447462656e-02
2.9000000000e+01   -9.4411763314e-03
3.0000000000e+01   -5.7458172549e-03
3.1000000000e+01   -2.3523730422e-03
3.2000000000e+01   -7.4816869042e-04
3.3000000000e+01   -3.5648203271e-03
3.4000000000e+01   -6.1065942518e-03
3.5000000000e+01   -8.3825028486e-03
3.6000000000e+01   -1.0401558501e-02
3.7000000000e+01   -1.2172773594e-02
3.8000000000e+01   -1.3705160511e-02
3.9000000000e+01   -1.5007731636e-02
4.0000000000e+01   -1.6089499353e-02
4.1000000000e+01   -1.6959476046e-02
4.2000000000e+01   -1.7626674099e-02
4.3000000000e+01   -1.8100105895e-02
4.4000000000e+01   -1.8388783820e-02
4.5000000000e+01   -1.8501720257e-02
4.6000000000e+01   -1.8447927590e-02
4.7000000000e+01   -1.8236418203e-02
4.8000000000e+01   -1.7876204480e-02
4.9000000000e+01   -1.7376298806e-02
5.0000000000e+01   -1.6745713563e-02
5.1000000000e+01   -1.5993461136e-02
5.2000000000e+01   -1.5128553909e-02
5.3000000000e+01   -1.4160004266e-02
5.4000000000e+01   -1.3096824591e-02
5.5000000000e+01   -1.1948027268e-02
5.6000000000e+01   -1.0722624681e-02
5.7000000000e+01   -9.4296292144e-03
5.8000000000e+01   -8.0780532516e-03
5.9000000000e+01   -6.6769091767e-03
6.0000000000e+01   -5.2352093739e-03
6.1000000000e+01   -3.7619662271e-03
6.2000000000e+01   -2.2661921202e-03
6.3000000000e+01   -7.5689943741e-04
6.4000000000e+01   -7.5689943741e-04
6.5000000000e+01   -2.2661921202e-03
6.6000000000e+01   -3.7619662271e-03
6.7000000000e+01   -5.2352093739e-03
6.8000000000e+01   -6.6769091767e-03
6.9000000000e+01   -8.0780532516e-03
7.0000000000e+01   -9.4296292144e-03
7.1000000000e+01   -1.0722624681e-02
7.2000000000e+01   -1.1948027268e-02
7.3000000000e+01   -1.3096824591e-02
7.4000000000e+01   -1.4160004266e-02
7.5000000000e+01   -1.5128553909e-02
7.6000000000e+01   -1.5993461136e-02
7.7000000000e+01   -1.6745713563e-02
7.8000000000e+01   -1.7376298806e-02
7.9000000000e+01   -1.7876204480e-02
8.0000000000e+01   -1.8236418203e-02
8.1000000000e+01   -1.8447927590e-02
8.2000000000e+01   -1.8501720257e-02
8.3000000000e+01   -1.8388783820e-02
8.4000000000e+01   -1.8100105895e-02
8.5000000000e+01   -1.7626674099e-02
8.6000000000e+01   -1.6959476046e-02
8.7000000000e+01   -1.6089499353e-02
8.8000000000e+01   -1.5007731636e-02
8.9000000000e+01   -1.3705160511e-02
9.0000000000e+01   -1.2172773594e-02
9.1000000000e+01   -1.0401558501e-02
9.2000000000e+01   -8.3825028486e-03
9.3000000000e+01   -6.1065942518e-03
9.4000000000e+01   -3.5648203271e-03
9.5000000000e+01   -7.4816869042e-04
9.6000000000e+01   -2.3523730422e-03
9.7000000000e+01   -5.7458172549e-03
9.8000000000e+01   -9.4411763314e-03
9.9000000000e+01   -1.3447462656e-02
1.0000000000e+02   -1.7773688612e-02
1.0100000000e+02   -2.2428866585e-02
1.0200000000e+02   -2.7422008957e-02
1.0300000000e+02   -3.2762128114e-02
1.0400000000e+02   -3.8458236438e-02
1.0500000000e+02   -4.4519346314e-02
1.0600000000e+02   -5.0954470127e-02
1.0700000000e+02   -5.7772620259e-02
1.0800000000e+02   -6.4982809095e-02
1.0900000000e+02   -7.2594049019e-02
1.1000000000e+02   -8.0615352415e-02
1.1100000000e+02   -8.9055731667e-02
1.1200000000e+02   -9.7924199159e-02
1.1300000000e+02   -1.0722976728e-01
1.1400000000e+02   -1.1698144840e-01
1.1500000000e+02   -1.2718825492e-01
1.1600000000e+02   -1.3785919921e-01
1.1700000000e+02   -1.4900329366e-01
1.1800000000e+02   -1.6062955065e-01
1.1900000000e+02   -1.7274698258e-01
1.2000000000e+02   -1.8536460181e-01
1.2100000000e+02   -1.9849142075e-01
1.2200000000e+02   -2.1213645176e-01
1.2300000000e+02   -2.2630870723e-01
1.2400000000e+02   -2.4101719956e-01
1.2500000000e+02   -2.5627094111e-01
1.2600000000e+02   -2.7207894428e-01
1.2700000000e+02   -2.8845022145e-01
