X    Y
1.0000000000e+00   3.6384298802e-01
2.0000000000e+00   3.4295521584e-01
3.0000000000e+00   3.2279284302e-01
4.0000000000e+00   3.0334416958e-01
5.0000000000e+00   2.8459749551e-01
6.0000000000e+00   2.6654112083e-01
7.0000000000e+00   2.4916334556e-01
8.0000000000e+00   2.3245246969e-01
9.0000000000e+00   2.1639679325e-01
1.0000000000e+01   2.0098461623e-01
1.1000000000e+01   1.8620423866e-01
1.2000000000e+01   1.7204396054e-01
1.3000000000e+01   1.5849208189e-01
1.4000000000e+01   1.4553690271e-01
1.5000000000e+01   1.3316672301e-01
1.6000000000e+01   1.2136984280e-01
1.7000000000e+01   1.1013456210e-01
1.8000000000e+01   9.9449180913e-02
1.9000000000e+01   8.9301999250e-02
2.0000000000e+01   7.9681317123e-02
2.1000000000e+01   7.0575434540e-02
2.2000000000e+01   6.1972651514e-02
2.3000000000e+01   5.3861268053e-02
2.4000000000e+01   4.6229584168e-02
2.5000000000e+01   3.9065899871e-02
2.6000000000e+01   3.2358515170e-02
2.7000000000e+01   2.6095730076e-02
2.8000000000e+01   2.0265844600e-02
2.9000000000e+01   1.4857158753e-02
3.0000000000e+01   9.8579725431e-03
3.1000000000e+01   5.2565859822e-03
3.2000000000e+01   0.0000000000e+00
3.3000000000e+01   -2.7995881523e-03
3.4000000000e+01   -6.2777757052e-03
3.5000000000e+01   -9.4049635682e-03
3.6000000000e+01   -1.2192851731e-02
3.7000000000e+01   -1.4653140183e-02
3.8000000000e+01   -1.6797528914e-02
3.9000000000e+01   -1.8637717914e-02
4.0000000000e+01   -2.0185407172e-02
4.1000000000e+01   -2.1452296678e-02
4.2000000000e+01   -2.2450086421e-02
4.3000000000e+01   -2.3190476392e-02
4.4000000000e+01   -2.3685166580e-02
4.5000000000e+01   -2.3945856975e-02
4.6000000000e+01   -2.3984247566e-02
4.7000000000e+01   -2.3812038343e-02
4.8000000000e+01   -2.3440929296e-02
4.9000000000e+01   -2.2882620414e-02
5.0000000000e+01   -2.2148811687e-02
5.1000000000e+01   -2.1251203105e-02
5.2000000000e+01   -2.0201494657e-02
5.3000000000e+01   -1.9011386333e-02
5.4000000000e+01   -1.7692578123e-02
5.5000000000e+01   -1.6256770016e-02
5.6000000000e+01   -1.4715662003e-02
5.7000000000e+01   -1.3080954071e-02
5.8000000000e+01   -1.1364346213e-02
5.9000000000e+01   -9.5775384158e-03
6.0000000000e+01   -7.7322306706e-03
6.1000000000e+01   -5.8401229668e-03
6.2000000000e+01   -3.9129152940e-03
6.3000000000e+01   -1.9623076418e-03
6.4000000000e+01   0.0000000000e+00
6.5000000000e+01   1.9623076418e-03
6.6000000000e+01   3.9129152940e-03
6.7000000000e+01   5.8401229668e-03
6.8000000000e+01   7.7322306706e-03
6.9000000000e+01   9.5775384158e-03
7.0000000000e+01   1.1364346213e-02
7.1000000000e+01   1.3080954071e-02
7.2000000000e+01   1.4715662003e-02
7.3000000000e+01   1.6256770016e-02
7.4000000000e+01   1.7692578123e-02
7.5000000000e+01   1.9011386333e-02
7.6000000000e+01   2.0201494657e-02
7.7000000000e+01   2.1251203105e-02
7.8000000000e+01   2.2148811687e-02
7.9000000000e+01   2.2882620414e-02
8.0000000000e+01   2.3440929296e-02
8.1000000000e+01   2.3812038343e-02
8.2000000000e+01   2.3984247566e-02
8.3000000000e+01   2.3945856975e-02
8.4000000000e+01   2.3685166580e-02
8.5000000000e+01   2.3190476392e-02
8.6000000000e+01   2.2450086421e-02
8.7000000000e+01   2.1452296678e-02
8.8000000000e+01   2.0185407172e-02
8.9000000000e+01   1.8637717914e-02
9.0000000000e+01   1.6797528914e-02
9.1000000000e+01   1.4653140183e-02
9.2000000000e+01   1.2192851731e-02
9.3000000000e+01   9.4049635682e-03
9.4000000000e+01   6.2777757052e-03
9.5000000000e+01   2.7995881523e-03
9.6000000000e+01   0.0000000000e+00
9.7000000000e+01   -5.2565859822e-03
9.8000000000e+01   -9.8579725431e-03
9.9000000000e+01   -1.4857158753e-02
1.0000000000e+02   -2.0265844600e-02
1.0100000000e+02   -2.6095730076e-02
1.0200000000e+02   -3.2358515170e-02
1.0300000000e+02   -3.9065899871e-02
1.0400000000e+02   -4.6229584168e-02
1.0500000000e+02   -5.3861268053e-02
1.0600000000e+02   -6.1972651514e-02
1.0700000000e+02   -7.0575434540e-02
1.0800000000e+02   -7.9681317123e-02
1.0900000000e+02   -8.9301999250e-02
1.1000000000e+02   -9.9449180913e-02
1.1100000000e+02   -1.1013456210e-01
1.1200000000e+02   -1.2136984280e-01
1.1300000000e+02   -1.3316672301e-01
1.1400000000e+02   -1.4553690271e-01
1.1500000000e+02   -1.5849208189e-01
1.1600000000e+02   -1.7204396054e-01
1.1700000000e+02   -1.8620423866e-01
1.1800000000e+02   -2.0098461623e-01
1.1900000000e+02   -2.1639679325e-01
1.2000000000e+02   -2.3245246969e-01
1.2100000000e+02   -2.4916334556e-01
1.2200000000e+02   -2.6654112083e-01
1.2300000000e+02   -2.8459749551e-01
1.2400000000e+02   -3.0334416958e-01
1.2500000000e+02   -3.2279284302e-01
1.2600000000e+02   -3.4295521584e-01
1.2700000000e+02   -3.6384298802e-01
