X    Y
0.0000000000e+00   -1.2000000000e+01
2.0000000000e-02   -2.0617933607e+00
4.0000000000e-02   -2.2391111644e+00
6.0000000000e-02   -2.2336869948e+00
8.0000000000e-02   -2.1409862836e+00
1.0000000000e-01   -2.2112567724e+00
1.2000000000e-01   -2.2206164991e+00
1.4000000000e-01   -2.1609247591e+00
1.6000000000e-01   -2.1987589628e+00
1.8000000000e-01   -2.2173761154e+00
2.0000000000e-01   -2.1711368216e+00
2.2000000000e-01   -2.1914456235e+00
2.4000000000e-01   -2.2153351476e+00
2.6000000000e-01   -2.1783116941e+00
2.8000000000e-01   -2.1865561146e+00
3.0000000000e-01   -2.2132029921e+00
3.2000000000e-01   -2.1841725989e+00
3.4000000000e-01   -2.1831960749e+00
3.6000000000e-01   -2.2106752523e+00
3.8000000000e-01   -2.1892724025e+00
4.0000000000e-01   -2.1810218626e+00
4.2000000000e-01   -2.2077069023e+00
4.4000000000e-01   -2.1937708437e+00
4.6000000000e-01   -2.1798815552e+00
4.8000000000e-01   -2.2043588611e+00
5.0000000000e-01   -2.1976676021e+00
5.2000000000e-01   -2.1796897439e+00
5.4000000000e-01   -2.2007494901e+00
5.6000000000e-01   -2.2008943718e+00
5.8000000000e-01   -2.1803751002e+00
6.0000000000e-01   -2.1970317366e+00
6.2000000000e-01   -2.2033612038e+00
6.4000000000e-01   -2.1818554358e+00
6.6000000000e-01   -2.1933776540e+00
6.8000000000e-01   -2.2049850591e+00
7.0000000000e-01   -2.1840251969e+00
7.2000000000e-01   -2.1899654348e+00
7.4000000000e-01   -2.2057096219e+00
7.6000000000e-01   -2.1867498332e+00
7.8000000000e-01   -2.1869677033e+00
8.0000000000e-01   -2.2055191580e+00
8.2000000000e-01   -2.1898649285e+00
8.4000000000e-01   -2.1845408686e+00
8.6000000000e-01   -2.2044470059e+00
8.8000000000e-01   -2.1931793395e+00
9.0000000000e-01   -2.1828156196e+00
9.2000000000e-01   -2.2025786916e+00
9.4000000000e-01   -2.1964820888e+00
9.6000000000e-01   -2.1818886754e+00
9.8000000000e-01   -2.2000497724e+00
1.0000000000e+00   -2.1995528068e+00
1.0200000000e+00   -2.1818158989e+00
1.0400000000e+00   -2.1970389306e+00
1.0600000000e+00   -2.2021752686e+00
1.0800000000e+00   -2.1826068988e+00
1.1000000000e+00   -2.1937572678e+00
1.1200000000e+00   -2.2041531281e+00
1.1400000000e+00   -2.1842213204e+00
1.1600000000e+00   -2.1904350479e+00
1.1800000000e+00   -2.2053264272e+00
1.2000000000e+00   -2.1865671486e+00
1.2200000000e+00   -2.1873072010e+00
1.2400000000e+00   -2.2055870128e+00
1.2600000000e+00   -2.1895014973e+00
1.2800000000e+00   -2.1845987647e+00
1.3000000000e+00   -2.2048908041e+00
1.3200000000e+00   -2.1928344803e+00
1.3400000000e+00   -2.1825111559e+00
1.3600000000e+00   -2.2032650494e+00
1.3800000000e+00   -2.1963368006e+00
1.4000000000e+00   -2.1812098577e+00
1.4200000000e+00   -2.2008093236e+00
1.4400000000e+00   -2.1997515576e+00
1.4600000000e+00   -2.1808138310e+00
1.4800000000e+00   -2.1976899218e+00
1.5000000000e+00   -2.2028104066e+00
1.5200000000e+00   -2.1813868148e+00
1.5400000000e+00   -2.1941282877e+00
1.5600000000e+00   -2.2052535588e+00
1.5800000000e+00   -2.1829306557e+00
1.6000000000e+00   -2.1903848996e+00
1.6200000000e+00   -2.2068522656e+00
1.6400000000e+00   -2.1853809337e+00
1.6600000000e+00   -2.1867404621e+00
1.6800000000e+00   -2.2074315353e+00
1.7000000000e+00   -2.1886053752e+00
1.7200000000e+00   -2.1834762494e+00
1.7400000000e+00   -2.2068901797e+00
1.7600000000e+00   -2.1924058147e+00
1.7800000000e+00   -2.1808551139e+00
1.8000000000e+00   -2.2052151643e+00
1.8200000000e+00   -2.1965246924e+00
1.8400000000e+00   -2.1791041705e+00
1.8600000000e+00   -2.2024878161e+00
1.8800000000e+00   -2.2006571160e+00
1.9000000000e+00   -2.1783996675e+00
1.9200000000e+00   -2.1988806747e+00
1.9400000000e+00   -2.2044692344e+00
1.9600000000e+00   -2.1788542022e+00
1.9800000000e+00   -2.1946453264e+00
2.0000000000e+00   -2.2076229270e+00
2.0200000000e+00   -2.1805062996e+00
2.0400000000e+00   -2.1900929934e+00
2.0600000000e+00   -2.2098056027e+00
2.0800000000e+00   -2.1833124806e+00
2.1000000000e+00   -2.1855705396e+00
2.1200000000e+00   -2.2107623849e+00
2.1400000000e+00   -2.1871422681e+00
2.1600000000e+00   -2.1814347355e+00
2.1800000000e+00   -2.2103265728e+00
2.2000000000e+00   -2.1917770659e+00
2.2200000000e+00   -2.1780271688e+00
2.2400000000e+00   -2.2084435646e+00
2.2600000000e+00   -2.1969143658e+00
2.2800000000e+00   -2.1756513663e+00
2.3000000000e+00   -2.2051838992e+00
2.3200000000e+00   -2.2021791202e+00
2.3400000000e+00   -2.1745528211e+00
2.3600000000e+00   -2.2007427984e+00
2.3800000000e+00   -2.2071440795e+00
2.4000000000e+00   -2.1749019481e+00
2.4200000000e+00   -2.1954261409e+00
2.4400000000e+00   -2.2113601341e+00
2.4600000000e+00   -2.1767796629e+00
2.4800000000e+00   -2.1896253236e+00
2.5000000000e+00   -2.2143960152e+00
2.5200000000e+00   -2.1801653500e+00
2.5400000000e+00   -2.1837851459e+00
2.5600000000e+00   -2.2158841797e+00
2.5800000000e+00   -2.1849274507e+00
2.6000000000e+00   -2.1783692525e+00
2.6200000000e+00   -2.2155669574e+00
2.6400000000e+00   -2.1908176993e+00
2.6600000000e+00   -2.1738268955e+00
2.6800000000e+00   -2.2133351277e+00
2.7000000000e+00   -2.1974710624e+00
2.7200000000e+00   -2.1705633260e+00
2.7400000000e+00   -2.2092511861e+00
2.7600000000e+00   -2.2044144592e+00
2.7800000000e+00   -2.1689145735e+00
2.8000000000e+00   -2.2035521487e+00
2.8200000000e+00   -2.2110879263e+00
2.8400000000e+00   -2.1691261741e+00
2.8600000000e+00   -2.1966311856e+00
2.8800000000e+00   -2.2168814153e+00
2.9000000000e+00   -2.1713347801e+00
2.9200000000e+00   -2.1890020372e+00
2.9400000000e+00   -2.2211882120e+00
2.9600000000e+00   -2.1755515969e+00
2.9800000000e+00   -2.1812532757e+00
3.0000000000e+00   -2.2234717706e+00
3.0200000000e+00   -2.1816472275e+00
3.0400000000e+00   -2.1740000979e+00
3.0600000000e+00   -2.2233373164e+00
3.0800000000e+00   -2.1893387507e+00
3.1000000000e+00   -2.1678397250e+00
3.1200000000e+00   -2.2205949378e+00
3.1400000000e+00   -2.1981816737e+00
3.1600000000e+00   -2.1633136974e+00
3.1800000000e+00   -2.2152997921e+00
3.2000000000e+00   -2.2075715979e+00
3.2200000000e+00   -2.1608775447e+00
3.2400000000e+00   -2.2077591944e+00
3.2600000000e+00   -2.2167624674e+00
3.2800000000e+00   -2.1608762554e+00
3.3000000000e+00   -2.1985048035e+00
3.3200000000e+00   -2.2249089857e+00
3.3400000000e+00   -2.1635229179e+00
3.3600000000e+00   -2.1882373034e+00
3.3800000000e+00   -2.2311384933e+00
3.4000000000e+00   -2.1688778396e+00
3.4200000000e+00   -2.1777568413e+00
3.4400000000e+00   -2.2346508102e+00
3.4600000000e+00   -2.1768262672e+00
3.4800000000e+00   -2.1678930478e+00
3.5000000000e+00   -2.2348336230e+00
3.5200000000e+00   -2.1870545742e+00
3.5400000000e+00   -2.1594446101e+00
3.5600000000e+00   -2.2313697591e+00
3.5800000000e+00   -2.1990276411e+00
3.6000000000e+00   -2.1531326967e+00
3.6200000000e+00   -2.2243078919e+00
3.6400000000e+00   -2.2119742917e+00
3.6600000000e+00   -2.1495674437e+00
3.6800000000e+00   -2.2140753013e+00
3.7000000000e+00   -2.2248927235e+00
3.7200000000e+00   -2.1492234187e+00
3.7400000000e+00   -2.2014290316e+00
3.7600000000e+00   -2.2365921924e+00
3.7800000000e+00   -2.1524185481e+00
3.8000000000e+00   -2.1873613961e+00
3.8200000000e+00   -2.2457870243e+00
3.8400000000e+00   -2.1592909345e+00
3.8600000000e+00   -2.1729870814e+00
3.8800000000e+00   -2.2512491767e+00
3.9000000000e+00   -2.1697689270e+00
3.9200000000e+00   -2.1594379472e+00
3.9400000000e+00   -2.2520033679e+00
3.9600000000e+00   -2.1835317793e+00
3.9800000000e+00   -2.1477815947e+00
4.0000000000e+00   -2.2475205070e+00
4.0200000000e+00   -2.1999619189e+00
4.0400000000e+00   -2.1389678022e+00
4.0600000000e+00   -2.2378483021e+00
4.0800000000e+00   -2.2180964756e+00
4.1000000000e+00   -2.1337980185e+00
4.1200000000e+00   -2.2236306385e+00
4.1400000000e+00   -2.2365963545e+00
4.1600000000e+00   -2.1329086666e+00
4.1800000000e+00   -2.2060090788e+00
4.2000000000e+00   -2.2537647923e+00
4.2200000000e+00   -2.1367579140e+00
4.2400000000e+00   -2.1864458578e+00
4.2600000000e+00   -2.2676573626e+00
4.2800000000e+00   -2.1456060552e+00
4.3000000000e+00   -2.1665294018e+00
4.3200000000e+00   -2.2763168845e+00
4.3400000000e+00   -2.1594805299e+00
4.3600000000e+00   -2.1478130425e+00
4.3800000000e+00   -2.2781227931e+00
4.4000000000e+00   -2.1781177414e+00
4.4200000000e+00   -2.1317101141e+00
4.4400000000e+00   -2.2721691721e+00
4.4600000000e+00   -2.2008765169e+00
4.4800000000e+00   -2.1194433088e+00
4.5000000000e+00   -2.2585261318e+00
4.5200000000e+00   -2.2266255196e+00
4.5400000000e+00   -2.1120324136e+00
4.5600000000e+00   -2.2382620251e+00
4.5800000000e+00   -2.2536246753e+00
4.6000000000e+00   -2.1103012967e+00
4.6200000000e+00   -2.2132173689e+00
4.6400000000e+00   -2.2794543085e+00
4.6600000000e+00   -2.1148870028e+00
4.6800000000e+00   -2.1856420764e+00
4.7000000000e+00   -2.3010910940e+00
4.7200000000e+00   -2.1262364382e+00
4.7400000000e+00   -2.1578444729e+00
4.7600000000e+00   -2.3152532309e+00
4.7800000000e+00   -2.1445768258e+00
4.8000000000e+00   -2.1319487060e+00
4.8200000000e+00   -2.3190659033e+00
4.8400000000e+00   -2.1698441252e+00
4.8600000000e+00   -2.1097800662e+00
4.8800000000e+00   -2.3108854634e+00
4.9000000000e+00   -2.2015499345e+00
4.9200000000e+00   -2.0928482597e+00
4.9400000000e+00   -2.2908896786e+00
4.9600000000e+00   -2.2385664844e+00
4.9800000000e+00   -2.0823857106e+00
5.0000000000e+00   -2.2610722518e+00
5.0200000000e+00   -2.2788240442e+00
5.0400000000e+00   -2.0794056210e+00
5.0600000000e+00   -2.2246489914e+00
5.0800000000e+00   -2.3189734244e+00
5.1000000000e+00   -2.0847565233e+00
5.1200000000e+00   -2.1852450326e+00
5.1400000000e+00   -2.3542056901e+00
5.1600000000e+00   -2.0991580055e+00
5.1800000000e+00   -2.1462516583e+00
5.2000000000e+00   -2.3786207675e+00
5.2200000000e+00   -2.1232033341e+00
5.2400000000e+00   -2.1105067299e+00
5.2600000000e+00   -2.3865552184e+00
5.2800000000e+00   -2.1573074575e+00
5.3000000000e+00   -2.0802440824e+00
5.3200000000e+00   -2.3746769148e+00
5.3400000000e+00   -2.2015608428e+00
5.3600000000e+00   -2.0571902534e+00
5.3800000000e+00   -2.3435943612e+00
5.4000000000e+00   -2.2554173894e+00
5.4200000000e+00   -2.0427120323e+00
5.4400000000e+00   -2.2976362257e+00
5.4600000000e+00   -2.3171024056e+00
5.4800000000e+00   -2.0379636894e+00
5.5000000000e+00   -2.2430067139e+00
5.5200000000e+00   -2.3826219661e+00
5.5400000000e+00   -2.0440155613e+00
5.5600000000e+00   -2.1858011054e+00
5.5800000000e+00   -2.4444771480e+00
5.6000000000e+00   -2.0619618842e+00
5.6200000000e+00   -2.1309228756e+00
5.6400000000e+00   -2.4910379021e+00
5.6600000000e+00   -2.0930097705e+00
5.6800000000e+00   -2.0818983334e+00
5.7000000000e+00   -2.5089037592e+00
5.7200000000e+00   -2.1385451692e+00
5.7400000000e+00   -2.0411460288e+00
5.7600000000e+00   -2.4896076541e+00
5.7800000000e+00   -2.2001497506e+00
5.8000000000e+00   -2.0103538806e+00
5.8200000000e+00   -2.4357290923e+00
5.8400000000e+00   -2.2794811340e+00
5.8600000000e+00   -1.9908149606e+00
5.8800000000e+00   -2.3590402573e+00
5.9000000000e+00   -2.3777572445e+00
5.9200000000e+00   -1.9836947275e+00
5.9400000000e+00   -2.2731164334e+00
5.9600000000e+00   -2.4941225074e+00
5.9800000000e+00   -1.9902523520e+00
6.0000000000e+00   -2.1882946109e+00
6.0200000000e+00   -2.6211484859e+00
6.0400000000e+00   -2.0120564861e+00
6.0600000000e+00   -2.1108982201e+00
6.0800000000e+00   -2.7352745695e+00
6.1000000000e+00   -2.0512505327e+00
6.1200000000e+00   -2.0443686996e+00
6.1400000000e+00   -2.7900475017e+00
6.1600000000e+00   -2.1109572492e+00
6.1800000000e+00   -1.9905141908e+00
6.2000000000e+00   -2.7464887061e+00
6.2200000000e+00   -2.1960082896e+00
6.2400000000e+00   -1.9503792210e+00
6.2600000000e+00   -2.6235383183e+00
6.2800000000e+00   -2.3144690820e+00
6.3000000000e+00   -1.9247822967e+00
6.3200000000e+00   -2.4716925883e+00
6.3400000000e+00   -2.4814343815e+00
6.3600000000e+00   -1.9146658513e+00
6.3800000000e+00   -2.3243809462e+00
6.4000000000e+00   -2.7313562324e+00
6.4200000000e+00   -1.9213846816e+00
6.4400000000e+00   -2.1944839523e+00
6.4600000000e+00   -3.1867148485e+00
6.4800000000e+00   -1.9470488581e+00
6.5000000000e+00   -2.0851369646e+00
6.5200000000e+00   -3.7268703545e+00
6.5400000000e+00   -1.9950842924e+00
6.5600000000e+00   -1.9961688665e+00
6.5800000000e+00   -3.2623481099e+00
6.6000000000e+00   -2.0713674237e+00
6.6200000000e+00   -1.9266541892e+00
6.6400000000e+00   -3.4631258444e+00
6.6600000000e+00   -2.1869870914e+00
6.6800000000e+00   -1.8758182314e+00
6.7000000000e+00   -3.3351069237e+00
6.7200000000e+00   -2.3668122583e+00
6.7400000000e+00   -1.8433725197e+00
6.7600000000e+00   -2.7285138443e+00
6.7800000000e+00   -2.6908120914e+00
6.8000000000e+00   -1.8297038970e+00
6.8200000000e+00   -2.4181882193e+00
6.8400000000e+00   -4.0572513147e+00
6.8600000000e+00   -1.8361093485e+00
6.8800000000e+00   -2.2075512570e+00
6.9000000000e+00   -2.7254125955e+00
6.9200000000e+00   -1.8652419631e+00
6.9400000000e+00   -2.0526157381e+00
6.9600000000e+00   -2.5011094652e+00
6.9800000000e+00   -1.9220827674e+00
7.0000000000e+00   -1.9358078344e+00
7.0200000000e+00   -2.4273048359e+00
7.0400000000e+00   -2.0163426149e+00
7.0600000000e+00   -1.8484774311e+00
7.0800000000e+00   -2.4547336405e+00
7.1000000000e+00   -2.1697625579e+00
7.1200000000e+00   -1.7860566370e+00
7.1400000000e+00   -2.6199301360e+00
7.1600000000e+00   -2.4490224656e+00
7.1800000000e+00   -1.7463106651e+00
7.2000000000e+00   -3.3903465634e+00
7.2200000000e+00   -3.6106504313e+00
7.2400000000e+00   -1.7286864041e+00
7.2600000000e+00   -2.6214342390e+00
7.2800000000e+00   -2.5385052730e+00
7.3000000000e+00   -1.7342334283e+00
7.3200000000e+00   -2.2335060442e+00
7.3400000000e+00   -2.2540377591e+00
7.3600000000e+00   -1.7660679174e+00
7.3800000000e+00   -2.0124763996e+00
7.4000000000e+00   -2.1246211805e+00
7.4200000000e+00   -1.8308190166e+00
7.4400000000e+00   -1.8623312005e+00
7.4600000000e+00   -2.0732474687e+00
7.4800000000e+00   -1.9428266691e+00
7.5000000000e+00   -1.7557487709e+00
7.5200000000e+00   -2.0857204103e+00
7.5400000000e+00   -2.1396255960e+00
7.5600000000e+00   -1.6814638774e+00
7.5800000000e+00   -2.1752883013e+00
7.6000000000e+00   -2.5908867264e+00
7.6200000000e+00   -1.6343558158e+00
7.6400000000e+00   -2.4146501766e+00
7.6600000000e+00   -2.6377849178e+00
7.6800000000e+00   -1.6125700321e+00
7.7000000000e+00   -3.7457364458e+00
7.7200000000e+00   -2.1578923163e+00
7.7400000000e+00   -1.6167227927e+00
7.7600000000e+00   -2.2847855389e+00
7.7800000000e+00   -1.9603056675e+00
7.8000000000e+00   -1.6502448034e+00
7.8200000000e+00   -1.9642088657e+00
7.8400000000e+00   -1.8569670924e+00
7.8600000000e+00   -1.7212757439e+00
7.8800000000e+00   -1.7755330199e+00
7.9000000000e+00   -1.8121755603e+00
7.9200000000e+00   -1.8489446409e+00
7.9400000000e+00   -1.6491439267e+00
7.9600000000e+00   -1.8181962642e+00
7.9800000000e+00   -2.0907443970e+00
8.0000000000e+00   -1.5632981525e+00
8.0200000000e+00   -1.8830000989e+00
8.0400000000e+00   -2.9023926313e+00
8.0600000000e+00   -1.5091061388e+00
8.0800000000e+00   -2.0427398362e+00
8.1000000000e+00   -2.2273667377e+00
8.1200000000e+00   -1.4831418695e+00
8.1400000000e+00   -2.4885427480e+00
8.1600000000e+00   -1.8918318723e+00
8.1800000000e+00   -1.4854420730e+00
8.2000000000e+00   -2.3924243739e+00
8.2200000000e+00   -1.7250956855e+00
8.2400000000e+00   -1.5195704708e+00
8.2600000000e+00   -1.9078353785e+00
8.2800000000e+00   -1.6323326739e+00
8.3000000000e+00   -1.5948474189e+00
8.3200000000e+00   -1.6760129992e+00
8.3400000000e+00   -1.5896610447e+00
8.3600000000e+00   -1.7346040340e+00
8.3800000000e+00   -1.5300892463e+00
8.4000000000e+00   -1.5915155389e+00
8.4200000000e+00   -2.0173142272e+00
8.4400000000e+00   -1.4334138448e+00
8.4600000000e+00   -1.6436561188e+00
8.4800000000e+00   -3.3304897537e+00
8.5000000000e+00   -1.3726382917e+00
8.5200000000e+00   -1.7703101370e+00
8.5400000000e+00   -1.9557439488e+00
8.5600000000e+00   -1.3426181547e+00
8.5800000000e+00   -2.0677886448e+00
8.6000000000e+00   -1.6706426871e+00
8.6200000000e+00   -1.3427206453e+00
8.6400000000e+00   -2.6779018684e+00
8.6600000000e+00   -1.5176152948e+00
8.6800000000e+00   -1.3764668508e+00
8.7000000000e+00   -1.8440560134e+00
8.7200000000e+00   -1.4294109854e+00
8.7400000000e+00   -1.4539351940e+00
8.7600000000e+00   -1.5650535469e+00
8.7800000000e+00   -1.3869461441e+00
8.8000000000e+00   -1.6015276785e+00
8.8200000000e+00   -1.4004592099e+00
8.8400000000e+00   -1.3855172227e+00
8.8600000000e+00   -1.9155263683e+00
8.8800000000e+00   -1.2939021800e+00
8.9000000000e+00   -1.4296467713e+00
8.9200000000e+00   -2.5715632511e+00
8.9400000000e+00   -1.2271342307e+00
8.9600000000e+00   -1.5379454796e+00
8.9800000000e+00   -1.7354290775e+00
9.0000000000e+00   -1.1932575160e+00
9.0200000000e+00   -1.7753063139e+00
9.0400000000e+00   -1.4722039166e+00
9.0600000000e+00   -1.1909320011e+00
9.0800000000e+00   -2.9247354795e+00
9.1000000000e+00   -1.3253237201e+00
9.1200000000e+00   -1.2234919189e+00
9.1400000000e+00   -1.7743331279e+00
9.1600000000e+00   -1.2387051982e+00
9.1800000000e+00   -1.3013596716e+00
9.2000000000e+00   -1.4443719119e+00
9.2200000000e+00   -1.1954367584e+00
9.2400000000e+00   -1.4526965205e+00
9.2600000000e+00   -1.2622544890e+00
9.2800000000e+00   -1.1911228301e+00
9.3000000000e+00   -1.7852813524e+00
9.3200000000e+00   -1.1467896635e+00
9.3400000000e+00   -1.2294529319e+00
9.3600000000e+00   -2.2618919821e+00
9.3800000000e+00   -1.0746071550e+00
9.4000000000e+00   -1.3258156172e+00
9.4200000000e+00   -1.5408966560e+00
9.4400000000e+00   -1.0370957527e+00
9.4600000000e+00   -1.5300656160e+00
9.4800000000e+00   -1.2867340247e+00
9.5000000000e+00   -1.0322071606e+00
9.5200000000e+00   -2.1764086735e+00
9.5400000000e+00   -1.1419757026e+00
9.5600000000e+00   -1.0629844459e+00
9.5800000000e+00   -1.7009353033e+00
9.6000000000e+00   -1.0552556370e+00
9.6200000000e+00   -1.1398515171e+00
9.6400000000e+00   -1.3158446996e+00
9.6600000000e+00   -1.0105801735e+00
9.6800000000e+00   -1.2915460386e+00
9.7000000000e+00   -1.1173553930e+00
9.7200000000e+00   -1.0035745638e+00
9.7400000000e+00   -1.6302643043e+00
9.7600000000e+00   -9.9385321941e-01
9.7800000000e+00   -1.0372891252e+00
9.8000000000e+00   -2.0518859644e+00
9.8200000000e+00   -9.1675876653e-01
9.8400000000e+00   -1.1250047165e+00
9.8600000000e+00   -1.3612783903e+00
9.8800000000e+00   -8.7582142584e-01
9.9000000000e+00   -1.3078605536e+00
9.9200000000e+00   -1.1091416605e+00
9.9400000000e+00   -8.6830314951e-01
9.9600000000e+00   -1.8046573155e+00
9.9800000000e+00   -9.6409547204e-01
1.0000000000e+01   -8.9688793642e-01
1.0020000000e+01   -1.6270186256e+00
1.0040000000e+01   -8.7622644904e-01
1.0060000000e+01   -9.7175072839e-01
1.0080000000e+01   -1.1812860727e+00
1.0100000000e+01   -8.2975423247e-01
1.0120000000e+01   -1.1213043572e+00
1.0140000000e+01   -9.6738375500e-01
1.0160000000e+01   -8.2015340375e-01
1.0180000000e+01   -1.4563129256e+00
1.0200000000e+01   -8.3654717366e-01
1.0220000000e+01   -8.4993591807e-01
1.0240000000e+01   -1.8920139414e+00
1.0260000000e+01   -7.5494303965e-01
1.0280000000e+01   -9.3086281511e-01
1.0300000000e+01   -1.1910542200e+00
1.0320000000e+01   -7.1075718113e-01
1.0340000000e+01   -1.0983516625e+00
1.0360000000e+01   -9.3651800646e-01
1.0380000000e+01   -7.0058646990e-01
1.0400000000e+01   -1.5167791236e+00
1.0420000000e+01   -7.8961655553e-01
1.0440000000e+01   -7.2671576475e-01
1.0460000000e+01   -1.5568967815e+00
1.0480000000e+01   -6.9990585956e-01
1.0500000000e+01   -7.9890528505e-01
1.0520000000e+01   -1.0423141999e+00
1.0540000000e+01   -6.5137143912e-01
1.0560000000e+01   -9.4464132658e-01
1.0580000000e+01   -8.1365807064e-01
1.0600000000e+01   -6.3922343741e-01
1.0620000000e+01   -1.2694127961e+00
1.0640000000e+01   -6.7600653868e-01
1.0660000000e+01   -6.6549042864e-01
1.0680000000e+01   -1.7686671077e+00
1.0700000000e+01   -5.9019353994e-01
1.0720000000e+01   -7.4075159826e-01
1.0740000000e+01   -1.0271392938e+00
1.0760000000e+01   -5.4289947952e-01
1.0780000000e+01   -8.9631402125e-01
1.0800000000e+01   -7.6710648549e-01
1.0820000000e+01   -5.3007868103e-01
1.0840000000e+01   -1.2645830965e+00
1.0860000000e+01   -6.1726090835e-01
1.0880000000e+01   -5.5359566070e-01
1.0900000000e+01   -1.4968037578e+00
1.0920000000e+01   -5.2522707770e-01
1.0940000000e+01   -6.2269636441e-01
1.0960000000e+01   -9.0029965886e-01
1.0980000000e+01   -4.7444234862e-01
1.1000000000e+01   -7.6358656078e-01
1.1020000000e+01   -6.5720814346e-01
1.1040000000e+01   -4.5977043245e-01
1.1060000000e+01   -1.0744665192e+00
1.1080000000e+01   -5.1308923208e-01
1.1100000000e+01   -4.8278720500e-01
1.1120000000e+01   -1.6818488542e+00
1.1140000000e+01   -4.2327784371e-01
1.1160000000e+01   -5.5309747915e-01
1.1180000000e+01   -8.6772299408e-01
1.1200000000e+01   -3.7298009534e-01
1.1220000000e+01   -6.9884771265e-01
1.1240000000e+01   -5.9981217811e-01
1.1260000000e+01   -3.5752396079e-01
1.1280000000e+01   -1.0311294054e+00
1.1300000000e+01   -4.4622050116e-01
1.1320000000e+01   -3.7834401201e-01
1.1340000000e+01   -1.4569489581e+00
1.1360000000e+01   -3.5151388562e-01
1.1380000000e+01   -4.4411912627e-01
1.1400000000e+01   -7.5637058575e-01
1.1420000000e+01   -2.9834095924e-01
1.1440000000e+01   -5.7959868066e-01
1.1460000000e+01   -4.9881808323e-01
1.1480000000e+01   -2.8115564740e-01
1.1500000000e+01   -8.7497266787e-01
1.1520000000e+01   -3.4843074091e-01
1.1540000000e+01   -3.0109826739e-01
1.1560000000e+01   -1.6448971388e+00
1.1580000000e+01   -2.5475638914e-01
1.1600000000e+01   -3.6693390657e-01
1.1620000000e+01   -7.1172975290e-01
1.1640000000e+01   -2.0152815751e-01
1.1660000000e+01   -5.0425036901e-01
1.1680000000e+01   -4.3394261755e-01
1.1700000000e+01   -1.8345598327e-01
1.1720000000e+01   -8.0869135811e-01
1.1740000000e+01   -2.7597973062e-01
1.1760000000e+01   -2.0154132474e-01
1.1780000000e+01   -1.4577729416e+00
1.1800000000e+01   -1.7833516252e-01
1.1820000000e+01   -2.6387393723e-01
1.1840000000e+01   -6.1144855159e-01
1.1860000000e+01   -1.2266949316e-01
1.1880000000e+01   -3.9368760046e-01
1.1900000000e+01   -3.3907684015e-01
1.1920000000e+01   -1.0297477864e-01
1.1940000000e+01   -6.7321428587e-01
1.1960000000e+01   -1.8249665564e-01
1.1980000000e+01   -1.1996503962e-01
1.2000000000e+01   -1.7051583362e+00
1.2020000000e+01   -8.5034805237e-02
1.2040000000e+01   -1.8165755760e-01
1.2060000000e+01   -5.5854155891e-01
1.2080000000e+01   -2.8923347318e-02
1.2100000000e+01   -3.1148729299e-01
1.2120000000e+01   -2.6906010891e-01
1.2140000000e+01   -8.2544835244e-03
1.2160000000e+01   -5.9322932696e-01
1.2180000000e+01   -1.0621016678e-01
1.2200000000e+01   -2.3596439660e-02
1.2220000000e+01   -1.5566049064e+00
1.2240000000e+01   -5.4171643742e-03
1.2260000000e+01   -8.2446847780e-02
1.2280000000e+01   -4.6629647145e-01
1.2300000000e+01   5.2823520817e-02
1.2320000000e+01   -2.0653560085e-01
1.2340000000e+01   -1.7842529354e-01
1.2360000000e+01   7.5027029035e-02
1.2380000000e+01   -4.7059087796e-01
1.2400000000e+01   -1.5626975949e-02
1.2420000000e+01   6.0901181984e-02
1.2440000000e+01   -2.1716178164e+00
1.2460000000e+01   8.5593907617e-02
1.2480000000e+01   3.1106843026e-03
1.2500000000e+01   -4.0784556277e-01
1.2520000000e+01   1.4456222459e-01
1.2540000000e+01   -1.1991563333e-01
1.2560000000e+01   -1.0489287814e-01
1.2580000000e+01   1.6781072050e-01
1.2600000000e+01   -3.8244633609e-01
1.2620000000e+01   6.3294592841e-02
1.2640000000e+01   1.5520355784e-01
1.2660000000e+01   -2.1812689318e+00
1.2680000000e+01   1.6741137925e-01
1.2700000000e+01   9.9827121472e-02
1.2720000000e+01   -3.2156812483e-01
1.2740000000e+01   2.2829462007e-01
1.2760000000e+01   -1.8596270036e-02
1.2780000000e+01   -1.7195567489e-02
1.2800000000e+01   2.5300820293e-01
1.2820000000e+01   -2.6791731070e-01
1.2840000000e+01   1.5192912605e-01
1.2860000000e+01   2.4168046673e-01
1.2880000000e+01   -1.5905669122e+00
1.2900000000e+01   2.5691726873e-01
1.2920000000e+01   1.8760882815e-01
1.2940000000e+01   -2.5954827227e-01
1.2960000000e+01   3.1873268498e-01
1.2980000000e+01   7.0869664182e-02
1.3000000000e+01   5.8720469179e-02
1.3020000000e+01   3.4454712057e-01
1.3040000000e+01   -1.7495823520e-01
1.3060000000e+01   2.3266047798e-01
1.3080000000e+01   3.3465654870e-01
1.3100000000e+01   -1.3865321348e+00
1.3120000000e+01   3.4025451191e-01
1.3140000000e+01   2.8271730644e-01
1.3160000000e+01   -1.7785517582e-01
1.3180000000e+01   4.0383838252e-01
1.3200000000e+01   1.6983198031e-01
1.3220000000e+01   1.4435810571e-01
1.3240000000e+01   4.3106459539e-01
1.3260000000e+01   -6.5642506074e-02
1.3280000000e+01   3.1998720238e-01
1.3300000000e+01   4.2248290444e-01
1.3320000000e+01   -1.0276697554e+00
1.3340000000e+01   4.2877973178e-01
1.3360000000e+01   3.7198505862e-01
1.3380000000e+01   -1.1372920028e-01
1.3400000000e+01   4.9344569049e-01
1.3420000000e+01   2.6112614992e-01
1.3440000000e+01   2.2186655460e-01
1.3460000000e+01   5.2181610305e-01
1.3480000000e+01   3.0107138423e-02
1.3500000000e+01   4.0195999048e-01
1.3520000000e+01   5.1461913820e-01
1.3540000000e+01   -8.6456481634e-01
1.3560000000e+01   5.1317205530e-01
1.3580000000e+01   4.6606428521e-01
1.3600000000e+01   -3.5731671648e-02
1.3620000000e+01   5.7950890866e-01
1.3640000000e+01   3.5855415403e-01
1.3660000000e+01   3.0603601883e-01
1.3680000000e+01   6.0925142058e-01
1.3700000000e+01   1.3600541634e-01
1.3720000000e+01   4.8840846548e-01
1.3740000000e+01   6.0337341076e-01
1.3760000000e+01   -6.4652062226e-01
1.3780000000e+01   6.0106575357e-01
1.3800000000e+01   5.5633005710e-01
1.3820000000e+01   2.9378862830e-02
1.3840000000e+01   6.6859630617e-01
1.3860000000e+01   4.5101855652e-01
1.3880000000e+01   3.8458038053e-01
1.3900000000e+01   6.9951646567e-01
1.3920000000e+01   2.3332050085e-01
1.3940000000e+01   5.7123002773e-01
1.3960000000e+01   6.9498832384e-01
1.3980000000e+01   -4.9981742440e-01
1.4000000000e+01   6.8619477624e-01
1.4020000000e+01   6.4975694467e-01
1.4040000000e+01   1.0420136073e-01
1.4060000000e+01   7.5533394043e-01
1.4080000000e+01   5.4744338458e-01
1.4100000000e+01   4.6767564617e-01
1.4120000000e+01   7.8759759404e-01
1.4140000000e+01   3.3692772042e-01
1.4160000000e+01   6.5708610951e-01
1.4180000000e+01   7.8438780407e-01
1.4200000000e+01   -3.2940003569e-01
1.4220000000e+01   7.7368781830e-01
1.4240000000e+01   7.4069764477e-01
1.4260000000e+01   1.6938810950e-01
1.4280000000e+01   8.4410571046e-01
1.4300000000e+01   6.4065265593e-01
1.4320000000e+01   5.4686044031e-01
1.4340000000e+01   8.7757296119e-01
1.4360000000e+01   4.3506838871e-01
1.4380000000e+01   7.4048370808e-01
1.4400000000e+01   8.7568885809e-01
1.4420000000e+01   -1.9286190375e-01
1.4440000000e+01   8.5933443863e-01
1.4460000000e+01   8.3371683870e-01
1.4480000000e+01   2.4126639679e-01
1.4500000000e+01   9.3132418126e-01
1.4520000000e+01   7.3641735579e-01
1.4540000000e+01   6.2913886134e-01
1.4560000000e+01   9.6611514671e-01
1.4580000000e+01   5.3709920867e-01
1.4600000000e+01   8.2593559994e-01
1.4620000000e+01   9.6554328083e-01
1.4640000000e+01   -4.5382071040e-02
1.4660000000e+01   9.4657804528e-01
1.4680000000e+01   9.2511807144e-01
1.4700000000e+01   3.0573228174e-01
1.4720000000e+01   1.0199133469e+00
1.4740000000e+01   8.3009652980e-01
1.4760000000e+01   7.0867848945e-01
1.4780000000e+01   1.0559283974e+00
1.4800000000e+01   6.3562131326e-01
1.4820000000e+01   9.0971823228e-01
1.4840000000e+01   1.0566646082e+00
1.4860000000e+01   8.3970357706e-02
1.4880000000e+01   1.0325904760e+00
1.4900000000e+01   1.0178876205e+00
1.4920000000e+01   3.7464726539e-01
1.4940000000e+01   1.1074794545e+00
1.4960000000e+01   9.2542274150e-01
1.4980000000e+01   7.9030246561e-01
1.5000000000e+01   1.1448054115e+00
1.5020000000e+01   7.3653479459e-01
1.5040000000e+01   9.9488781721e-01
1.5060000000e+01   1.1468452534e+00
1.5080000000e+01   2.1838938385e-01
1.5100000000e+01   1.1196823386e+00
1.5120000000e+01   1.1096066050e+00
1.5140000000e+01   4.3761568503e-01
1.5160000000e+01   1.1959714959e+00
1.5180000000e+01   1.0193940628e+00
1.5200000000e+01   8.6998568270e-01
1.5220000000e+01   1.2345382135e+00
1.5240000000e+01   8.3517467157e-01
1.5260000000e+01   1.0789200966e+00
1.5280000000e+01   1.2378726763e+00
1.5300000000e+01   3.4235327417e-01
1.5320000000e+01   1.2059544139e+00
1.5340000000e+01   1.2022279428e+00
1.5360000000e+01   5.0330147029e-01
1.5380000000e+01   1.2837927653e+00
1.5400000000e+01   1.1144250182e+00
1.5420000000e+01   9.5105102838e-01
1.5440000000e+01   1.3236630820e+00
1.5460000000e+01   9.3526982464e-01
1.5480000000e+01   1.1638842195e+00
1.5500000000e+01   1.3282918100e+00
1.5520000000e+01   4.6851998042e-01
1.5540000000e+01   1.2929563175e+00
1.5560000000e+01   1.2941690898e+00
1.5580000000e+01   5.6392020512e-01
1.5600000000e+01   1.3722415272e+00
1.5620000000e+01   1.2085735575e+00
1.5640000000e+01   1.0307161653e+00
1.5660000000e+01   1.4133667623e+00
1.5680000000e+01   1.0338739525e+00
1.5700000000e+01   1.2480685232e+00
1.5720000000e+01   1.4192794054e+00
1.5740000000e+01   5.8830371475e-01
1.5760000000e+01   1.3794127883e+00
1.5780000000e+01   1.3867067017e+00
1.5800000000e+01   6.2582341954e-01
1.5820000000e+01   1.4602529683e+00
1.5840000000e+01   1.3034018295e+00
1.5860000000e+01   1.1112712670e+00
1.5880000000e+01   1.5026788639e+00
1.5900000000e+01   1.1333487004e+00
1.5920000000e+01   1.3328734164e+00
1.5940000000e+01   1.5098766131e+00
1.5960000000e+01   7.0885933904e-01
1.5980000000e+01   1.4663624823e+00
1.6000000000e+01   1.4788055399e+00
1.6020000000e+01   6.8303926278e-01
1.6040000000e+01   1.5486913111e+00
1.6060000000e+01   1.3976532590e+00
1.6080000000e+01   1.1907888091e+00
1.6100000000e+01   1.5923847603e+00
1.6120000000e+01   1.2318306193e+00
1.6140000000e+01   1.4171376850e+00
1.6160000000e+01   1.6008576653e+00
1.6180000000e+01   8.2532444728e-01
1.6200000000e+01   1.5529490555e+00
1.6220000000e+01   1.5712998511e+00
1.6240000000e+01   7.4021121884e-01
1.6260000000e+01   1.6368465064e+00
1.6280000000e+01   1.4923386772e+00
1.6300000000e+01   1.2708473682e+00
1.6320000000e+01   1.6818411950e+00
1.6340000000e+01   1.3308184568e+00
1.6360000000e+01   1.5018087191e+00
1.6380000000e+01   1.6915907739e+00
1.6400000000e+01   9.4184776812e-01
1.6420000000e+01   1.6398682353e+00
1.6440000000e+01   1.6635124544e+00
1.6460000000e+01   7.9257034757e-01
1.6480000000e+01   1.7252934241e+00
1.6500000000e+01   1.5866449068e+00
1.6520000000e+01   1.3501075158e+00
1.6540000000e+01   1.7715675341e+00
1.6560000000e+01   1.4291323281e+00
1.6580000000e+01   1.5860981083e+00
1.6600000000e+01   1.7825850038e+00
1.6620000000e+01   1.0556310060e+00
1.6640000000e+01   1.7265448265e+00
1.6660000000e+01   1.7559882676e+00
1.6680000000e+01   8.4343168381e-01
1.6700000000e+01   1.8135585317e+00
1.6720000000e+01   1.6812261306e+00
1.6740000000e+01   1.4296567763e+00
1.6760000000e+01   1.8611373500e+00
1.6780000000e+01   1.5277252727e+00
1.6800000000e+01   1.6706463592e+00
1.6820000000e+01   1.8734240516e+00
1.6840000000e+01   1.1691283388e+00
1.6860000000e+01   1.8134444873e+00
1.6880000000e+01   1.8482843010e+00
1.6900000000e+01   8.8870279789e-01
1.6920000000e+01   1.9020238994e+00
1.6940000000e+01   1.7755560249e+00
1.6960000000e+01   1.5085603130e+00
1.6980000000e+01   1.9508938064e+00
1.7000000000e+01   1.6258496355e+00
1.7020000000e+01   1.7549175140e+00
1.7040000000e+01   1.9644423806e+00
1.7060000000e+01   1.2807121453e+00
1.7080000000e+01   1.9001806502e+00
1.7100000000e+01   1.9407563133e+00
1.7120000000e+01   9.3051901081e-01
1.7140000000e+01   1.9903736173e+00
1.7160000000e+01   1.8700580199e+00
1.7180000000e+01   1.5875660467e+00
1.7200000000e+01   2.0405541386e+00
1.7220000000e+01   1.7241126946e+00
1.7240000000e+01   1.8393441601e+00
1.7260000000e+01   2.0553656129e+00
1.7280000000e+01   1.3918587379e+00
1.7300000000e+01   1.9870646673e+00
1.7320000000e+01   2.0331144596e+00
1.7340000000e+01   9.6485738286e-01
1.7360000000e+01   2.0788613487e+00
1.7380000000e+01   1.9643913987e+00
1.7400000000e+01   1.6660173193e+00
1.7420000000e+01   2.1303448517e+00
1.7440000000e+01   1.8220404944e+00
1.7460000000e+01   1.9235612690e+00
1.7480000000e+01   2.1464132954e+00
1.7500000000e+01   1.5016155565e+00
1.7520000000e+01   2.0738364921e+00
1.7540000000e+01   2.1255908641e+00
1.7560000000e+01   9.9242760268e-01
1.7580000000e+01   2.1672761961e+00
1.7600000000e+01   2.0588302696e+00
1.7620000000e+01   1.7444263921e+00
1.7640000000e+01   2.2200783370e+00
1.7660000000e+01   1.9200208507e+00
1.7680000000e+01   2.0078605098e+00
1.7700000000e+01   2.2374045025e+00
1.7720000000e+01   1.6108841339e+00
1.7740000000e+01   2.1607040082e+00
1.7760000000e+01   2.2179958137e+00
1.7780000000e+01   1.0081253785e+00
1.7800000000e+01   2.2557863386e+00
1.7820000000e+01   2.1531540294e+00
1.7840000000e+01   1.8223275125e+00
1.7860000000e+01   2.3099039004e+00
1.7880000000e+01   2.0177533310e+00
1.7900000000e+01   2.0919925611e+00
1.7920000000e+01   2.3284831804e+00
1.7940000000e+01   1.7191059159e+00
1.7960000000e+01   2.2474920126e+00
1.7980000000e+01   2.3104806477e+00
1.8000000000e+01   1.0097360578e+00
1.8020000000e+01   2.3442508227e+00
1.8040000000e+01   2.2475401441e+00
1.8060000000e+01   1.9000685217e+00
1.8080000000e+01   2.3996969452e+00
1.8100000000e+01   2.1154862180e+00
1.8120000000e+01   2.1761535249e+00
1.8140000000e+01   2.4195299260e+00
1.8160000000e+01   1.8268394197e+00
1.8180000000e+01   2.3343390196e+00
1.8200000000e+01   2.4029211160e+00
1.8220000000e+01   9.8709898854e-01
1.8240000000e+01   2.4327809408e+00
1.8260000000e+01   2.3418457519e+00
1.8280000000e+01   1.9773140933e+00
1.8300000000e+01   2.4895557144e+00
1.8320000000e+01   2.2130291984e+00
1.8340000000e+01   2.2601723739e+00
1.8360000000e+01   2.5106389721e+00
1.8380000000e+01   1.9337580387e+00
1.8400000000e+01   2.4211267092e+00
1.8420000000e+01   2.4954157875e+00
1.8440000000e+01   9.2602715332e-01
1.8460000000e+01   2.5212823172e+00
1.8480000000e+01   2.4361857615e+00
1.8500000000e+01   2.0542963046e+00
1.8520000000e+01   2.5793973310e+00
1.8540000000e+01   2.3105416916e+00
1.8560000000e+01   2.3441803314e+00
1.8580000000e+01   2.6017314128e+00
1.8600000000e+01   2.0402128832e+00
1.8620000000e+01   2.5079470898e+00
1.8640000000e+01   2.5878832076e+00
1.8660000000e+01   7.7962655926e-01
1.8680000000e+01   2.6098284023e+00
1.8700000000e+01   2.5304676345e+00
1.8720000000e+01   2.1307680558e+00
1.8740000000e+01   2.6692862790e+00
1.8760000000e+01   2.4079033176e+00
1.8780000000e+01   2.4280593069e+00
1.8800000000e+01   2.6928688055e+00
1.8820000000e+01   2.1460146545e+00
1.8840000000e+01   2.5947199692e+00
1.8860000000e+01   2.6803874846e+00
1.8880000000e+01   3.1592452823e-01
1.8900000000e+01   2.6983558337e+00
1.8920000000e+01   2.6247657792e+00
1.8940000000e+01   2.2068786305e+00
1.8960000000e+01   2.7591673011e+00
1.8980000000e+01   2.5052168056e+00
1.9000000000e+01   2.5118964028e+00
1.9020000000e+01   2.7839989006e+00
1.9040000000e+01   2.2513875504e+00
1.9060000000e+01   2.6815061742e+00
1.9080000000e+01   2.7728751423e+00
1.9100000000e+01   6.0919154318e-01
1.9120000000e+01   2.7869128973e+00
1.9140000000e+01   2.7190202371e+00
1.9160000000e+01   2.2824393292e+00
1.9180000000e+01   2.8490825744e+00
1.9200000000e+01   2.6024062066e+00
1.9220000000e+01   2.5956092664e+00
1.9240000000e+01   2.8751617902e+00
1.9260000000e+01   2.3562237746e+00
1.9280000000e+01   2.7682510605e+00
1.9300000000e+01   2.8653877931e+00
1.9320000000e+01   1.1181580520e+00
1.9340000000e+01   2.8754568791e+00
1.9360000000e+01   2.8132791920e+00
1.9380000000e+01   2.3575385807e+00
1.9400000000e+01   2.9389951270e+00
1.9420000000e+01   2.6995380189e+00
1.9440000000e+01   2.6792549112e+00
1.9460000000e+01   2.9663227718e+00
1.9480000000e+01   2.4606689794e+00
1.9500000000e+01   2.8549945415e+00
1.9520000000e+01   2.9578902538e+00
1.9540000000e+01   1.4183822706e+00
1.9560000000e+01   2.9640193366e+00
1.9580000000e+01   2.9075037799e+00
1.9600000000e+01   2.4320244781e+00
1.9620000000e+01   3.0289324041e+00
1.9640000000e+01   2.7965645246e+00
1.9660000000e+01   2.7627750417e+00
1.9680000000e+01   3.0575078447e+00
1.9700000000e+01   2.5646637267e+00
1.9720000000e+01   2.9416990820e+00
1.9740000000e+01   3.0504094575e+00
1.9760000000e+01   1.6494980127e+00
1.9780000000e+01   3.0525713021e+00
1.9800000000e+01   3.0017252014e+00
1.9820000000e+01   2.5059385741e+00
1.9840000000e+01   3.1188695410e+00
1.9860000000e+01   2.8935290204e+00
1.9880000000e+01   2.8462060558e+00
1.9900000000e+01   3.1486938594e+00
1.9920000000e+01   2.6683045001e+00
1.9940000000e+01   3.0283905587e+00
1.9960000000e+01   3.1429221837e+00
1.9980000000e+01   1.8463508439e+00
2.0000000000e+01   3.1411332163e+00
2.0020000000e+01   3.0959182519e+00
2.0040000000e+01   2.5791493470e+00
2.0060000000e+01   3.2088242607e+00
2.0080000000e+01   2.9904017190e+00
2.0100000000e+01   2.9295057645e+00
2.0120000000e+01   3.2398975695e+00
2.0140000000e+01   2.7715604356e+00
2.0160000000e+01   3.1150428831e+00
2.0180000000e+01   3.2354457924e+00
2.0200000000e+01   2.0221887539e+00
2.0220000000e+01   3.2296852618e+00
2.0240000000e+01   3.1901031320e+00
2.0260000000e+01   2.6516593912e+00
2.0280000000e+01   3.2987797161e+00
2.0300000000e+01   3.0872110258e+00
2.0320000000e+01   3.0126963323e+00
2.0340000000e+01   3.3311034344e+00
2.0360000000e+01   2.8744968689e+00
2.0380000000e+01   3.2016724995e+00
2.0400000000e+01   3.3279648880e+00
2.0420000000e+01   2.1841768932e+00
2.0440000000e+01   3.3182404938e+00
2.0460000000e+01   3.2842634819e+00
2.0480000000e+01   2.7233440137e+00
2.0500000000e+01   3.3887472197e+00
2.0520000000e+01   3.1839385294e+00
2.0540000000e+01   3.0957462437e+00
2.0560000000e+01   3.4223221483e+00
2.0580000000e+01   2.9770996652e+00
2.0600000000e+01   3.2882609632e+00
2.0620000000e+01   3.4204905923e+00
2.0640000000e+01   2.3360855675e+00
2.0660000000e+01   3.4067851844e+00
2.0680000000e+01   3.3784123774e+00
2.0700000000e+01   2.7941696491e+00
2.0720000000e+01   3.4787152352e+00
2.0740000000e+01   3.2806030532e+00
2.0760000000e+01   3.1786677116e+00
2.0780000000e+01   3.5135431835e+00
2.0800000000e+01   3.0794141725e+00
2.0820000000e+01   3.3748183665e+00
2.0840000000e+01   3.5130126296e+00
2.0860000000e+01   2.4805279490e+00
2.0880000000e+01   3.4953274839e+00
2.0900000000e+01   3.4725391845e+00
2.0920000000e+01   2.8640056217e+00
2.0940000000e+01   3.5686908529e+00
2.0960000000e+01   3.3771933886e+00
2.0980000000e+01   3.2614361560e+00
2.1000000000e+01   3.6047732687e+00
2.1020000000e+01   3.1814358871e+00
2.1040000000e+01   3.4613313517e+00
2.1060000000e+01   3.6055380616e+00
2.1080000000e+01   2.6190751569e+00
2.1100000000e+01   3.5838577137e+00
2.1120000000e+01   3.5666523654e+00
2.1140000000e+01   2.9327798743e+00
2.1160000000e+01   3.6586660551e+00
2.1180000000e+01   3.4737221743e+00
2.1200000000e+01   3.3440566887e+00
2.1220000000e+01   3.6960051802e+00
2.1240000000e+01   3.2831971472e+00
2.1260000000e+01   3.5478057187e+00
2.1280000000e+01   3.6980599630e+00
2.1300000000e+01   2.7529598491e+00
2.1320000000e+01   3.6723807678e+00
2.1340000000e+01   3.6607449902e+00
2.1360000000e+01   3.0003413244e+00
2.1380000000e+01   3.7486451561e+00
2.1400000000e+01   3.5701827459e+00
2.1420000000e+01   3.4265090631e+00
2.1440000000e+01   3.7872430574e+00
2.1460000000e+01   3.3846988333e+00
2.1480000000e+01   3.6342314735e+00
2.1500000000e+01   3.7905827585e+00
2.1520000000e+01   2.8829849931e+00
2.1540000000e+01   3.7608896557e+00
2.1560000000e+01   3.7548225357e+00
2.1580000000e+01   3.0665706951e+00
2.1600000000e+01   3.8386224680e+00
2.1620000000e+01   3.6665837372e+00
2.1640000000e+01   3.5087931590e+00
2.1660000000e+01   3.8784818542e+00
2.1680000000e+01   3.4859646812e+00
2.1700000000e+01   3.7206114993e+00
2.1720000000e+01   3.8831017147e+00
2.1740000000e+01   3.0098252694e+00
2.1760000000e+01   3.8493871118e+00
2.1780000000e+01   3.8488804646e+00
2.1800000000e+01   3.1312770478e+00
2.1820000000e+01   3.9286004863e+00
2.1840000000e+01   3.7629213326e+00
2.1860000000e+01   3.5908912136e+00
2.1880000000e+01   3.9697240260e+00
2.1900000000e+01   3.5869984237e+00
2.1920000000e+01   3.8069379986e+00
2.1940000000e+01   3.9756195501e+00
2.1960000000e+01   3.1339469653e+00
2.1980000000e+01   3.9378679221e+00
2.2000000000e+01   3.9429223261e+00
2.2020000000e+01   3.1942753243e+00
2.2040000000e+01   4.0185750628e+00
2.2060000000e+01   3.8592015638e+00
2.2080000000e+01   3.6727990659e+00
2.2100000000e+01   4.0609659597e+00
2.2120000000e+01   3.6878180114e+00
2.2140000000e+01   3.8932118571e+00
2.2160000000e+01   4.0681329621e+00
2.2180000000e+01   3.2557574092e+00
2.2200000000e+01   4.0263333923e+00
2.2220000000e+01   4.0369451215e+00
2.2240000000e+01   3.2553041168e+00
2.2260000000e+01   4.1085475079e+00
2.2280000000e+01   3.9554223816e+00
2.2300000000e+01   3.7545000754e+00
2.2320000000e+01   4.1522090233e+00
2.2340000000e+01   3.7884285320e+00
2.2360000000e+01   3.9794266783e+00
2.2380000000e+01   4.1606435723e+00
2.2400000000e+01   3.3755519359e+00
2.2420000000e+01   4.1147794746e+00
2.2440000000e+01   4.1309511591e+00
2.2460000000e+01   3.3140761368e+00
2.2480000000e+01   4.1985146893e+00
2.2500000000e+01   4.0515881172e+00
2.2520000000e+01   3.8359867389e+00
2.2540000000e+01   4.2434505492e+00
2.2560000000e+01   3.8888439566e+00
2.2580000000e+01   4.0655819493e+00
2.2600000000e+01   4.2531490184e+00
2.2620000000e+01   3.4935943247e+00
2.2640000000e+01   4.2032065178e+00
2.2660000000e+01   4.2249384381e+00
2.2680000000e+01   3.3702048843e+00
2.2700000000e+01   4.2884771373e+00
2.2720000000e+01   4.1476978200e+00
2.2740000000e+01   3.9172425272e+00
2.2760000000e+01   4.3346911922e+00
2.2780000000e+01   3.9890699021e+00
2.2800000000e+01   4.1516721609e+00
2.2820000000e+01   4.3456501997e+00
2.2840000000e+01   3.6100837938e+00
2.2860000000e+01   4.2916112600e+00
2.2880000000e+01   4.3189084419e+00
2.2900000000e+01   3.4232269341e+00
2.2920000000e+01   4.3784324143e+00
2.2940000000e+01   4.2437546647e+00
2.2960000000e+01   3.9982568712e+00
2.2980000000e+01   4.4259289328e+00
2.3000000000e+01   4.0891174857e+00
2.3020000000e+01   4.2376957574e+00
2.3040000000e+01   4.4381453954e+00
2.3060000000e+01   3.7252003432e+00
2.3080000000e+01   4.3799933804e+00
2.3100000000e+01   4.4128598399e+00
2.3120000000e+01   3.4725205869e+00
2.3140000000e+01   4.4683805179e+00
2.3160000000e+01   4.3397583990e+00
2.3180000000e+01   4.0790125442e+00
2.3200000000e+01   4.5171639471e+00
2.3220000000e+01   4.1889924063e+00
2.3240000000e+01   4.3236477704e+00
2.3260000000e+01   4.5306350245e+00
2.3280000000e+01   3.8390848915e+00
2.3300000000e+01   4.4683501447e+00
2.3320000000e+01   4.5067935649e+00
2.3340000000e+01   3.5172834814e+00
2.3360000000e+01   4.5583194843e+00
2.3380000000e+01   4.4357114065e+00
2.3400000000e+01   4.1594959463e+00
2.3420000000e+01   4.6083946564e+00
2.3440000000e+01   4.2887037057e+00
2.3460000000e+01   4.4095258479e+00
2.3480000000e+01   4.6231177967e+00
2.3500000000e+01   3.9518654670e+00
2.3520000000e+01   4.5566807704e+00
2.3540000000e+01   4.6007087237e+00
2.3560000000e+01   3.5564030845e+00
2.3580000000e+01   4.6482489602e+00
2.3600000000e+01   4.5316138532e+00
2.3620000000e+01   4.2396883593e+00
2.3640000000e+01   4.6996209271e+00
2.3660000000e+01   4.3882568899e+00
2.3680000000e+01   4.4953252940e+00
2.3700000000e+01   4.7155938219e+00
2.3720000000e+01   4.0636454441e+00
2.3740000000e+01   4.6449828616e+00
2.3760000000e+01   4.6946058903e+00
2.3780000000e+01   3.5883238378e+00
2.3800000000e+01   4.7381672970e+00
2.3820000000e+01   4.6274675842e+00
2.3840000000e+01   4.3195729695e+00
2.3860000000e+01   4.7908414761e+00
2.3880000000e+01   4.4876594665e+00
2.3900000000e+01   4.5810431224e+00
2.3920000000e+01   4.8080620963e+00
2.3940000000e+01   4.1745190061e+00
2.3960000000e+01   4.7332553137e+00
2.3980000000e+01   4.7884844537e+00
2.4000000000e+01   3.6107266371e+00
2.4020000000e+01   4.8280739109e+00
2.4040000000e+01   4.7232730048e+00
2.4060000000e+01   4.3991287590e+00
2.4080000000e+01   4.8820559721e+00
2.4100000000e+01   4.5869166083e+00
2.4120000000e+01   4.6666747131e+00
2.4140000000e+01   4.9005225329e+00
2.4160000000e+01   4.2845642130e+00
2.4180000000e+01   4.8214959400e+00
2.4200000000e+01   4.8823447541e+00
2.4220000000e+01   3.6199792695e+00
2.4240000000e+01   4.9179673626e+00
2.4260000000e+01   4.8190315865e+00
2.4280000000e+01   4.4783352724e+00
2.4300000000e+01   4.9732633312e+00
2.4320000000e+01   4.6860346599e+00
2.4340000000e+01   4.7522165380e+00
2.4360000000e+01   4.9929743195e+00
2.4380000000e+01   4.3938523039e+00
2.4400000000e+01   4.9097034039e+00
2.4420000000e+01   4.9761863621e+00
2.4440000000e+01   3.6098553843e+00
2.4460000000e+01   5.0078469163e+00
2.4480000000e+01   4.9147438618e+00
2.4500000000e+01   4.5571682901e+00
2.4520000000e+01   5.0644630969e+00
2.4540000000e+01   4.7850184011e+00
2.4560000000e+01   4.8376639040e+00
2.4580000000e+01   5.0854172449e+00
2.4600000000e+01   4.5024436330e+00
2.4620000000e+01   4.9978756381e+00
2.4640000000e+01   5.0700094651e+00
2.4660000000e+01   3.5683291917e+00
2.4680000000e+01   5.0977112706e+00
2.4700000000e+01   5.0104110371e+00
2.4720000000e+01   4.6356030154e+00
2.4740000000e+01   5.1556543201e+00
2.4760000000e+01   4.8838732727e+00
2.4780000000e+01   4.9230127850e+00
2.4800000000e+01   5.1778506261e+00
2.4820000000e+01   4.6103933556e+00
2.4840000000e+01   5.0860111308e+00
2.4860000000e+01   5.1638137502e+00
2.4880000000e+01   3.4668695474e+00
2.4900000000e+01   5.1875595880e+00
2.4920000000e+01   5.1060337031e+00
2.4940000000e+01   4.7136109351e+00
2.4960000000e+01   5.2468364659e+00
2.4980000000e+01   4.9826036485e+00
2.5000000000e+01   5.0082582951e+00
2.5020000000e+01   5.2702741745e+00
2.5040000000e+01   4.7177490639e+00
2.5060000000e+01   5.1741078716e+00
2.5080000000e+01   5.2575993039e+00
2.5100000000e+01   3.2018317435e+00
2.5120000000e+01   5.2773906565e+00
2.5140000000e+01   5.2016128726e+00
2.5160000000e+01   4.7911618756e+00
2.5180000000e+01   5.3380086774e+00
2.5200000000e+01   5.0812142504e+00
2.5220000000e+01   5.0933959176e+00
2.5240000000e+01   5.3626872950e+00
2.5260000000e+01   4.8245543135e+00
2.5280000000e+01   5.2621642071e+00
2.5300000000e+01   5.3513658878e+00
2.5320000000e+01   2.7314225177e+00
2.5340000000e+01   5.3672035691e+00
2.5360000000e+01   5.2971491522e+00
2.5380000000e+01   4.8682216267e+00
2.5400000000e+01   5.4291703710e+00
2.5420000000e+01   5.1797090579e+00
2.5440000000e+01   5.1784204692e+00
2.5460000000e+01   5.4550896514e+00
2.5480000000e+01   4.9308472651e+00
2.5500000000e+01   5.3501781384e+00
2.5520000000e+01   5.4451135216e+00
2.5540000000e+01   3.5751928782e+00
2.5560000000e+01   5.4569971699e+00
2.5580000000e+01   5.3926434097e+00
2.5600000000e+01   4.9447531485e+00
2.5620000000e+01   5.5203207528e+00
2.5640000000e+01   5.2780922092e+00
2.5660000000e+01   5.2633269227e+00
2.5680000000e+01   5.5474807093e+00
2.5700000000e+01   5.0366629015e+00
2.5720000000e+01   5.4381478890e+00
2.5740000000e+01   5.5388420137e+00
2.5760000000e+01   3.9277893588e+00
2.5780000000e+01   5.5467705018e+00
2.5800000000e+01   5.4880962424e+00
2.5820000000e+01   5.0207146428e+00
2.5840000000e+01   5.6114592094e+00
2.5860000000e+01   5.3763673142e+00
2.5880000000e+01   5.3481096996e+00
2.5900000000e+01   5.6398601040e+00
2.5920000000e+01   5.1420322641e+00
2.5940000000e+01   5.5260714373e+00
2.5960000000e+01   5.6325513389e+00
2.5980000000e+01   4.1814209928e+00
2.6000000000e+01   5.6365224415e+00
2.6020000000e+01   5.5835084058e+00
2.6040000000e+01   5.0960600682e+00
2.6060000000e+01   5.7025849905e+00
2.6080000000e+01   5.4745380286e+00
2.6100000000e+01   5.4327632174e+00
2.6120000000e+01   5.7322273431e+00
2.6140000000e+01   5.2469838646e+00
2.6160000000e+01   5.6139468923e+00
2.6180000000e+01   5.7262413349e+00
2.6200000000e+01   4.3908825364e+00
2.6220000000e+01   5.7262519940e+00
2.6240000000e+01   5.6788804733e+00
2.6260000000e+01   5.1707373929e+00
2.6280000000e+01   5.7936974642e+00
2.6300000000e+01   5.5726076228e+00
2.6320000000e+01   5.5172814038e+00
2.6340000000e+01   5.8245820457e+00
2.6360000000e+01   5.3515432715e+00
2.6380000000e+01   5.7017721820e+00
2.6400000000e+01   5.8199119458e+00
2.6420000000e+01   4.5752013554e+00
2.6440000000e+01   5.8159580516e+00
2.6460000000e+01   5.7742131110e+00
2.6480000000e+01   5.2446884680e+00
2.6500000000e+01   5.8847959099e+00
2.6520000000e+01   5.6705793473e+00
2.6540000000e+01   5.6016580545e+00
2.6560000000e+01   5.9169237488e+00
2.6580000000e+01   5.4557340207e+00
2.6600000000e+01   5.7895453014e+00
2.6620000000e+01   5.9135630266e+00
2.6640000000e+01   4.7432671421e+00
2.6660000000e+01   5.9056395872e+00
2.6680000000e+01   5.8695068607e+00
2.6700000000e+01   5.3178472000e+00
2.6720000000e+01   5.9758796841e+00
2.6740000000e+01   5.7684561643e+00
2.6760000000e+01   5.6858864966e+00
2.6780000000e+01   6.0092520622e+00
2.6800000000e+01   5.5595774068e+00
2.6820000000e+01   5.8772641056e+00
2.6840000000e+01   6.0071944999e+00
2.6860000000e+01   4.8999569220e+00
2.6880000000e+01   5.9952954968e+00
2.6900000000e+01   5.9647623150e+00
2.6920000000e+01   5.3901387076e+00
2.6940000000e+01   6.0669480864e+00
2.6960000000e+01   5.8662409794e+00
2.6980000000e+01   5.7699598150e+00
2.7000000000e+01   6.1015665445e+00
2.7020000000e+01   5.6630930760e+00
2.7040000000e+01   5.9649264705e+00
2.7060000000e+01   6.1008062310e+00
2.7080000000e+01   5.0482380755e+00
2.7100000000e+01   6.0849247235e+00
2.7120000000e+01   6.0599799808e+00
2.7140000000e+01   5.4614770970e+00
2.7160000000e+01   6.1580004654e+00
2.7180000000e+01   5.9639364778e+00
2.7200000000e+01   5.8538706164e+00
2.7220000000e+01   6.1938668002e+00
2.7240000000e+01   5.7662989388e+00
2.7260000000e+01   6.0525301576e+00
2.7280000000e+01   6.1943981262e+00
2.7300000000e+01   5.1900503292e+00
2.7320000000e+01   6.1745261572e+00
2.7340000000e+01   6.1551603883e+00
2.7360000000e+01   5.5317636524e+00
2.7380000000e+01   6.2490361340e+00
2.7400000000e+01   6.0615452676e+00
2.7420000000e+01   5.9376111602e+00
2.7440000000e+01   6.2861524033e+00
2.7460000000e+01   5.8692115564e+00
2.7480000000e+01   6.1400729142e+00
2.7500000000e+01   6.2879700565e+00
2.7520000000e+01   5.3267320511e+00
2.7540000000e+01   6.2640987113e+00
2.7560000000e+01   6.2503040088e+00
2.7580000000e+01   5.6008837343e+00
2.7600000000e+01   6.3400544341e+00
2.7620000000e+01   6.1590697860e+00
2.7640000000e+01   6.0211731928e+00
2.7660000000e+01   6.3784229557e+00
2.7680000000e+01   5.9718461270e+00
2.7700000000e+01   6.2275523889e+00
2.7720000000e+01   6.3815219156e+00
2.7740000000e+01   5.4592452700e+00
2.7760000000e+01   6.3536412621e+00
2.7780000000e+01   6.3454113185e+00
2.7800000000e+01   5.6687034549e+00
2.7820000000e+01   6.4310546868e+00
2.7840000000e+01   6.2565123827e+00
2.7860000000e+01   6.1045480050e+00
2.7880000000e+01   6.4706780424e+00
2.7900000000e+01   6.0742167335e+00
2.7920000000e+01   6.3149661876e+00
2.7940000000e+01   6.4750535769e+00
2.7960000000e+01   5.5883049993e+00
2.7980000000e+01   6.4431526915e+00
2.8000000000e+01   6.4404827534e+00
2.8020000000e+01   5.7350648377e+00
2.8040000000e+01   6.5220362281e+00
2.8060000000e+01   6.3538752723e+00
2.8080000000e+01   6.1877263132e+00
2.8100000000e+01   6.5629172641e+00
2.8120000000e+01   6.1763363736e+00
2.8140000000e+01   6.4023118248e+00
2.8160000000e+01   6.5685649245e+00
2.8180000000e+01   5.7144569631e+00
2.8200000000e+01   6.5326318544e+00
2.8220000000e+01   6.5355187432e+00
2.8240000000e+01   5.7997798347e+00
2.8260000000e+01   6.6129983820e+00
2.8280000000e+01   6.4511605797e+00
2.8300000000e+01   6.2706982637e+00
2.8320000000e+01   6.6551402128e+00
2.8340000000e+01   6.2782171196e+00
2.8360000000e+01   6.4895867510e+00
2.8380000000e+01   6.6620558307e+00
2.8400000000e+01   5.8381272541e+00
2.8420000000e+01   6.6220776002e+00
2.8440000000e+01   6.6305196881e+00
2.8460000000e+01   5.8626219934e+00
2.8480000000e+01   6.7039404796e+00
2.8500000000e+01   6.5483703185e+00
2.8520000000e+01   6.3534533350e+00
2.8540000000e+01   6.7473464894e+00
2.8560000000e+01   6.3798701645e+00
2.8580000000e+01   6.5767883233e+00
2.8600000000e+01   6.7555261725e+00
2.8620000000e+01   5.9596548223e+00
2.8640000000e+01   6.7114887547e+00
2.8660000000e+01   6.7254859777e+00
2.8680000000e+01   5.9233153200e+00
2.8700000000e+01   6.7948618435e+00
2.8720000000e+01   6.6455064169e+00
2.8740000000e+01   6.4359803066e+00
2.8760000000e+01   6.8395356899e+00
2.8780000000e+01   6.4813059318e+00
2.8800000000e+01   6.6639138187e+00
2.8820000000e+01   6.8489758192e+00
2.8840000000e+01   6.0793137777e+00
2.8860000000e+01   6.8008641315e+00
2.8880000000e+01   6.8204179778e+00
2.8900000000e+01   5.9815185452e+00
2.8920000000e+01   6.8857617987e+00
2.8940000000e+01   6.7425707081e+00
2.8960000000e+01   6.5182671639e+00
2.8980000000e+01   6.9317074153e+00
2.9000000000e+01   6.5825341220e+00
2.9020000000e+01   6.7509604137e+00
2.9040000000e+01   6.9424046420e+00
2.9060000000e+01   6.1973288793e+00
2.9080000000e+01   6.8902025211e+00
2.9100000000e+01   6.9153160420e+00
2.9120000000e+01   6.0368028096e+00
2.9140000000e+01   6.9766396636e+00
2.9160000000e+01   6.8395649463e+00
2.9180000000e+01   6.6003010384e+00
2.9200000000e+01   7.0238612636e+00
2.9220000000e+01   6.6835637931e+00
2.9240000000e+01   6.8379251893e+00
2.9260000000e+01   7.0358125061e+00
2.9280000000e+01   6.3138867383e+00
2.9300000000e+01   6.9795026972e+00
2.9320000000e+01   7.0101805035e+00
2.9340000000e+01   6.0886187378e+00
2.9360000000e+01   7.0674947559e+00
2.9380000000e+01   6.9364908025e+00
2.9400000000e+01   6.6820681027e+00
2.9420000000e+01   7.1159968356e+00
2.9440000000e+01   6.7844034019e+00
2.9460000000e+01   6.9248051151e+00
2.9480000000e+01   7.1291992771e+00
2.9500000000e+01   6.4291439523e+00
2.9520000000e+01   7.0687634088e+00
2.9540000000e+01   7.1050116830e+00
2.9560000000e+01   6.1362465830e+00
2.9580000000e+01   7.1583263868e+00
2.9600000000e+01   7.0333498765e+00
2.9620000000e+01   6.7635534823e+00
2.9640000000e+01   7.2081137295e+00
2.9660000000e+01   6.8850608652e+00
2.9680000000e+01   7.0115970504e+00
2.9700000000e+01   7.2225648155e+00
2.9720000000e+01   6.5432332282e+00
2.9740000000e+01   7.1579833844e+00
2.9760000000e+01   7.1998098835e+00
2.9780000000e+01   6.1787174393e+00
2.9800000000e+01   7.2491338650e+00
2.9820000000e+01   7.1301436938e+00
2.9840000000e+01   6.8447411301e+00
2.9860000000e+01   7.3002115450e+00
2.9880000000e+01   6.9855435955e+00
2.9900000000e+01   7.0982977292e+00
2.9920000000e+01   7.3159089815e+00
2.9940000000e+01   6.6562679822e+00
2.9960000000e+01   7.2471613258e+00
2.9980000000e+01   7.2945753952e+00
3.0000000000e+01   6.2146830360e+00
3.0020000000e+01   7.3399164922e+00
3.0040000000e+01   7.2268737154e+00
3.0060000000e+01   6.9256137054e+00
3.0080000000e+01   7.3922898795e+00
3.0100000000e+01   7.0858585485e+00
3.0120000000e+01   7.1849037579e+00
3.0140000000e+01   7.4092316307e+00
3.0160000000e+01   6.7683459126e+00
3.0180000000e+01   7.3362959100e+00
3.0200000000e+01   7.3893084931e+00
3.0220000000e+01   6.2421873648e+00
3.0240000000e+01   7.4306735660e+00
3.0260000000e+01   7.3235413368e+00
3.0280000000e+01   7.0061524169e+00
3.0300000000e+01   7.4843483307e+00
3.0320000000e+01   7.1860122539e+00
3.0340000000e+01   7.2714116019e+00
3.0360000000e+01   7.5025326174e+00
3.0380000000e+01   6.8795517605e+00
3.0400000000e+01   7.4253857853e+00
3.0420000000e+01   7.4840094392e+00
3.0440000000e+01   6.2582356577e+00
3.0460000000e+01   7.5214043763e+00
3.0480000000e+01   7.4201478940e+00
3.0500000000e+01   7.0863368584e+00
3.0520000000e+01   7.5763864939e+00
3.0540000000e+01   7.2860108523e+00
3.0560000000e+01   7.3578175796e+00
3.0580000000e+01   7.5958117924e+00
3.0600000000e+01   6.9899595052e+00
3.0620000000e+01   7.5144295710e+00
3.0640000000e+01   7.5786784821e+00
3.0660000000e+01   6.2578970157e+00
3.0680000000e+01   7.6121082070e+00
3.0700000000e+01   7.5166946654e+00
3.0720000000e+01   7.1661448078e+00
3.0740000000e+01   7.6684039636e+00
3.0760000000e+01   7.3858601222e+00
3.0780000000e+01   7.4441178496e+00
3.0800000000e+01   7.6890690040e+00
3.0820000000e+01   7.0996341039e+00
3.0840000000e+01   7.6034258548e+00
3.0860000000e+01   7.6733158577e+00
3.0880000000e+01   6.2321636526e+00
3.0900000000e+01   7.7027843343e+00
3.0920000000e+01   7.6131828748e+00
3.0940000000e+01   7.2455520019e+00
3.0960000000e+01   7.7604003320e+00
3.0980000000e+01   7.4855655083e+00
3.1000000000e+01   7.5303084006e+00
3.1020000000e+01   7.7823040975e+00
3.1040000000e+01   7.2086328985e+00
3.1060000000e+01   7.6923731912e+00
3.1080000000e+01   7.7679217899e+00
3.1100000000e+01   6.1616738140e+00
3.1120000000e+01   7.7934320261e+00
3.1140000000e+01   7.7096136943e+00
3.1160000000e+01   7.3245318732e+00
3.1180000000e+01   7.8523751894e+00
3.1200000000e+01   7.5851321460e+00
3.1220000000e+01   7.6163850399e+00
3.1240000000e+01   7.8755169154e+00
3.1260000000e+01   7.3170067580e+00
3.1280000000e+01   7.7812701001e+00
3.1300000000e+01   7.8624964904e+00
3.1320000000e+01   5.9901994234e+00
3.1340000000e+01   7.8840505423e+00
3.1360000000e+01   7.8059882465e+00
3.1380000000e+01   7.4030552408e+00
3.1400000000e+01   7.9443281239e+00
3.1420000000e+01   7.6845648825e+00
3.1440000000e+01   7.7023433791e+00
3.1460000000e+01   7.9687072971e+00
3.1480000000e+01   7.4248010112e+00
3.1500000000e+01   7.8701150632e+00
3.1520000000e+01   7.9570401599e+00
3.1540000000e+01   5.2960903064e+00
3.1560000000e+01   7.9746391326e+00
3.1580000000e+01   7.9023076074e+00
3.1600000000e+01   7.4810899528e+00
3.1620000000e+01   8.0362587203e+00
3.1640000000e+01   7.7838682993e+00
3.1660000000e+01   7.7881788211e+00
3.1680000000e+01   8.0618750789e+00
3.1700000000e+01   7.5320562237e+00
3.1720000000e+01   7.9589065242e+00
3.1740000000e+01   8.0515529872e+00
3.1760000000e+01   6.0033789354e+00
3.1780000000e+01   8.0651970377e+00
3.1800000000e+01   7.9985728077e+00
3.1820000000e+01   7.5586004588e+00
3.1840000000e+01   8.1281665617e+00
3.1860000000e+01   7.8830467281e+00
3.1880000000e+01   7.8738865436e+00
3.1900000000e+01   8.1550200944e+00
3.1920000000e+01   7.6388088350e+00
3.1940000000e+01   8.0476428839e+00
3.1960000000e+01   8.1460351515e+00
3.1980000000e+01   6.4467225614e+00
3.2000000000e+01   8.1557234869e+00
3.2020000000e+01   8.0947848365e+00
3.2040000000e+01   7.6355473120e+00
3.2060000000e+01   8.2200512264e+00
3.2080000000e+01   7.9821042708e+00
3.2100000000e+01   7.9594614844e+00
3.2120000000e+01   8.2481421733e+00
3.2140000000e+01   7.7450917027e+00
3.2160000000e+01   8.1363225004e+00
3.2180000000e+01   8.2404868200e+00
3.2200000000e+01   6.7307684305e+00
3.2220000000e+01   8.2462176994e+00
3.2240000000e+01   8.1909446408e+00
3.2260000000e+01   7.7118865641e+00
3.2280000000e+01   8.3119122912e+00
3.2300000000e+01   8.0810448114e+00
3.2320000000e+01   8.0448983193e+00
3.2340000000e+01   8.3412411430e+00
3.2360000000e+01   7.8509345469e+00
3.2380000000e+01   8.2249436837e+00
3.2400000000e+01   8.3349081516e+00
3.2420000000e+01   6.9557699234e+00
3.2440000000e+01   8.3366788805e+00
3.2460000000e+01   8.2870531310e+00
3.2480000000e+01   7.7875690573e+00
3.2500000000e+01   8.4037493268e+00
3.2520000000e+01   8.1798720355e+00
3.2540000000e+01   8.1301914485e+00
3.2560000000e+01   8.4343168262e+00
3.2580000000e+01   7.9563643456e+00
3.2600000000e+01   8.3135046974e+00
3.2620000000e+01   8.4292992931e+00
3.2640000000e+01   7.1496879753e+00
3.2660000000e+01   8.4271062259e+00
3.2680000000e+01   8.3831111772e+00
3.2700000000e+01   7.8625395419e+00
3.2720000000e+01   8.4955619029e+00
3.2740000000e+01   8.2785894359e+00
3.2760000000e+01   8.2153349653e+00
3.2780000000e+01   8.5273690445e+00
3.2800000000e+01   8.0614056455e+00
3.2820000000e+01   8.4020037491e+00
3.2840000000e+01   8.5236603845e+00
3.2860000000e+01   7.3243786612e+00
3.2880000000e+01   8.5174989138e+00
3.2900000000e+01   8.4791196184e+00
3.2920000000e+01   7.9367356451e+00
3.2940000000e+01   8.5873495811e+00
3.2960000000e+01   8.3772003349e+00
3.2980000000e+01   8.3003226453e+00
3.3000000000e+01   8.6203976126e+00
3.3020000000e+01   8.1660808624e+00
3.3040000000e+01   8.4904389970e+00
3.3060000000e+01   8.6179915528e+00
3.3080000000e+01   7.4859900589e+00
3.3100000000e+01   8.6078561135e+00
3.3120000000e+01   8.5750792547e+00
3.3140000000e+01   8.0100865458e+00
3.3160000000e+01   8.6791119230e+00
3.3180000000e+01   8.4757078826e+00
3.3200000000e+01   8.3851479037e+00
3.3220000000e+01   8.7134023462e+00
3.3240000000e+01   8.2704104963e+00
3.3260000000e+01   8.5788085346e+00
3.3280000000e+01   8.7122929207e+00
3.3300000000e+01   7.6381243111e+00
3.3320000000e+01   8.6981769733e+00
3.3340000000e+01   8.6709908597e+00
3.3360000000e+01   8.0825114154e+00
3.3380000000e+01   8.7708484803e+00
3.3400000000e+01   8.5741150824e+00
3.3420000000e+01   8.4698037856e+00
3.3440000000e+01   8.8063830519e+00
3.3460000000e+01   8.3744133673e+00
3.3480000000e+01   8.6671104018e+00
3.3500000000e+01   8.8065645962e+00
3.3520000000e+01   7.7830743578e+00
3.3540000000e+01   8.7884606323e+00
3.3560000000e+01   8.7668551695e+00
3.3580000000e+01   8.1539173733e+00
3.3600000000e+01   8.8625588046e+00
3.3620000000e+01   8.6724247831e+00
3.3640000000e+01   8.5542829122e+00
3.3660000000e+01   8.8993395388e+00
3.3680000000e+01   8.4781067659e+00
3.3700000000e+01   8.7553425655e+00
3.3720000000e+01   8.9008066849e+00
3.3740000000e+01   7.9223902285e+00
3.3760000000e+01   8.8787062066e+00
3.3780000000e+01   8.8626728972e+00
3.3800000000e+01   8.2241970162e+00
3.3820000000e+01   8.9542424368e+00
3.3840000000e+01   8.7706397070e+00
3.3860000000e+01   8.6385774703e+00
3.3880000000e+01   8.9922716057e+00
3.3900000000e+01   8.5815066408e+00
3.3920000000e+01   8.8435029321e+00
3.3940000000e+01   8.9950192780e+00
3.3960000000e+01   8.0571689877e+00
3.3980000000e+01   8.9689128011e+00
3.4000000000e+01   8.9584447210e+00
3.4020000000e+01   8.2932251471e+00
3.4040000000e+01   9.0458989177e+00
3.4060000000e+01   8.8687624377e+00
3.4080000000e+01   8.7226791475e+00
3.4100000000e+01   9.0851790537e+00
3.4120000000e+01   8.6846277052e+00
3.4140000000e+01   8.9315893278e+00
3.4160000000e+01   9.0892024638e+00
3.4180000000e+01   8.1882155648e+00
3.4200000000e+01   9.0590794964e+00
3.4220000000e+01   9.0541712980e+00
3.4240000000e+01   8.3608546703e+00
3.4260000000e+01   9.1375277764e+00
3.4280000000e+01   8.9667954468e+00
3.4300000000e+01   8.8065791135e+00
3.4320000000e+01   9.1780616745e+00
3.4340000000e+01   8.7874835851e+00
3.4360000000e+01   9.0195995090e+00
3.4380000000e+01   9.1833563177e+00
3.4400000000e+01   8.3161381225e+00
3.4420000000e+01   9.1492053594e+00
3.4440000000e+01   9.1498532535e+00
3.4460000000e+01   8.4269110856e+00
3.4480000000e+01   9.2291285405e+00
3.4500000000e+01   9.0647410850e+00
3.4520000000e+01   8.8902679506e+00
3.4540000000e+01   9.2709192604e+00
3.4560000000e+01   8.8900869012e+00
3.4580000000e+01   9.1075311447e+00
3.4600000000e+01   9.2774809116e+00
3.4620000000e+01   8.4414073189e+00
3.4640000000e+01   9.2392894320e+00
3.4660000000e+01   9.2454911924e+00
3.4680000000e+01   8.4911852765e+00
3.4700000000e+01   9.3207007267e+00
3.4720000000e+01   9.1626016007e+00
3.4740000000e+01   8.9737356180e+00
3.4760000000e+01   9.3637515957e+00
3.4780000000e+01   8.9924493816e+00
3.4800000000e+01   9.1953818228e+00
3.4820000000e+01   9.3715763058e+00
3.4840000000e+01   8.5643948974e+00
3.4860000000e+01   9.3293307386e+00
3.4880000000e+01   9.3410856920e+00
3.4900000000e+01   8.5534236301e+00
3.4920000000e+01   9.4122438481e+00
3.4940000000e+01   9.2603791369e+00
3.4960000000e+01   9.0569713777e+00
3.4980000000e+01   9.4565584633e+00
3.5000000000e+01   9.0945819297e+00
3.5020000000e+01   9.2831490359e+00
3.5040000000e+01   9.4656425561e+00
3.5060000000e+01   8.6853995610e+00
3.5080000000e+01   9.4193282785e+00
3.5100000000e+01   9.4366373088e+00
3.5120000000e+01   8.6133144716e+00
3.5140000000e+01   9.5037574076e+00
3.5160000000e+01   9.3580757439e+00
3.5180000000e+01   9.1399637387e+00
3.5200000000e+01   9.5493396397e+00
3.5220000000e+01   9.1964947086e+00
3.5240000000e+01   9.3708301831e+00
3.5260000000e+01   9.5596797085e+00
3.5280000000e+01   8.8046649469e+00
3.5300000000e+01   9.5092810297e+00
3.5320000000e+01   9.5321465753e+00
3.5340000000e+01   8.6704688070e+00
3.5360000000e+01   9.5952409025e+00
3.5380000000e+01   9.4556933789e+00
3.5400000000e+01   9.2227003729e+00
3.5420000000e+01   9.6420948986e+00
3.5440000000e+01   9.2981971981e+00
3.5460000000e+01   9.4584225580e+00
3.5480000000e+01   9.6536878035e+00
3.5500000000e+01   8.9223923594e+00
3.5520000000e+01   9.5991879439e+00
3.5540000000e+01   9.6276140040e+00
3.5560000000e+01   8.7243924345e+00
3.5580000000e+01   9.6866938202e+00
3.5600000000e+01   9.5532339155e+00
3.5620000000e+01   9.3051680377e+00
3.5640000000e+01   9.7348240074e+00
3.5660000000e+01   9.3996982603e+00
3.5680000000e+01   9.5459233476e+00
3.5700000000e+01   9.7476668730e+00
3.5720000000e+01   9.0387500483e+00
3.5740000000e+01   9.6890479486e+00
3.5760000000e+01   9.7230400853e+00
3.5780000000e+01   8.7744441514e+00
3.5800000000e+01   9.7781156413e+00
3.5820000000e+01   9.6506991443e+00
3.5840000000e+01   9.3873524729e+00
3.5860000000e+01   9.8275267307e+00
3.5880000000e+01   9.5010061849e+00
3.5900000000e+01   9.6333296211e+00
3.5920000000e+01   9.8416169430e+00
3.5940000000e+01   9.1538800533e+00
3.5960000000e+01   9.7788599425e+00
3.5980000000e+01   9.8184252913e+00
3.6000000000e+01   8.8197709730e+00
3.6020000000e+01   9.8695058357e+00
3.6040000000e+01   9.7480907809e+00
3.6060000000e+01   9.4692383006e+00
3.6080000000e+01   9.9202028263e+00
3.6100000000e+01   9.6021287429e+00
3.6120000000e+01   9.7206383266e+00
3.6140000000e+01   9.9355380313e+00
3.6160000000e+01   9.2679033890e+00
3.6180000000e+01   9.8686227979e+00
3.6200000000e+01   9.9137700733e+00
3.6220000000e+01   8.8592031130e+00
3.6240000000e+01   9.9608638657e+00
3.6260000000e+01   9.8454104658e+00
3.6280000000e+01   9.5508088927e+00
3.6300000000e+01   1.0012852049e+01
3.6320000000e+01   9.7030732222e+00
3.6340000000e+01   9.8078462789e+00
3.6360000000e+01   1.0029430150e+01
3.6380000000e+01   9.3809239806e+00
3.6400000000e+01   9.9583353553e+00
3.6420000000e+01   1.0009074866e+01
3.6440000000e+01   8.8910746498e+00
3.6460000000e+01   1.0052189182e+01
3.6480000000e+01   9.9426597727e+00
3.6500000000e+01   9.6320462391e+00
3.6520000000e+01   1.0105474147e+01
3.6540000000e+01   9.8038464719e+00
3.6560000000e+01   9.8949501562e+00
3.6580000000e+01   1.0123293304e+01
3.6600000000e+01   9.4930317472e+00
3.6620000000e+01   1.0047996426e+01
3.6640000000e+01   1.0104340083e+01
3.6660000000e+01   8.9128958810e+00
3.6680000000e+01   1.0143481228e+01
3.6700000000e+01   1.0039840207e+01
3.6720000000e+01   9.7129307781e+00
3.6740000000e+01   1.0198068864e+01
3.6760000000e+01   9.9044549307e+00
3.6780000000e+01   9.9819464855e+00
3.6800000000e+01   1.0217127491e+01
3.6820000000e+01   9.6043049954e+00
3.6840000000e+01   1.0137604786e+01
3.6860000000e+01   1.0199566126e+01
3.6880000000e+01   8.9207009426e+00
3.6900000000e+01   1.0234739434e+01
3.6920000000e+01   1.0136953215e+01
3.6940000000e+01   9.7934412200e+00
3.6960000000e+01   1.0290635937e+01
3.6980000000e+01   1.0004904663e+01
3.7000000000e+01   1.0068831638e+01
3.7020000000e+01   1.0310932703e+01
3.7040000000e+01   9.7148123439e+00
3.7060000000e+01   1.0227159181e+01
3.7080000000e+01   1.0294753374e+01
3.7100000000e+01   8.9075859076e+00
3.7120000000e+01   1.0325963220e+01
3.7140000000e+01   1.0234000179e+01
3.7160000000e+01   9.8735543241e+00
3.7180000000e+01   1.0383175102e+01
3.7200000000e+01   1.0105201384e+01
3.7220000000e+01   1.0155601813e+01
3.7240000000e+01   1.0404708924e+01
3.7260000000e+01   9.8246142439e+00
3.7280000000e+01   1.0316658314e+01
3.7300000000e+01   1.0389902194e+01
3.7320000000e+01   8.8598214085e+00
3.7340000000e+01   1.0417151994e+01
3.7360000000e+01   1.0330982431e+01
3.7380000000e+01   9.9532446628e+00
3.7400000000e+01   1.0475686083e+01
3.7420000000e+01   1.0205350486e+01
3.7440000000e+01   1.0242253034e+01
3.7460000000e+01   1.0498456133e+01
3.7480000000e+01   9.9337642372e+00
3.7500000000e+01   1.0406100859e+01
3.7520000000e+01   1.0485012936e+01
3.7540000000e+01   8.7431739434e+00
3.7560000000e+01   1.0508305155e+01
3.7580000000e+01   1.0427901242e+01
3.7600000000e+01   1.0032484318e+01
3.7620000000e+01   1.0568168603e+01
3.7640000000e+01   1.0305357060e+01
3.7660000000e+01   1.0328781125e+01
3.7680000000e+01   1.0592174303e+01
3.7700000000e+01   1.0042309951e+01
3.7720000000e+01   1.0495485441e+01
3.7740000000e+01   1.0580085937e+01
3.7760000000e+01   8.4152247950e+00
3.7780000000e+01   1.0599422085e+01
3.7800000000e+01   1.0524757839e+01
3.7820000000e+01   1.0111242566e+01
3.7840000000e+01   1.0660622376e+01
3.7860000000e+01   1.0405225925e+01
3.7880000000e+01   1.0415181712e+01
3.7900000000e+01   1.0685863397e+01
3.7920000000e+01   1.0150293956e+01
3.7940000000e+01   1.0584810651e+01
3.7960000000e+01   1.0675121514e+01
3.7980000000e+01   8.3119672061e+00
3.8000000000e+01   1.0690502157e+01
3.8020000000e+01   1.0621553392e+01
3.8040000000e+01   1.0189485455e+01
3.8060000000e+01   1.0753047114e+01
3.8080000000e+01   1.0504961631e+01
3.8100000000e+01   1.0501450189e+01
3.8120000000e+01   1.0779523378e+01
3.8140000000e+01   1.0257754432e+01
3.8160000000e+01   1.0674075029e+01
3.8180000000e+01   1.0770119978e+01
3.8200000000e+01   8.9578692847e+00
3.8220000000e+01   1.0781544726e+01
3.8240000000e+01   1.0718289035e+01
3.8260000000e+01   1.0267175369e+01
3.8280000000e+01   1.0845442517e+01
3.8300000000e+01   1.0604568498e+01
3.8320000000e+01   1.0587581725e+01
3.8340000000e+01   1.0873154195e+01
3.8360000000e+01   1.0364725780e+01
3.8380000000e+01   1.0763277077e+01
3.8400000000e+01   1.0865081617e+01
3.8420000000e+01   9.2864524379e+00
3.8440000000e+01   1.0872549140e+01
3.8460000000e+01   1.0814965846e+01
3.8480000000e+01   1.0344270433e+01
3.8500000000e+01   1.0937808285e+01
3.8520000000e+01   1.0704050610e+01
3.8540000000e+01   1.0673571221e+01
3.8560000000e+01   1.0966755799e+01
3.8580000000e+01   1.0471239064e+01
3.8600000000e+01   1.0852415240e+01
3.8620000000e+01   1.0960006715e+01
3.8640000000e+01   9.5313678346e+00
3.8660000000e+01   1.0963514723e+01
3.8680000000e+01   1.0911584870e+01
3.8700000000e+01   1.0420723898e+01
3.8720000000e+01   1.1030144104e+01
3.8740000000e+01   1.0803411853e+01
3.8760000000e+01   1.0759413320e+01
3.8780000000e+01   1.1060328125e+01
3.8800000000e+01   1.0577322475e+01
3.8820000000e+01   1.0941487921e+01
3.8840000000e+01   1.1054895534e+01
3.8860000000e+01   9.7367188896e+00
3.8880000000e+01   1.1054440795e+01
3.8900000000e+01   1.1008147104e+01
3.8920000000e+01   1.0496483280e+01
3.8940000000e+01   1.1122449663e+01
3.8960000000e+01   1.0902655901e+01
3.8980000000e+01   1.0845102351e+01
3.9000000000e+01   1.1153871114e+01
3.9020000000e+01   1.0683001619e+01
3.9040000000e+01   1.1030493459e+01
3.9060000000e+01   1.1149748333e+01
3.9080000000e+01   9.9189169215e+00
3.9100000000e+01   1.1145326647e+01
3.9120000000e+01   1.1104653514e+01
3.9140000000e+01   1.0571489462e+01
3.9160000000e+01   1.1214724631e+01
3.9180000000e+01   1.1001786264e+01
3.9200000000e+01   1.0930632348e+01
3.9220000000e+01   1.1247384687e+01
3.9240000000e+01   1.0788299882e+01
3.9260000000e+01   1.1119430149e+01
3.9280000000e+01   1.1244565348e+01
3.9300000000e+01   1.0085896022e+01
3.9320000000e+01   1.1236171567e+01
3.9340000000e+01   1.1201105018e+01
3.9360000000e+01   1.0645675422e+01
3.9380000000e+01   1.1306968685e+01
3.9400000000e+01   1.1100806258e+01
3.9420000000e+01   1.1015996977e+01
3.9440000000e+01   1.1340868773e+01
3.9460000000e+01   1.0893238614e+01
3.9480000000e+01   1.1208296213e+01
3.9500000000e+01   1.1339346816e+01
3.9520000000e+01   1.0242102180e+01
3.9540000000e+01   1.1326974813e+01
3.9560000000e+01   1.1297502513e+01
3.9580000000e+01   1.0718964871e+01
3.9600000000e+01   1.1399181480e+01
3.9620000000e+01   1.1199719059e+01
3.9640000000e+01   1.1101189557e+01
3.9660000000e+01   1.1434323281e+01
3.9680000000e+01   1.0997837422e+01
3.9700000000e+01   1.1297089824e+01
3.9720000000e+01   1.1434092949e+01
3.9740000000e+01   1.0390279142e+01
3.9760000000e+01   1.1417735637e+01
3.9780000000e+01   1.1393846845e+01
3.9800000000e+01   1.0791270328e+01
3.9820000000e+01   1.1491362676e+01
3.9840000000e+01   1.1298527671e+01
3.9860000000e+01   1.1186202988e+01
3.9880000000e+01   1.1527748126e+01
3.9900000000e+01   1.1102114293e+01
3.9920000000e+01   1.1385809076e+01
3.9940000000e+01   1.1528803959e+01
3.9960000000e+01   1.0532239647e+01
3.9980000000e+01   1.1508453261e+01
4.0000000000e+01   1.1490138844e+01
