X    Y
0.0000000000e+00   -1.2000000000e+01
2.0000000000e-02   -3.1858814903e+00
4.0000000000e-02   -3.2045466997e+00
6.0000000000e-02   -3.2240106167e+00
8.0000000000e-02   -3.2364545494e+00
1.0000000000e-01   -3.2417920221e+00
1.2000000000e-01   -3.2456523881e+00
1.4000000000e-01   -3.2531572930e+00
1.6000000000e-01   -3.2646028984e+00
1.8000000000e-01   -3.2763246029e+00
2.0000000000e-01   -3.2850391484e+00
2.2000000000e-01   -3.2911920890e+00
2.4000000000e-01   -3.2979136311e+00
2.6000000000e-01   -3.3072788431e+00
2.8000000000e-01   -3.3182385796e+00
3.0000000000e-01   -3.3280939174e+00
3.2000000000e-01   -3.3356281102e+00
3.4000000000e-01   -3.3423458747e+00
3.6000000000e-01   -3.3505379920e+00
3.8000000000e-01   -3.3606562065e+00
4.0000000000e-01   -3.3709451420e+00
4.2000000000e-01   -3.3795550973e+00
4.4000000000e-01   -3.3866677872e+00
4.6000000000e-01   -3.3941741298e+00
4.8000000000e-01   -3.4034100986e+00
5.0000000000e-01   -3.4136666876e+00
5.2000000000e-01   -3.4230847407e+00
5.4000000000e-01   -3.4308432061e+00
5.6000000000e-01   -3.4380812510e+00
5.8000000000e-01   -3.4464976997e+00
6.0000000000e-01   -3.4563697347e+00
6.2000000000e-01   -3.4662777959e+00
6.4000000000e-01   -3.4747906057e+00
6.6000000000e-01   -3.4821437969e+00
6.8000000000e-01   -3.4899235283e+00
7.0000000000e-01   -3.4991791948e+00
7.2000000000e-01   -3.5092191595e+00
7.4000000000e-01   -3.5184418396e+00
7.6000000000e-01   -3.5262263784e+00
7.8000000000e-01   -3.5336544844e+00
8.0000000000e-01   -3.5422076471e+00
8.2000000000e-01   -3.5520294734e+00
8.4000000000e-01   -3.5617731466e+00
8.6000000000e-01   -3.5701896956e+00
8.8000000000e-01   -3.5776073540e+00
9.0000000000e-01   -3.5855296699e+00
9.2000000000e-01   -3.5948524719e+00
9.4000000000e-01   -3.6048206976e+00
9.6000000000e-01   -3.6139165068e+00
9.8000000000e-01   -3.6216552123e+00
1.0000000000e+00   -3.6291619462e+00
1.0200000000e+00   -3.6378297984e+00
1.0400000000e+00   -3.6476804877e+00
1.0600000000e+00   -3.6573383600e+00
1.0800000000e+00   -3.6656483743e+00
1.1000000000e+00   -3.6730542569e+00
1.1200000000e+00   -3.6810713897e+00
1.1400000000e+00   -3.6904925356e+00
1.1600000000e+00   -3.7004548489e+00
1.1800000000e+00   -3.7094451341e+00
1.2000000000e+00   -3.7170948896e+00
1.2200000000e+00   -3.7246291361e+00
1.2400000000e+00   -3.7334123429e+00
1.2600000000e+00   -3.7433387539e+00
1.2800000000e+00   -3.7529452747e+00
1.3000000000e+00   -3.7611313141e+00
1.3200000000e+00   -3.7684808225e+00
1.3400000000e+00   -3.7765756615e+00
1.3600000000e+00   -3.7861237438e+00
1.3800000000e+00   -3.7961176396e+00
1.4000000000e+00   -3.8050034456e+00
1.4200000000e+00   -3.8125296258e+00
1.4400000000e+00   -3.8200645574e+00
1.4600000000e+00   -3.8289758479e+00
1.4800000000e+00   -3.8390133824e+00
1.5000000000e+00   -3.8485829827e+00
1.5200000000e+00   -3.8566215718e+00
1.5400000000e+00   -3.8638830535e+00
1.5600000000e+00   -3.8720543520e+00
1.5800000000e+00   -3.8817594508e+00
1.6000000000e+00   -3.8918093031e+00
1.6200000000e+00   -3.9005794031e+00
1.6400000000e+00   -3.9079492974e+00
1.6600000000e+00   -3.9154708690e+00
1.6800000000e+00   -3.9245318601e+00
1.7000000000e+00   -3.9347116043e+00
1.7200000000e+00   -3.9442467054e+00
1.7400000000e+00   -3.9521083469e+00
1.7600000000e+00   -3.9592564287e+00
1.7800000000e+00   -3.9675138399e+00
1.8000000000e+00   -3.9774093879e+00
1.8200000000e+00   -3.9875319890e+00
1.8400000000e+00   -3.9961654227e+00
1.8600000000e+00   -4.0033454703e+00
1.8800000000e+00   -4.0108482641e+00
1.9000000000e+00   -4.0200887277e+00
1.9200000000e+00   -4.0304403983e+00
1.9400000000e+00   -4.0399341500e+00
1.9600000000e+00   -4.0475828436e+00
1.9800000000e+00   -4.0545958075e+00
2.0000000000e+00   -4.0629584111e+00
2.0200000000e+00   -4.0730823555e+00
2.0400000000e+00   -4.0832889407e+00
2.0600000000e+00   -4.0917554309e+00
2.0800000000e+00   -4.0987098451e+00
2.1000000000e+00   -4.1061957883e+00
2.1200000000e+00   -4.1156539612e+00
2.1400000000e+00   -4.1262071888e+00
2.1600000000e+00   -4.1356439853e+00
2.1800000000e+00   -4.1430364809e+00
2.2000000000e+00   -4.1498953728e+00
2.2200000000e+00   -4.1583917777e+00
2.2400000000e+00   -4.1687874763e+00
2.2600000000e+00   -4.1790841266e+00
2.2800000000e+00   -4.1873434532e+00
2.3000000000e+00   -4.1940334893e+00
2.3200000000e+00   -4.2015119914e+00
2.3400000000e+00   -4.2112354447e+00
2.3600000000e+00   -4.2220202241e+00
2.3800000000e+00   -4.2313750299e+00
2.4000000000e+00   -4.2384599130e+00
2.4200000000e+00   -4.2451485976e+00
2.4400000000e+00   -4.2538179469e+00
2.4600000000e+00   -4.2645349351e+00
2.4800000000e+00   -4.2749220202e+00
2.5000000000e+00   -4.2829227504e+00
2.5200000000e+00   -4.2893063647e+00
2.5400000000e+00   -4.2967953500e+00
2.5600000000e+00   -4.3068422310e+00
2.5800000000e+00   -4.3178888272e+00
2.6000000000e+00   -4.3271256869e+00
2.6200000000e+00   -4.3338423541e+00
2.6400000000e+00   -4.3403482416e+00
2.6600000000e+00   -4.3492418614e+00
2.6800000000e+00   -4.3603365238e+00
2.7000000000e+00   -4.3708074145e+00
2.7200000000e+00   -4.3784851436e+00
2.7400000000e+00   -4.3845169819e+00
2.7600000000e+00   -4.3920446307e+00
2.7800000000e+00   -4.4024851951e+00
2.8000000000e+00   -4.4138235821e+00
2.8200000000e+00   -4.4228934402e+00
2.8400000000e+00   -4.4291710123e+00
2.8600000000e+00   -4.4354863856e+00
2.8800000000e+00   -4.4446699874e+00
2.9000000000e+00   -4.4562061210e+00
2.9200000000e+00   -4.4667452126e+00
2.9400000000e+00   -4.4740203782e+00
2.9600000000e+00   -4.4796521140e+00
2.9800000000e+00   -4.4872592743e+00
3.0000000000e+00   -4.4981776682e+00
3.0200000000e+00   -4.5098364780e+00
3.0400000000e+00   -4.5186743183e+00
3.0600000000e+00   -4.5244305479e+00
3.0800000000e+00   -4.5305545190e+00
3.1000000000e+00   -4.5401109391e+00
3.1200000000e+00   -4.5521601604e+00
3.1400000000e+00   -4.5627401559e+00
3.1600000000e+00   -4.5695154514e+00
3.1800000000e+00   -4.5746965494e+00
3.2000000000e+00   -4.5824398514e+00
3.2200000000e+00   -4.5939361159e+00
3.2400000000e+00   -4.6059410124e+00
3.2600000000e+00   -4.6144622712e+00
3.2800000000e+00   -4.6196025177e+00
3.3000000000e+00   -4.6255437006e+00
3.3200000000e+00   -4.6355761941e+00
3.3400000000e+00   -4.6482181168e+00
3.3600000000e+00   -4.6587964562e+00
3.3800000000e+00   -4.6649538568e+00
3.4000000000e+00   -4.6696328819e+00
3.4200000000e+00   -4.6775886304e+00
3.4400000000e+00   -4.6897809015e+00
3.4600000000e+00   -4.7021522405e+00
3.4800000000e+00   -4.7102484139e+00
3.5000000000e+00   -4.7146647894e+00
3.5200000000e+00   -4.7204448173e+00
3.5400000000e+00   -4.7310809436e+00
3.5600000000e+00   -4.7444030222e+00
3.5800000000e+00   -4.7549172919e+00
3.6000000000e+00   -4.7603147179e+00
3.6200000000e+00   -4.7644413479e+00
3.6400000000e+00   -4.7727102955e+00
3.6600000000e+00   -4.7857371657e+00
3.6800000000e+00   -4.7984867520e+00
3.7000000000e+00   -4.8060200954e+00
3.7200000000e+00   -4.8095909205e+00
3.7400000000e+00   -4.8152489722e+00
3.7600000000e+00   -4.8266451191e+00
3.7800000000e+00   -4.8407420148e+00
3.8000000000e+00   -4.8511041258e+00
3.8200000000e+00   -4.8555717874e+00
3.8400000000e+00   -4.8590997347e+00
3.8600000000e+00   -4.8678128594e+00
3.8800000000e+00   -4.8818358517e+00
3.9000000000e+00   -4.8949625433e+00
3.9200000000e+00   -4.9017597512e+00
3.9400000000e+00   -4.9043495124e+00
3.9600000000e+00   -4.9099480409e+00
3.9800000000e+00   -4.9222946394e+00
4.0000000000e+00   -4.9372669200e+00
4.0200000000e+00   -4.9473557895e+00
4.0400000000e+00   -4.9506922970e+00
4.0600000000e+00   -4.9535833897e+00
4.0800000000e+00   -4.9629088186e+00
4.1000000000e+00   -4.9781149050e+00
4.1200000000e+00   -4.9915987415e+00
4.1400000000e+00   -4.9974434950e+00
4.1600000000e+00   -4.9989035549e+00
4.1800000000e+00   -5.0045354446e+00
4.2000000000e+00   -5.0180629304e+00
4.2200000000e+00   -5.0340148529e+00
4.2400000000e+00   -5.0436672703e+00
4.2600000000e+00   -5.0456356520e+00
4.2800000000e+00   -5.0478653754e+00
4.3000000000e+00   -5.0580166117e+00
4.3200000000e+00   -5.0746206802e+00
4.3400000000e+00   -5.0884151223e+00
4.3600000000e+00   -5.0930394038e+00
4.3800000000e+00   -5.0932097964e+00
4.4000000000e+00   -5.0990071967e+00
4.4200000000e+00   -5.1139927788e+00
4.4400000000e+00   -5.1310288257e+00
4.4600000000e+00   -5.1400281193e+00
4.4800000000e+00   -5.1403519734e+00
4.5000000000e+00   -5.1419168248e+00
4.5200000000e+00   -5.1531624514e+00
4.5400000000e+00   -5.1714095931e+00
4.5600000000e+00   -5.1854313431e+00
4.5800000000e+00   -5.1885054534e+00
4.6000000000e+00   -5.1872181847e+00
4.6200000000e+00   -5.1933632961e+00
4.6400000000e+00   -5.2101385979e+00
4.6600000000e+00   -5.2283583307e+00
4.6800000000e+00   -5.2364203887e+00
4.7000000000e+00   -5.2347805100e+00
4.7200000000e+00   -5.2357075649e+00
4.7400000000e+00   -5.2483826214e+00
4.7600000000e+00   -5.2685500642e+00
4.7800000000e+00   -5.2826657866e+00
4.8000000000e+00   -5.2837870656e+00
4.8200000000e+00   -5.2808714470e+00
4.8400000000e+00   -5.2876095484e+00
4.8600000000e+00   -5.3065692058e+00
4.8800000000e+00   -5.3260598549e+00
4.9000000000e+00   -5.3328159865e+00
4.9200000000e+00   -5.3288479646e+00
4.9400000000e+00   -5.3292070959e+00
4.9600000000e+00   -5.3437263493e+00
4.9800000000e+00   -5.3661248105e+00
5.0000000000e+00   -5.3801338779e+00
5.0200000000e+00   -5.3788142473e+00
5.0400000000e+00   -5.3741048986e+00
5.0600000000e+00   -5.3817599229e+00
5.0800000000e+00   -5.4033712488e+00
5.1000000000e+00   -5.4241972608e+00
5.1200000000e+00   -5.4291733245e+00
5.1400000000e+00   -5.4224668120e+00
5.1600000000e+00   -5.4223860221e+00
5.1800000000e+00   -5.4392594057e+00
5.2000000000e+00   -5.4642335583e+00
5.2200000000e+00   -5.4778456947e+00
5.2400000000e+00   -5.4734983241e+00
5.2600000000e+00   -5.4668465941e+00
5.2800000000e+00   -5.4758395689e+00
5.3000000000e+00   -5.5006534501e+00
5.3200000000e+00   -5.5228419343e+00
5.3400000000e+00   -5.5254331315e+00
5.3600000000e+00   -5.5155337291e+00
5.3800000000e+00   -5.5152180547e+00
5.4000000000e+00   -5.5350686263e+00
5.4200000000e+00   -5.5629962748e+00
5.4400000000e+00   -5.5758026391e+00
5.4600000000e+00   -5.5677283250e+00
5.4800000000e+00   -5.5590179640e+00
5.5000000000e+00   -5.5698886509e+00
5.5200000000e+00   -5.5985519389e+00
5.5400000000e+00   -5.6220725562e+00
5.5600000000e+00   -5.6215133043e+00
5.5800000000e+00   -5.6079283108e+00
5.6000000000e+00   -5.6076827170e+00
5.6200000000e+00   -5.6312676325e+00
5.6400000000e+00   -5.6625570437e+00
5.6600000000e+00   -5.6739928733e+00
5.6800000000e+00   -5.6613671412e+00
5.7000000000e+00   -5.6505351023e+00
5.7200000000e+00   -5.6639672089e+00
5.7400000000e+00   -5.6972370216e+00
5.7600000000e+00   -5.7219742823e+00
5.7800000000e+00   -5.7173027066e+00
5.8000000000e+00   -5.6995123104e+00
5.8200000000e+00   -5.6997689074e+00
5.8400000000e+00   -5.7280041410e+00
5.8600000000e+00   -5.7630887625e+00
5.8800000000e+00   -5.7723851515e+00
5.9000000000e+00   -5.7542476924e+00
5.9200000000e+00   -5.7413108922e+00
5.9400000000e+00   -5.7581613152e+00
5.9600000000e+00   -5.7969219337e+00
5.9800000000e+00   -5.8226370187e+00
6.0000000000e+00   -5.8126538983e+00
6.0200000000e+00   -5.7901297061e+00
6.0400000000e+00   -5.7914794893e+00
6.0600000000e+00   -5.8254694412e+00
6.0800000000e+00   -5.8647988994e+00
6.1000000000e+00   -5.8709206053e+00
6.1200000000e+00   -5.8461694739e+00
6.1400000000e+00   -5.8312581665e+00
6.1600000000e+00   -5.8525909103e+00
6.1800000000e+00   -5.8978743812e+00
6.2000000000e+00   -5.9241523232e+00
6.2200000000e+00   -5.9073749210e+00
6.2400000000e+00   -5.8796079616e+00
6.2600000000e+00   -5.8828371109e+00
6.2800000000e+00   -5.9239109160e+00
6.3000000000e+00   -5.9679366496e+00
6.3200000000e+00   -5.9695019829e+00
6.3400000000e+00   -5.9368960385e+00
6.3600000000e+00   -5.9202940938e+00
6.3800000000e+00   -5.9474198738e+00
6.4000000000e+00   -6.0004321309e+00
6.4200000000e+00   -6.0266082475e+00
6.4400000000e+00   -6.0012205089e+00
6.4600000000e+00   -5.9677608833e+00
6.4800000000e+00   -5.9738914974e+00
6.5000000000e+00   -6.0236489759e+00
6.5200000000e+00   -6.0728019666e+00
6.5400000000e+00   -6.0679798423e+00
6.5600000000e+00   -6.0261541665e+00
6.5800000000e+00   -6.0083459575e+00
6.6000000000e+00   -6.0428691703e+00
6.6200000000e+00   -6.1050246562e+00
6.6400000000e+00   -6.1300811028e+00
6.6600000000e+00   -6.0938834653e+00
6.6800000000e+00   -6.0543934768e+00
6.7000000000e+00   -6.0647285386e+00
6.7200000000e+00   -6.1251006209e+00
6.7400000000e+00   -6.1797571590e+00
6.7600000000e+00   -6.1661353173e+00
6.7800000000e+00   -6.1136356634e+00
6.8000000000e+00   -6.0953584493e+00
6.8200000000e+00   -6.1392343920e+00
6.8400000000e+00   -6.2122041476e+00
6.8600000000e+00   -6.2346226666e+00
6.8800000000e+00   -6.1849874708e+00
6.9000000000e+00   -6.1393091304e+00
6.9200000000e+00   -6.1554816267e+00
6.9400000000e+00   -6.2288133187e+00
6.9600000000e+00   -6.2892420551e+00
6.9800000000e+00   -6.2636594375e+00
7.0000000000e+00   -6.1990028390e+00
7.0200000000e+00   -6.1813025408e+00
7.0400000000e+00   -6.2369098457e+00
7.0600000000e+00   -6.3226915536e+00
7.0800000000e+00   -6.3402406989e+00
7.1000000000e+00   -6.2740832405e+00
7.1200000000e+00   -6.2223192920e+00
7.1400000000e+00   -6.2463459516e+00
7.1600000000e+00   -6.3355156013e+00
7.1800000000e+00   -6.4017942258e+00
7.2000000000e+00   -6.3601297564e+00
7.2200000000e+00   -6.2818986632e+00
7.2400000000e+00   -6.2661859410e+00
7.2600000000e+00   -6.3364227944e+00
7.2800000000e+00   -6.4374477830e+00
7.3000000000e+00   -6.4468697887e+00
7.3200000000e+00   -6.3606506231e+00
7.3400000000e+00   -6.3032555431e+00
7.3600000000e+00   -6.3375968934e+00
7.3800000000e+00   -6.4461959964e+00
7.4000000000e+00   -6.5180765164e+00
7.4200000000e+00   -6.4549864539e+00
7.4400000000e+00   -6.3619622696e+00
7.4600000000e+00   -6.3500651254e+00
7.4800000000e+00   -6.4384841480e+00
7.5000000000e+00   -6.5577892025e+00
7.5200000000e+00   -6.5543285963e+00
7.5400000000e+00   -6.4441096961e+00
7.5600000000e+00   -6.3819836372e+00
7.5800000000e+00   -6.4296144370e+00
7.6000000000e+00   -6.5622325823e+00
7.6200000000e+00   -6.6389153610e+00
7.6400000000e+00   -6.5475123155e+00
7.6600000000e+00   -6.4388498029e+00
7.6800000000e+00   -6.4330589747e+00
7.7000000000e+00   -6.5440670758e+00
7.7200000000e+00   -6.6855860155e+00
7.7400000000e+00   -6.6622588216e+00
7.7600000000e+00   -6.5238437633e+00
7.7800000000e+00   -6.4584187009e+00
7.8000000000e+00   -6.5229169282e+00
7.8200000000e+00   -6.6856189603e+00
7.8400000000e+00   -6.7653553562e+00
7.8600000000e+00   -6.6368240113e+00
7.8800000000e+00   -6.5122595850e+00
7.9000000000e+00   -6.5153642621e+00
7.9200000000e+00   -6.6545355834e+00
7.9400000000e+00   -6.8236280574e+00
7.9600000000e+00   -6.7700416483e+00
7.9800000000e+00   -6.5992359257e+00
8.0000000000e+00   -6.5325405071e+00
8.0200000000e+00   -6.6182100605e+00
8.0400000000e+00   -6.8193893059e+00
8.0600000000e+00   -6.8987389458e+00
8.0800000000e+00   -6.7218852250e+00
8.1000000000e+00   -6.5819593740e+00
8.1200000000e+00   -6.5972736544e+00
8.1400000000e+00   -6.7718683567e+00
8.1600000000e+00   -6.9763641378e+00
8.1800000000e+00   -6.8766910573e+00
8.2000000000e+00   -6.6697182558e+00
8.2200000000e+00   -6.6044076118e+00
8.2400000000e+00   -6.7164618999e+00
8.2600000000e+00   -6.9685003816e+00
8.2800000000e+00   -7.0408258659e+00
8.3000000000e+00   -6.8015536348e+00
8.3200000000e+00   -6.6478124299e+00
8.3400000000e+00   -6.6791976883e+00
8.3600000000e+00   -6.8990793458e+00
8.3800000000e+00   -7.1515956748e+00
8.4000000000e+00   -6.9807340529e+00
8.4200000000e+00   -6.7348287484e+00
8.4400000000e+00   -6.6741693141e+00
8.4600000000e+00   -6.8190246982e+00
8.4800000000e+00   -7.1419276616e+00
8.5000000000e+00   -7.1939770430e+00
8.5200000000e+00   -6.8746706099e+00
8.5400000000e+00   -6.7097986014e+00
8.5600000000e+00   -6.7616935565e+00
8.5800000000e+00   -7.0410895551e+00
8.6000000000e+00   -7.3651412906e+00
8.6200000000e+00   -7.0801104689e+00
8.6400000000e+00   -6.7942672369e+00
8.6600000000e+00   -6.7420748931e+00
8.6800000000e+00   -6.9278459197e+00
8.7000000000e+00   -7.3587759933e+00
8.7200000000e+00   -7.3614447145e+00
8.7400000000e+00   -6.9401918954e+00
8.7600000000e+00   -6.7680270733e+00
8.7800000000e+00   -6.8455059280e+00
8.8000000000e+00   -7.2067952956e+00
8.8200000000e+00   -7.6583381291e+00
8.8400000000e+00   -7.1721610260e+00
8.8600000000e+00   -6.8479391297e+00
8.8800000000e+00   -6.8084803689e+00
8.9000000000e+00   -7.0458626506e+00
8.9200000000e+00   -7.6737975165e+00
8.9400000000e+00   -7.5478359038e+00
8.9600000000e+00   -6.9973399408e+00
8.9800000000e+00   -6.8227387975e+00
9.0000000000e+00   -6.9316293595e+00
9.0200000000e+00   -7.4150785793e+00
9.0400000000e+00   -8.2334951279e+00
9.0600000000e+00   -7.2538065480e+00
9.0800000000e+00   -6.8959768932e+00
9.1000000000e+00   -6.8738540629e+00
9.1200000000e+00   -7.1778127383e+00
9.1400000000e+00   -8.4760080221e+00
9.1600000000e+00   -7.7598291345e+00
9.1800000000e+00   -7.0457407699e+00
9.2000000000e+00   -6.8742986799e+00
9.2200000000e+00   -7.0214102386e+00
9.2400000000e+00   -7.7197397082e+00
9.2600000000e+00   -8.2099868479e+00
9.2800000000e+00   -7.3220065405e+00
9.3000000000e+00   -6.9387340168e+00
9.3200000000e+00   -6.9387833969e+00
9.3400000000e+00   -7.3321348508e+00
9.3600000000e+00   -7.9739464753e+00
9.3800000000e+00   -8.0070352136e+00
9.4000000000e+00   -7.0855025445e+00
9.4200000000e+00   -6.9231796583e+00
9.4400000000e+00   -7.1167238698e+00
9.4600000000e+00   -8.4919012693e+00
9.4800000000e+00   -7.8289679169e+00
9.5000000000e+00   -7.3744603079e+00
9.5200000000e+00   -6.9767532070e+00
9.5400000000e+00   -7.0039867454e+00
9.5600000000e+00   -7.5263725364e+00
9.5800000000e+00   -7.6702752800e+00
9.6000000000e+00   -8.3010880330e+00
9.6200000000e+00   -7.1172079522e+00
9.6400000000e+00   -6.9699423368e+00
9.6600000000e+00   -7.2203033383e+00
9.6800000000e+00   -8.0144243645e+00
9.7000000000e+00   -7.6827247249e+00
9.7200000000e+00   -7.4102979224e+00
9.7400000000e+00   -7.0107168443e+00
9.7600000000e+00   -7.0703359603e+00
9.7800000000e+00   -7.8086545914e+00
9.8000000000e+00   -7.5308666815e+00
9.8200000000e+00   -8.6374357953e+00
9.8400000000e+00   -7.1418232597e+00
9.8600000000e+00   -7.0152144186e+00
9.8800000000e+00   -7.3364034202e+00
9.9000000000e+00   -7.6968464314e+00
9.9200000000e+00   -7.6111381275e+00
9.9400000000e+00   -7.4303892488e+00
9.9600000000e+00   -7.0413908584e+00
9.9800000000e+00   -7.1388981619e+00
1.0000000000e+01   -8.4604473546e+00
1.0020000000e+01   -7.4518615614e+00
1.0040000000e+01   -8.8869041090e+00
1.0060000000e+01   -7.1605559471e+00
1.0080000000e+01   -7.0596739209e+00
1.0100000000e+01   -7.4723042619e+00
1.0120000000e+01   -7.5460710921e+00
1.0140000000e+01   -7.5783196288e+00
1.0160000000e+01   -7.4370763682e+00
1.0180000000e+01   -7.0695725024e+00
1.0200000000e+01   -7.2110111334e+00
1.0220000000e+01   -8.1683996989e+00
1.0240000000e+01   -7.4049094071e+00
1.0260000000e+01   -8.7946228556e+00
1.0280000000e+01   -7.1747041692e+00
1.0300000000e+01   -7.1040394162e+00
1.0320000000e+01   -7.6423520666e+00
1.0340000000e+01   -7.4557567009e+00
1.0360000000e+01   -7.5707247515e+00
1.0380000000e+01   -7.4334987080e+00
1.0400000000e+01   -7.0960491713e+00
1.0420000000e+01   -7.2884188086e+00
1.0440000000e+01   -7.8103549283e+00
1.0460000000e+01   -7.3782310675e+00
1.0480000000e+01   -8.5346855345e+00
1.0500000000e+01   -7.1855326614e+00
1.0520000000e+01   -7.1490698184e+00
1.0540000000e+01   -7.8823884669e+00
1.0560000000e+01   -7.3970959306e+00
1.0580000000e+01   -7.5823033787e+00
1.0600000000e+01   -7.4228806827e+00
1.0620000000e+01   -7.1215713380e+00
1.0640000000e+01   -7.3735211892e+00
1.0660000000e+01   -7.6417475819e+00
1.0680000000e+01   -7.3659075548e+00
1.0700000000e+01   -8.3018702039e+00
1.0720000000e+01   -7.1941911935e+00
1.0740000000e+01   -7.1955760023e+00
1.0760000000e+01   -8.3458281584e+00
1.0780000000e+01   -7.3581059047e+00
1.0800000000e+01   -7.6104953252e+00
1.0820000000e+01   -7.4080504792e+00
1.0840000000e+01   -7.1468393600e+00
1.0860000000e+01   -7.4698624630e+00
1.0880000000e+01   -7.5379058074e+00
1.0900000000e+01   -7.3646541107e+00
1.0920000000e+01   -8.1186428554e+00
1.0940000000e+01   -7.2016749414e+00
1.0960000000e+01   -7.2444472858e+00
1.0980000000e+01   -8.5016889585e+00
1.1000000000e+01   -7.3327086314e+00
1.1020000000e+01   -7.6549484121e+00
1.1040000000e+01   -7.3912415494e+00
1.1060000000e+01   -7.1725020772e+00
1.1080000000e+01   -7.5831775942e+00
1.1100000000e+01   -7.4672089609e+00
1.1120000000e+01   -7.3725748419e+00
1.1140000000e+01   -7.9744607828e+00
1.1160000000e+01   -7.2088170154e+00
1.1180000000e+01   -7.2966980896e+00
1.1200000000e+01   -8.0011128858e+00
1.1220000000e+01   -7.3174505871e+00
1.1240000000e+01   -7.7173344376e+00
1.1260000000e+01   -7.3740937655e+00
1.1280000000e+01   -7.1991645802e+00
1.1300000000e+01   -7.7239781345e+00
1.1320000000e+01   -7.4168112189e+00
1.1340000000e+01   -7.3886085357e+00
1.1360000000e+01   -7.8589569518e+00
1.1380000000e+01   -7.2163011948e+00
1.1400000000e+01   -7.3535450312e+00
1.1420000000e+01   -7.7946531987e+00
1.1440000000e+01   -7.3102310961e+00
1.1460000000e+01   -7.8020716747e+00
1.1480000000e+01   -7.3577498890e+00
1.1500000000e+01   -7.2274029382e+00
1.1520000000e+01   -7.9155538108e+00
1.1540000000e+01   -7.3802633274e+00
1.1560000000e+01   -7.4122664454e+00
1.1580000000e+01   -7.7648255581e+00
1.1600000000e+01   -7.2246849015e+00
1.1620000000e+01   -7.4165351047e+00
1.1640000000e+01   -7.6690412155e+00
1.1660000000e+01   -7.3097254554e+00
1.1680000000e+01   -7.9187678721e+00
1.1700000000e+01   -7.3429756502e+00
1.1720000000e+01   -7.2577846557e+00
1.1740000000e+01   -8.2316938456e+00
1.1760000000e+01   -7.3539057993e+00
1.1780000000e+01   -7.4435174762e+00
1.1800000000e+01   -7.6870807960e+00
1.1820000000e+01   -7.2344256695e+00
1.1840000000e+01   -7.4877683440e+00
1.1860000000e+01   -7.5821970052e+00
1.1880000000e+01   -7.3150945497e+00
1.1900000000e+01   -8.0902813055e+00
1.1920000000e+01   -7.3302684633e+00
1.1940000000e+01   -7.2908948705e+00
1.1960000000e+01   -1.1033228604e+01
1.1980000000e+01   -7.3354941643e+00
1.2000000000e+01   -7.4827677487e+00
1.2020000000e+01   -7.6222647436e+00
1.2040000000e+01   -7.2459073469e+00
1.2060000000e+01   -7.5703129463e+00
1.2080000000e+01   -7.5183435304e+00
1.2100000000e+01   -7.3258288298e+00
1.2120000000e+01   -8.3915569564e+00
1.2140000000e+01   -7.3199435154e+00
1.2160000000e+01   -7.3273699216e+00
1.2180000000e+01   -8.2642660889e+00
1.2200000000e+01   -7.3235808862e+00
1.2220000000e+01   -7.5309257610e+00
1.2240000000e+01   -7.5679184117e+00
1.2260000000e+01   -7.2594643134e+00
1.2280000000e+01   -7.6690581830e+00
1.2300000000e+01   -7.4698708001e+00
1.2320000000e+01   -7.3416626111e+00
1.2340000000e+01   -1.0225021415e+01
1.2360000000e+01   -7.3121973388e+00
1.2380000000e+01   -7.3679420878e+00
1.2400000000e+01   -7.9788369697e+00
1.2420000000e+01   -7.3172045480e+00
1.2440000000e+01   -7.5895818949e+00
1.2460000000e+01   -7.5222501032e+00
1.2480000000e+01   -7.2754035693e+00
1.2500000000e+01   -7.7927204179e+00
1.2520000000e+01   -7.4325523682e+00
1.2540000000e+01   -7.3625294620e+00
1.2560000000e+01   -8.3800432457e+00
1.2580000000e+01   -7.3071530956e+00
1.2600000000e+01   -7.4135029478e+00
1.2620000000e+01   -7.8190002213e+00
1.2640000000e+01   -7.3157206161e+00
1.2660000000e+01   -7.6613917841e+00
1.2680000000e+01   -7.4839264689e+00
1.2700000000e+01   -7.2940252254e+00
1.2720000000e+01   -7.9596118575e+00
1.2740000000e+01   -7.4038202890e+00
1.2760000000e+01   -7.3885455093e+00
1.2780000000e+01   -8.0856329043e+00
1.2800000000e+01   -7.3048922987e+00
1.2820000000e+01   -7.4651993333e+00
1.2840000000e+01   -7.7108982450e+00
1.2860000000e+01   -7.3187042429e+00
1.2880000000e+01   -7.7509033980e+00
1.2900000000e+01   -7.4519379742e+00
1.2920000000e+01   -7.3156425660e+00
1.2940000000e+01   -8.2211461444e+00
1.2960000000e+01   -7.3820167598e+00
1.2980000000e+01   -7.4200159755e+00
1.3000000000e+01   -7.9158879072e+00
1.3020000000e+01   -7.3054770761e+00
1.3040000000e+01   -7.5245893669e+00
1.3060000000e+01   -7.6314702356e+00
1.3080000000e+01   -7.3258928041e+00
1.3100000000e+01   -7.8665355873e+00
1.3120000000e+01   -7.4255101157e+00
1.3140000000e+01   -7.3406033138e+00
1.3160000000e+01   -8.9081548137e+00
1.3180000000e+01   -7.3660266726e+00
1.3200000000e+01   -7.4574666248e+00
1.3220000000e+01   -7.7984554032e+00
1.3240000000e+01   -7.3089661623e+00
1.3260000000e+01   -7.5939163442e+00
1.3280000000e+01   -7.5704967161e+00
1.3300000000e+01   -7.3371521844e+00
1.3320000000e+01   -8.0262944378e+00
1.3340000000e+01   -7.4040434254e+00
1.3360000000e+01   -7.3693143744e+00
1.3380000000e+01   -8.4771770431e+00
1.3400000000e+01   -7.3550805142e+00
1.3420000000e+01   -7.5017088829e+00
1.3440000000e+01   -7.7104388167e+00
1.3460000000e+01   -7.3154269799e+00
1.3480000000e+01   -7.6766339009e+00
1.3500000000e+01   -7.5225662228e+00
1.3520000000e+01   -7.3524585943e+00
1.3540000000e+01   -8.2810412293e+00
1.3560000000e+01   -7.3870721463e+00
1.3580000000e+01   -7.4022734202e+00
1.3600000000e+01   -8.1146722563e+00
1.3620000000e+01   -7.3486415833e+00
1.3640000000e+01   -7.5539590900e+00
1.3660000000e+01   -7.6415814145e+00
1.3680000000e+01   -7.3249455722e+00
1.3700000000e+01   -7.7785312135e+00
1.3720000000e+01   -7.4844819859e+00
1.3740000000e+01   -7.3718919649e+00
1.3760000000e+01   -8.9554908876e+00
1.3780000000e+01   -7.3742352400e+00
1.3800000000e+01   -7.4401124793e+00
1.3820000000e+01   -7.9285744090e+00
1.3840000000e+01   -7.3463385076e+00
1.3860000000e+01   -7.6160564369e+00
1.3880000000e+01   -7.5863919745e+00
1.3900000000e+01   -7.3376357595e+00
1.3920000000e+01   -7.9105442281e+00
1.3940000000e+01   -7.4542117728e+00
1.3960000000e+01   -7.3956393528e+00
1.3980000000e+01   -8.5327603633e+00
1.4000000000e+01   -7.3652559761e+00
1.4020000000e+01   -7.4836626147e+00
1.4040000000e+01   -7.8057244555e+00
1.4060000000e+01   -7.3479236966e+00
1.4080000000e+01   -7.6908807729e+00
1.4100000000e+01   -7.5415882301e+00
1.4120000000e+01   -7.3536488257e+00
1.4140000000e+01   -8.0976617751e+00
1.4160000000e+01   -7.4303959190e+00
1.4180000000e+01   -7.4240090065e+00
1.4200000000e+01   -8.1642234069e+00
1.4220000000e+01   -7.3599275263e+00
1.4240000000e+01   -7.5340559187e+00
1.4260000000e+01   -7.7161235422e+00
1.4280000000e+01   -7.3532477896e+00
1.4300000000e+01   -7.7832260768e+00
1.4320000000e+01   -7.5050568179e+00
1.4340000000e+01   -7.3731849162e+00
1.4360000000e+01   -8.4231992099e+00
1.4380000000e+01   -7.4120920443e+00
1.4400000000e+01   -7.4574579133e+00
1.4420000000e+01   -7.9739855618e+00
1.4440000000e+01   -7.3581030027e+00
1.4460000000e+01   -7.5928969303e+00
1.4480000000e+01   -7.6473242923e+00
1.4500000000e+01   -7.3622446406e+00
1.4520000000e+01   -7.9018803593e+00
1.4540000000e+01   -7.4753638002e+00
1.4560000000e+01   -7.3965077289e+00
1.4580000000e+01   -9.4891141182e+00
1.4600000000e+01   -7.3986322489e+00
1.4620000000e+01   -7.4966389909e+00
1.4640000000e+01   -7.8476486559e+00
1.4660000000e+01   -7.3596889501e+00
1.4680000000e+01   -7.6625719129e+00
1.4700000000e+01   -7.5929659789e+00
1.4720000000e+01   -7.3749239433e+00
1.4740000000e+01   -8.0656846957e+00
1.4760000000e+01   -7.4514993303e+00
1.4780000000e+01   -7.4239646335e+00
1.4800000000e+01   -8.3681279448e+00
1.4820000000e+01   -7.3895386472e+00
1.4840000000e+01   -7.5424800015e+00
1.4860000000e+01   -7.7549757558e+00
1.4880000000e+01   -7.3646416941e+00
1.4900000000e+01   -7.7468577346e+00
1.4920000000e+01   -7.5493699632e+00
1.4940000000e+01   -7.3913701034e+00
1.4960000000e+01   -8.3287565008e+00
1.4980000000e+01   -7.4327339440e+00
1.5000000000e+01   -7.4560155830e+00
1.5020000000e+01   -8.0924526408e+00
1.5040000000e+01   -7.3844713549e+00
1.5060000000e+01   -7.5963180522e+00
1.5080000000e+01   -7.6834167809e+00
1.5100000000e+01   -7.3729662791e+00
1.5120000000e+01   -7.8522671183e+00
1.5140000000e+01   -7.5142274072e+00
1.5160000000e+01   -7.4117471677e+00
1.5180000000e+01   -9.0708541228e+00
1.5200000000e+01   -7.4185327881e+00
1.5220000000e+01   -7.4932761882e+00
1.5240000000e+01   -7.9319245205e+00
1.5260000000e+01   -7.3831958024e+00
1.5280000000e+01   -7.6601398845e+00
1.5300000000e+01   -7.6265480944e+00
1.5320000000e+01   -7.3847179240e+00
1.5340000000e+01   -7.9915546383e+00
1.5360000000e+01   -7.4860043218e+00
1.5380000000e+01   -7.4363105277e+00
1.5400000000e+01   -8.5379186985e+00
1.5420000000e+01   -7.4085022667e+00
1.5440000000e+01   -7.5365847891e+00
1.5460000000e+01   -7.8208209033e+00
1.5480000000e+01   -7.3855620616e+00
1.5500000000e+01   -7.7370415859e+00
1.5520000000e+01   -7.5806457006e+00
1.5540000000e+01   -7.4000064068e+00
1.5560000000e+01   -8.1956315463e+00
1.5580000000e+01   -7.4636398207e+00
1.5600000000e+01   -7.4654274136e+00
1.5620000000e+01   -8.1855177357e+00
1.5640000000e+01   -7.4023558201e+00
1.5660000000e+01   -7.5871115180e+00
1.5680000000e+01   -7.7377025434e+00
1.5700000000e+01   -7.3914923787e+00
1.5720000000e+01   -7.8321990090e+00
1.5740000000e+01   -7.5433652038e+00
1.5760000000e+01   -7.4190039112e+00
1.5780000000e+01   -8.5833590960e+00
1.5800000000e+01   -7.4463800828e+00
1.5820000000e+01   -7.4996101832e+00
1.5840000000e+01   -7.9999299856e+00
1.5860000000e+01   -7.3998916825e+00
1.5880000000e+01   -7.6465455644e+00
1.5900000000e+01   -7.6728590638e+00
1.5920000000e+01   -7.4009746781e+00
1.5940000000e+01   -7.9552236918e+00
1.5960000000e+01   -7.5131433821e+00
1.5980000000e+01   -7.4419575410e+00
1.6000000000e+01   -8.9716716059e+00
1.6020000000e+01   -7.4336812059e+00
1.6040000000e+01   -7.5395696518e+00
1.6060000000e+01   -7.8758768386e+00
1.6080000000e+01   -7.4009785824e+00
1.6100000000e+01   -7.7174393806e+00
1.6120000000e+01   -7.6210711182e+00
1.6140000000e+01   -7.4140609694e+00
1.6160000000e+01   -8.1272601320e+00
1.6180000000e+01   -7.4888945661e+00
1.6200000000e+01   -7.4692084770e+00
1.6220000000e+01   -8.3340772539e+00
1.6240000000e+01   -7.4251497500e+00
1.6260000000e+01   -7.5863021088e+00
1.6280000000e+01   -7.7845771502e+00
1.6300000000e+01   -7.4055470667e+00
1.6320000000e+01   -7.8038997587e+00
1.6340000000e+01   -7.5792178674e+00
1.6360000000e+01   -7.4308703718e+00
1.6380000000e+01   -8.4126252520e+00
1.6400000000e+01   -7.4698433987e+00
1.6420000000e+01   -7.5012211790e+00
1.6440000000e+01   -8.0934063154e+00
1.6460000000e+01   -7.4205051836e+00
1.6480000000e+01   -7.6412367666e+00
1.6500000000e+01   -7.7139329132e+00
1.6520000000e+01   -7.4135852114e+00
1.6540000000e+01   -7.9131535857e+00
1.6560000000e+01   -7.5452937017e+00
1.6580000000e+01   -7.4515972100e+00
1.6600000000e+01   -9.4755241758e+00
1.6620000000e+01   -7.4554267691e+00
1.6640000000e+01   -7.5386283833e+00
1.6660000000e+01   -7.9454479203e+00
1.6680000000e+01   -7.4195559724e+00
1.6700000000e+01   -7.7065002128e+00
1.6720000000e+01   -7.6577105962e+00
1.6740000000e+01   -7.4251379898e+00
1.6760000000e+01   -8.0597816446e+00
1.6780000000e+01   -7.5179427257e+00
1.6800000000e+01   -7.4765254966e+00
1.6820000000e+01   -8.5070988505e+00
1.6840000000e+01   -7.4452336465e+00
1.6860000000e+01   -7.5823025619e+00
1.6880000000e+01   -7.8406250171e+00
1.6900000000e+01   -7.4221844613e+00
1.6920000000e+01   -7.7854276861e+00
1.6940000000e+01   -7.6122823072e+00
1.6960000000e+01   -7.4403104583e+00
1.6980000000e+01   -8.2810672810e+00
1.7000000000e+01   -7.4962150004e+00
1.7020000000e+01   -7.5060521768e+00
1.7040000000e+01   -8.1907914807e+00
1.7060000000e+01   -7.4389669767e+00
1.7080000000e+01   -7.6334738547e+00
1.7100000000e+01   -7.7611688526e+00
1.7120000000e+01   -7.4283380622e+00
1.7140000000e+01   -7.8836607272e+00
1.7160000000e+01   -7.5753587900e+00
1.7180000000e+01   -7.4592750289e+00
1.7200000000e+01   -8.7439090808e+00
1.7220000000e+01   -7.4794292104e+00
1.7240000000e+01   -7.5407237434e+00
1.7260000000e+01   -8.0157711687e+00
1.7280000000e+01   -7.4364191354e+00
1.7300000000e+01   -7.6939352460e+00
1.7320000000e+01   -7.6986611780e+00
1.7340000000e+01   -7.4380253041e+00
1.7360000000e+01   -8.0118819792e+00
1.7380000000e+01   -7.5454115676e+00
1.7400000000e+01   -7.4822840258e+00
1.7420000000e+01   -8.8079596469e+00
1.7440000000e+01   -7.4670908235e+00
1.7460000000e+01   -7.5812942567e+00
1.7480000000e+01   -7.8967099208e+00
1.7500000000e+01   -7.4374562599e+00
1.7520000000e+01   -7.7664250037e+00
1.7540000000e+01   -7.6484530800e+00
1.7560000000e+01   -7.4513161321e+00
1.7580000000e+01   -8.1944166402e+00
1.7600000000e+01   -7.5213785212e+00
1.7620000000e+01   -7.5096895371e+00
1.7640000000e+01   -8.3170298508e+00
1.7660000000e+01   -7.4588413053e+00
1.7680000000e+01   -7.6288199746e+00
1.7700000000e+01   -7.8082804948e+00
1.7720000000e+01   -7.4420087889e+00
1.7740000000e+01   -7.8554081546e+00
1.7760000000e+01   -7.6077139709e+00
1.7780000000e+01   -7.4683464860e+00
1.7800000000e+01   -8.5112558469e+00
1.7820000000e+01   -7.5025012401e+00
1.7840000000e+01   -7.5419742107e+00
1.7860000000e+01   -8.0989347604e+00
1.7880000000e+01   -7.4544257615e+00
1.7900000000e+01   -7.6848204859e+00
1.7920000000e+01   -7.7394745959e+00
1.7940000000e+01   -7.4500667594e+00
1.7960000000e+01   -7.9688904281e+00
1.7980000000e+01   -7.5746012148e+00
1.8000000000e+01   -7.4893278214e+00
1.8020000000e+01   -9.7591626291e+00
1.8040000000e+01   -7.4882294869e+00
1.8060000000e+01   -7.5797992559e+00
1.8080000000e+01   -7.9599712113e+00
1.8100000000e+01   -7.4536722594e+00
1.8120000000e+01   -7.7515703648e+00
1.8140000000e+01   -7.6845126943e+00
1.8160000000e+01   -7.4616790736e+00
1.8180000000e+01   -8.1235087873e+00
1.8200000000e+01   -7.5478574138e+00
1.8220000000e+01   -7.5145632130e+00
1.8240000000e+01   -8.4748279455e+00
1.8260000000e+01   -7.4781624773e+00
1.8280000000e+01   -7.6240813249e+00
1.8300000000e+01   -7.8598911966e+00
1.8320000000e+01   -7.4564788716e+00
1.8340000000e+01   -7.8326708213e+00
1.8360000000e+01   -7.6399904798e+00
1.8380000000e+01   -7.4769568022e+00
1.8400000000e+01   -8.3642874723e+00
1.8420000000e+01   -7.5265957032e+00
1.8440000000e+01   -7.5444725859e+00
1.8460000000e+01   -8.1920505323e+00
1.8480000000e+01   -7.4720117364e+00
1.8500000000e+01   -7.6761206552e+00
1.8520000000e+01   -7.7833114188e+00
1.8540000000e+01   -7.4628063450e+00
1.8560000000e+01   -7.9343010108e+00
1.8580000000e+01   -7.6037421054e+00
1.8600000000e+01   -7.4960808831e+00
1.8620000000e+01   -8.9355901315e+00
1.8640000000e+01   -7.5101771785e+00
1.8660000000e+01   -7.5796322393e+00
1.8680000000e+01   -8.0279004306e+00
1.8700000000e+01   -7.4695771993e+00
1.8720000000e+01   -7.7378262996e+00
1.8740000000e+01   -7.7227020066e+00
1.8760000000e+01   -7.4726752881e+00
1.8780000000e+01   -8.0684279071e+00
1.8800000000e+01   -7.5743131709e+00
1.8820000000e+01   -7.5193154223e+00
1.8840000000e+01   -8.7124944667e+00
1.8860000000e+01   -7.4981370826e+00
1.8880000000e+01   -7.6208375259e+00
1.8900000000e+01   -7.9141548929e+00
1.8920000000e+01   -7.4707320391e+00
1.8940000000e+01   -7.8121415896e+00
1.8960000000e+01   -7.6738203890e+00
1.8980000000e+01   -7.4861674229e+00
1.9000000000e+01   -8.2634111756e+00
1.9020000000e+01   -7.5506890552e+00
1.9040000000e+01   -7.5470288254e+00
1.9060000000e+01   -8.3053449925e+00
1.9080000000e+01   -7.4901386820e+00
1.9100000000e+01   -7.6692055084e+00
1.9120000000e+01   -7.8288393696e+00
1.9140000000e+01   -7.4754136087e+00
1.9160000000e+01   -7.9039289235e+00
1.9180000000e+01   -7.6340481715e+00
1.9200000000e+01   -7.5034310955e+00
1.9220000000e+01   -8.6219682388e+00
1.9240000000e+01   -7.5321435186e+00
1.9260000000e+01   -7.5797266529e+00
1.9280000000e+01   -8.1049010564e+00
1.9300000000e+01   -7.4859437632e+00
1.9320000000e+01   -7.7263511710e+00
1.9340000000e+01   -7.7620551168e+00
1.9360000000e+01   -7.4836191333e+00
1.9380000000e+01   -8.0220755352e+00
1.9400000000e+01   -7.6016644546e+00
1.9420000000e+01   -7.5246918325e+00
1.9440000000e+01   -9.2023999938e+00
1.9460000000e+01   -7.5181492052e+00
1.9480000000e+01   -7.6181031839e+00
1.9500000000e+01   -7.9735059126e+00
1.9520000000e+01   -7.4853937867e+00
1.9540000000e+01   -7.7947097669e+00
1.9560000000e+01   -7.7084967245e+00
1.9580000000e+01   -7.4954054273e+00
1.9600000000e+01   -8.1856413256e+00
1.9620000000e+01   -7.5754868049e+00
1.9640000000e+01   -7.5502697814e+00
1.9660000000e+01   -8.4471714554e+00
1.9680000000e+01   -7.5083223633e+00
1.9700000000e+01   -7.6631243966e+00
1.9720000000e+01   -7.8775779218e+00
1.9740000000e+01   -7.4883981764e+00
1.9760000000e+01   -7.8781782496e+00
1.9780000000e+01   -7.6649968296e+00
1.9800000000e+01   -7.5108926976e+00
1.9820000000e+01   -8.4495998617e+00
1.9840000000e+01   -7.5546772658e+00
1.9860000000e+01   -7.5806068642e+00
1.9880000000e+01   -8.1923367260e+00
1.9900000000e+01   -7.5023878174e+00
1.9920000000e+01   -7.7161675048e+00
1.9940000000e+01   -7.8035899861e+00
1.9960000000e+01   -7.4949279549e+00
1.9980000000e+01   -7.9835489546e+00
2.0000000000e+01   -7.6295214837e+00
2.0020000000e+01   -7.5302729556e+00
2.0040000000e+01   -9.2099122236e+00
2.0060000000e+01   -7.5386304313e+00
2.0080000000e+01   -7.6163092692e+00
2.0100000000e+01   -8.0381636077e+00
2.0120000000e+01   -7.5001564240e+00
2.0140000000e+01   -7.7792686655e+00
2.0160000000e+01   -7.7447340431e+00
2.0180000000e+01   -7.5050136671e+00
2.0200000000e+01   -8.1243058035e+00
2.0220000000e+01   -7.6006958248e+00
2.0240000000e+01   -7.5538243097e+00
2.0260000000e+01   -8.6458866618e+00
2.0280000000e+01   -7.5269055432e+00
2.0300000000e+01   -7.6582150724e+00
2.0320000000e+01   -7.9294918256e+00
2.0340000000e+01   -7.5015108393e+00
2.0360000000e+01   -7.8555972824e+00
2.0380000000e+01   -7.6971068181e+00
2.0400000000e+01   -7.5187473553e+00
2.0420000000e+01   -8.3338755210e+00
2.0440000000e+01   -7.5775563280e+00
2.0460000000e+01   -7.5819335886e+00
2.0480000000e+01   -8.2960749542e+00
2.0500000000e+01   -7.5191838284e+00
2.0520000000e+01   -7.7075056513e+00
2.0540000000e+01   -7.8472200568e+00
2.0560000000e+01   -7.5063971767e+00
2.0580000000e+01   -7.9504605017e+00
2.0600000000e+01   -7.6582706335e+00
2.0620000000e+01   -7.5362888558e+00
2.0640000000e+01   -8.7487607941e+00
2.0660000000e+01   -7.5594113403e+00
2.0680000000e+01   -7.6151315418e+00
2.0700000000e+01   -8.1104229904e+00
2.0720000000e+01   -7.5152411649e+00
2.0740000000e+01   -7.7658986765e+00
2.0760000000e+01   -7.7824481204e+00
2.0780000000e+01   -7.5148212853e+00
2.0800000000e+01   -8.0737582037e+00
2.0820000000e+01   -7.6266099066e+00
2.0840000000e+01   -7.5578773666e+00
2.0860000000e+01   -8.9895741823e+00
2.0880000000e+01   -7.5457580319e+00
2.0900000000e+01   -7.6541483056e+00
2.0920000000e+01   -7.9857561334e+00
2.0940000000e+01   -7.5149306210e+00
2.0960000000e+01   -7.8360051264e+00
2.0980000000e+01   -7.7303093742e+00
2.1000000000e+01   -7.5268490603e+00
2.1020000000e+01   -8.2474638744e+00
2.1040000000e+01   -7.6010079011e+00
2.1060000000e+01   -7.5838501177e+00
2.1080000000e+01   -8.4241324700e+00
2.1100000000e+01   -7.5362309092e+00
2.1120000000e+01   -7.7000031816e+00
2.1140000000e+01   -7.8936411126e+00
2.1160000000e+01   -7.5181717854e+00
2.1180000000e+01   -7.9220511817e+00
2.1200000000e+01   -7.6878598098e+00
2.1220000000e+01   -7.5426108980e+00
2.1240000000e+01   -8.5397872535e+00
2.1260000000e+01   -7.5806700474e+00
2.1280000000e+01   -7.6146715980e+00
2.1300000000e+01   -8.1923928661e+00
2.1320000000e+01   -7.5305689746e+00
2.1340000000e+01   -7.7541567550e+00
2.1360000000e+01   -7.8220895154e+00
2.1380000000e+01   -7.5249451476e+00
2.1400000000e+01   -8.0315282931e+00
2.1420000000e+01   -7.6531913885e+00
2.1440000000e+01   -7.5623108705e+00
2.1460000000e+01   -9.8325353959e+00
2.1480000000e+01   -7.5650210060e+00
2.1500000000e+01   -7.6509791936e+00
2.1520000000e+01   -8.0471811346e+00
2.1540000000e+01   -7.5285946680e+00
2.1560000000e+01   -7.8187838658e+00
2.1580000000e+01   -7.7649144058e+00
2.1600000000e+01   -7.5352907116e+00
2.1620000000e+01   -8.1797143847e+00
2.1640000000e+01   -7.6250058875e+00
2.1660000000e+01   -7.5862421458e+00
2.1680000000e+01   -8.5955431565e+00
2.1700000000e+01   -7.5536418170e+00
2.1720000000e+01   -7.6936561653e+00
2.1740000000e+01   -7.9432384793e+00
2.1760000000e+01   -7.5302006653e+00
2.1780000000e+01   -7.8973035877e+00
2.1800000000e+01   -7.7185115403e+00
2.1820000000e+01   -7.5493106403e+00
2.1840000000e+01   -8.4064571734e+00
2.1860000000e+01   -7.6023893652e+00
2.1880000000e+01   -7.6148112281e+00
2.1900000000e+01   -8.2882874372e+00
2.1920000000e+01   -7.5462302318e+00
2.1940000000e+01   -7.7439527116e+00
2.1960000000e+01   -7.8638707435e+00
2.1980000000e+01   -7.5353423027e+00
2.2000000000e+01   -7.9955235432e+00
2.2020000000e+01   -7.6806052214e+00
2.2040000000e+01   -7.5671762694e+00
2.2060000000e+01   -8.9016285178e+00
2.2080000000e+01   -7.5846839649e+00
2.2100000000e+01   -7.6485757701e+00
2.2120000000e+01   -8.1153783183e+00
2.2140000000e+01   -7.5425753119e+00
2.2160000000e+01   -7.8036977138e+00
2.2180000000e+01   -7.8010533528e+00
2.2200000000e+01   -7.5440344047e+00
2.2220000000e+01   -8.1245163538e+00
2.2240000000e+01   -7.6496756676e+00
2.2260000000e+01   -7.5891409109e+00
2.2280000000e+01   -8.8625577707e+00
2.2300000000e+01   -7.5714106426e+00
2.2320000000e+01   -7.6883036990e+00
2.2340000000e+01   -7.9968080536e+00
2.2360000000e+01   -7.5425413346e+00
2.2380000000e+01   -7.8756953132e+00
2.2400000000e+01   -7.7503148520e+00
2.2420000000e+01   -7.5563522485e+00
2.2440000000e+01   -8.3098058958e+00
2.2460000000e+01   -7.6246664921e+00
2.2480000000e+01   -7.6155594701e+00
2.2500000000e+01   -8.4048243368e+00
2.2520000000e+01   -7.5622221479e+00
2.2540000000e+01   -7.7350718815e+00
2.2560000000e+01   -7.9082475264e+00
2.2580000000e+01   -7.5460574719e+00
2.2600000000e+01   -7.9645389431e+00
2.2620000000e+01   -7.7089165517e+00
2.2640000000e+01   -7.5724370699e+00
2.2660000000e+01   -8.6377894874e+00
2.2680000000e+01   -7.6048230923e+00
2.2700000000e+01   -7.6469198946e+00
2.2720000000e+01   -8.1923957425e+00
2.2740000000e+01   -7.5568715845e+00
2.2760000000e+01   -7.7904309242e+00
2.2780000000e+01   -7.8390136799e+00
2.2800000000e+01   -7.5531134861e+00
2.2820000000e+01   -8.0785198780e+00
2.2840000000e+01   -7.6750674612e+00
2.2860000000e+01   -7.5925055748e+00
2.2880000000e+01   -9.5775702500e+00
2.2900000000e+01   -7.5895982927e+00
2.2920000000e+01   -7.6838925290e+00
2.2940000000e+01   -8.0552285222e+00
2.2960000000e+01   -7.5551929473e+00
2.2980000000e+01   -7.8567069850e+00
2.3000000000e+01   -7.7834646068e+00
2.3020000000e+01   -7.5637588251e+00
2.3040000000e+01   -8.2350517967e+00
2.3060000000e+01   -7.6475413208e+00
2.3080000000e+01   -7.6168667111e+00
2.3100000000e+01   -8.5557433610e+00
2.3120000000e+01   -7.5785937097e+00
2.3140000000e+01   -7.7274087631e+00
2.3160000000e+01   -7.9556769445e+00
2.3180000000e+01   -7.5570889480e+00
2.3200000000e+01   -7.9375954620e+00
2.3220000000e+01   -7.7382642827e+00
2.3240000000e+01   -7.5781058777e+00
2.3260000000e+01   -8.4822520690e+00
2.3280000000e+01   -7.6254711542e+00
2.3300000000e+01   -7.6459476711e+00
2.3320000000e+01   -8.2815888132e+00
2.3340000000e+01   -7.5715228580e+00
2.3360000000e+01   -7.7787927903e+00
2.3380000000e+01   -7.8790649063e+00
2.3400000000e+01   -7.5625242257e+00
2.3420000000e+01   -8.0394691927e+00
2.3440000000e+01   -7.7012846011e+00
2.3460000000e+01   -7.5963377927e+00
2.3480000000e+01   -9.1036430442e+00
2.3500000000e+01   -7.6082313049e+00
2.3520000000e+01   -7.6803344974e+00
2.3540000000e+01   -8.1198179850e+00
2.3560000000e+01   -7.5681874059e+00
2.3580000000e+01   -7.8399940498e+00
2.3600000000e+01   -7.8181336525e+00
2.3620000000e+01   -7.5715229161e+00
2.3640000000e+01   -8.1747690360e+00
2.3660000000e+01   -7.6710937010e+00
2.3680000000e+01   -7.6187219955e+00
2.3700000000e+01   -8.7748131961e+00
2.3720000000e+01   -7.5953663278e+00
2.3740000000e+01   -7.7208364720e+00
2.3760000000e+01   -8.0068151060e+00
2.3780000000e+01   -7.5684619852e+00
2.3800000000e+01   -7.9140280490e+00
2.3820000000e+01   -7.7687667906e+00
2.3840000000e+01   -7.5841702901e+00
2.3860000000e+01   -8.3734031115e+00
2.3880000000e+01   -7.6466912768e+00
2.3900000000e+01   -7.6456318275e+00
2.3920000000e+01   -8.3884333952e+00
2.3940000000e+01   -7.5865460597e+00
2.3960000000e+01   -7.7685912655e+00
2.3980000000e+01   -7.9215845698e+00
2.4000000000e+01   -7.5722857772e+00
2.4020000000e+01   -8.0059002075e+00
2.4040000000e+01   -7.7284119990e+00
2.4060000000e+01   -7.6006182237e+00
2.4080000000e+01   -8.7477453456e+00
2.4100000000e+01   -7.6273609008e+00
2.4120000000e+01   -7.6775803180e+00
2.4140000000e+01   -8.1923874300e+00
2.4160000000e+01   -7.5815371874e+00
2.4180000000e+01   -7.8252467992e+00
2.4200000000e+01   -7.8545621150e+00
2.4220000000e+01   -7.5796578174e+00
2.4240000000e+01   -8.1248209612e+00
2.4260000000e+01   -7.6953865943e+00
2.4280000000e+01   -7.6210965531e+00
2.4300000000e+01   -9.2016480486e+00
2.4320000000e+01   -7.6125819458e+00
2.4340000000e+01   -7.7152726436e+00
2.4360000000e+01   -8.0624748381e+00
2.4380000000e+01   -7.5801850789e+00
2.4400000000e+01   -7.8932947187e+00
2.4420000000e+01   -7.8005877515e+00
2.4440000000e+01   -7.5906370375e+00
2.4460000000e+01   -8.2907664687e+00
2.4480000000e+01   -7.6685316267e+00
2.4500000000e+01   -7.6459307425e+00
2.4520000000e+01   -8.5233074378e+00
2.4540000000e+01   -7.6019756494e+00
2.4560000000e+01   -7.7596915113e+00
2.4580000000e+01   -7.9670065777e+00
2.4600000000e+01   -7.5824024206e+00
2.4620000000e+01   -7.9767372324e+00
2.4640000000e+01   -7.7565675196e+00
2.4660000000e+01   -7.6053462375e+00
2.4680000000e+01   -8.5627207100e+00
2.4700000000e+01   -7.6470243772e+00
2.4720000000e+01   -7.6755697905e+00
2.4740000000e+01   -8.2757396895e+00
2.4760000000e+01   -7.5952706427e+00
2.4780000000e+01   -7.8122406615e+00
2.4800000000e+01   -7.8930091846e+00
2.4820000000e+01   -7.5881631721e+00
2.4840000000e+01   -8.0825888641e+00
2.4860000000e+01   -7.7205084904e+00
2.4880000000e+01   -7.6239807115e+00
2.4900000000e+01   -9.4277855829e+00
2.4920000000e+01   -7.6302698251e+00
2.4940000000e+01   -7.7106297500e+00
2.4960000000e+01   -8.1238037052e+00
2.4980000000e+01   -7.5922808458e+00
2.5000000000e+01   -7.8750006773e+00
2.5020000000e+01   -7.8338952237e+00
2.5040000000e+01   -7.5975007647e+00
2.5060000000e+01   -8.2248969834e+00
2.5080000000e+01   -7.6910605022e+00
2.5100000000e+01   -7.6468228511e+00
2.5120000000e+01   -8.7093750857e+00
2.5140000000e+01   -7.6178345981e+00
2.5160000000e+01   -7.7519631848e+00
2.5180000000e+01   -8.0159145900e+00
2.5200000000e+01   -7.5928914749e+00
2.5220000000e+01   -7.9512208809e+00
2.5240000000e+01   -7.7858668017e+00
2.5260000000e+01   -7.6105103965e+00
2.5280000000e+01   -8.4390559007e+00
2.5300000000e+01   -7.6672757670e+00
2.5320000000e+01   -7.6742652793e+00
2.5340000000e+01   -8.3743501646e+00
2.5360000000e+01   -7.6094053712e+00
2.5380000000e+01   -7.8007735447e+00
2.5400000000e+01   -7.9338147760e+00
2.5420000000e+01   -7.5970511347e+00
2.5440000000e+01   -8.0463686833e+00
2.5460000000e+01   -7.7465424973e+00
2.5480000000e+01   -7.6273552915e+00
2.5500000000e+01   -8.8765243304e+00
2.5520000000e+01   -7.6484734074e+00
2.5540000000e+01   -7.7068471056e+00
2.5560000000e+01   -8.1923813914e+00
2.5580000000e+01   -7.6047621502e+00
2.5600000000e+01   -7.8588141213e+00
2.5620000000e+01   -7.8689064615e+00
2.5640000000e+01   -7.6047681575e+00
2.5660000000e+01   -8.1707161865e+00
2.5680000000e+01   -7.7143397241e+00
2.5700000000e+01   -7.6482788767e+00
2.5720000000e+01   -9.0208384566e+00
2.5740000000e+01   -7.6341580652e+00
2.5760000000e+01   -7.7453104612e+00
2.5780000000e+01   -8.0690429005e+00
2.5800000000e+01   -7.6037614336e+00
2.5820000000e+01   -7.9287578592e+00
2.5840000000e+01   -7.8164581195e+00
2.5860000000e+01   -7.6161110793e+00
2.5880000000e+01   -8.3473442316e+00
2.5900000000e+01   -7.6881623282e+00
2.5920000000e+01   -7.6736238651e+00
2.5940000000e+01   -8.4962743135e+00
2.5960000000e+01   -7.6239697546e+00
2.5980000000e+01   -7.7906928554e+00
2.6000000000e+01   -7.9773797509e+00
2.6020000000e+01   -7.6063257712e+00
2.6040000000e+01   -8.0149486396e+00
2.6060000000e+01   -7.7735951792e+00
2.6080000000e+01   -7.6312133451e+00
2.6100000000e+01   -8.6498831327e+00
2.6120000000e+01   -7.6672292796e+00
2.6140000000e+01   -7.7038621179e+00
2.6160000000e+01   -8.2705824768e+00
2.6180000000e+01   -7.6176517121e+00
2.6200000000e+01   -7.8444837541e+00
2.6220000000e+01   -7.9058645673e+00
2.6240000000e+01   -7.6124384283e+00
2.6260000000e+01   -8.1251322570e+00
2.6280000000e+01   -7.7384489665e+00
2.6300000000e+01   -7.6502827602e+00
2.6320000000e+01   -1.1522784248e+01
2.6340000000e+01   -7.6509745698e+00
2.6360000000e+01   -7.7396414489e+00
2.6380000000e+01   -8.1274028336e+00
2.6400000000e+01   -7.6150298025e+00
2.6420000000e+01   -7.9089066361e+00
2.6440000000e+01   -7.8485007025e+00
2.6460000000e+01   -7.6221422184e+00
2.6480000000e+01   -8.2752569176e+00
2.6500000000e+01   -7.7097452346e+00
2.6520000000e+01   -7.6736172585e+00
2.6540000000e+01   -8.6581453336e+00
2.6560000000e+01   -7.6389859792e+00
2.6580000000e+01   -7.7818605342e+00
2.6600000000e+01   -8.0242294328e+00
2.6620000000e+01   -7.6159995873e+00
2.6640000000e+01   -7.9874691592e+00
2.6660000000e+01   -7.8017768411e+00
2.6680000000e+01   -7.6355424467e+00
2.6700000000e+01   -8.5076927203e+00
2.6720000000e+01   -7.6865854343e+00
2.6740000000e+01   -7.7016296546e+00
2.6760000000e+01   -8.3621097313e+00
2.6780000000e+01   -7.6309663504e+00
2.6800000000e+01   -7.8317934052e+00
2.6820000000e+01   -7.9450790959e+00
2.6840000000e+01   -7.6205191031e+00
2.6860000000e+01   -8.0861595501e+00
2.6880000000e+01   -7.7634678661e+00
2.6900000000e+01   -7.6528139837e+00
2.6920000000e+01   -9.0373607801e+00
2.6940000000e+01   -7.6683223013e+00
2.6960000000e+01   -7.7348865816e+00
2.6980000000e+01   -8.1923778363e+00
2.7000000000e+01   -7.6267085992e+00
2.7020000000e+01   -7.8913075824e+00
2.7040000000e+01   -7.8821935814e+00
2.7060000000e+01   -7.6286059799e+00
2.7080000000e+01   -8.2164834151e+00
2.7100000000e+01   -7.7320838048e+00
2.7120000000e+01   -7.6742143535e+00
2.7140000000e+01   -8.9050187322e+00
2.7160000000e+01   -7.6544845482e+00
2.7180000000e+01   -7.7741693768e+00
2.7200000000e+01   -8.0750272545e+00
2.7220000000e+01   -7.6260801296e+00
2.7240000000e+01   -7.9632750379e+00
2.7260000000e+01   -7.8312236922e+00
2.7280000000e+01   -7.6403384933e+00
2.7300000000e+01   -8.4053243169e+00
2.7320000000e+01   -7.7065872073e+00
2.7340000000e+01   -7.7001042562e+00
2.7360000000e+01   -8.4733473769e+00
2.7380000000e+01   -7.6447301785e+00
2.7400000000e+01   -7.8205741644e+00
2.7420000000e+01   -7.9869194979e+00
2.7440000000e+01   -7.6290132438e+00
2.7460000000e+01   -8.0524212362e+00
2.7480000000e+01   -7.7894942333e+00
2.7500000000e+01   -7.6558609836e+00
2.7520000000e+01   -8.7466931635e+00
2.7540000000e+01   -7.6862362988e+00
2.7560000000e+01   -7.7309796012e+00
2.7580000000e+01   -8.2659990929e+00
2.7600000000e+01   -7.6388165431e+00
2.7620000000e+01   -7.8756829174e+00
2.7640000000e+01   -7.9177639189e+00
2.7660000000e+01   -7.6355005018e+00
2.7680000000e+01   -8.1673294054e+00
2.7700000000e+01   -7.7552509540e+00
2.7720000000e+01   -7.6753941832e+00
2.7740000000e+01   -9.4810462239e+00
2.7760000000e+01   -7.6704926218e+00
2.7780000000e+01   -7.7675218069e+00
2.7800000000e+01   -8.1306703336e+00
2.7820000000e+01   -7.6365811474e+00
2.7840000000e+01   -7.9418750915e+00
2.7860000000e+01   -7.8620858796e+00
2.7880000000e+01   -7.6455941979e+00
2.7900000000e+01   -8.3262150240e+00
2.7920000000e+01   -7.7272902590e+00
2.7940000000e+01   -7.6992521783e+00
2.7960000000e+01   -8.6166686660e+00
2.7980000000e+01   -7.6589641697e+00
2.8000000000e+01   -7.8106787056e+00
2.8020000000e+01   -8.0318612252e+00
2.8040000000e+01   -7.6379297294e+00
2.8060000000e+01   -8.0229445633e+00
2.8080000000e+01   -7.8166327491e+00
2.8100000000e+01   -7.6594099338e+00
2.8120000000e+01   -8.5804838890e+00
2.8140000000e+01   -7.7047598492e+00
2.8160000000e+01   -7.7278689700e+00
2.8180000000e+01   -8.3513651795e+00
2.8200000000e+01   -7.6513693509e+00
2.8220000000e+01   -7.8618001610e+00
2.8240000000e+01   -7.9554951010e+00
2.8260000000e+01   -7.6428297196e+00
2.8280000000e+01   -8.1254689701e+00
2.8300000000e+01   -7.7793225962e+00
2.8320000000e+01   -7.6771345663e+00
2.8340000000e+01   -9.2623585765e+00
2.8360000000e+01   -7.6870442371e+00
2.8380000000e+01   -7.7618401984e+00
2.8400000000e+01   -8.1923766176e+00
2.8420000000e+01   -7.6475136224e+00
2.8440000000e+01   -7.9228777417e+00
2.8460000000e+01   -7.8945467215e+00
2.8480000000e+01   -7.6513080933e+00
2.8500000000e+01   -8.2623960963e+00
2.8520000000e+01   -7.7487512947e+00
2.8540000000e+01   -7.6990402257e+00
2.8560000000e+01   -8.8217521015e+00
2.8580000000e+01   -7.6736950789e+00
2.8600000000e+01   -7.8019888628e+00
2.8620000000e+01   -8.0805054013e+00
2.8640000000e+01   -7.6472750770e+00
2.8660000000e+01   -7.9970024515e+00
2.8680000000e+01   -7.8450092071e+00
2.8700000000e+01   -7.6634530070e+00
2.8720000000e+01   -8.4653253914e+00
2.8740000000e+01   -7.7239363077e+00
2.8760000000e+01   -7.7255064088e+00
2.8780000000e+01   -8.4536238096e+00
2.8800000000e+01   -7.6643876510e+00
2.8820000000e+01   -7.8494738548e+00
2.8840000000e+01   -7.9957281788e+00
2.8860000000e+01   -7.6505956775e+00
2.8880000000e+01   -8.0893273339e+00
2.8900000000e+01   -7.8043889654e+00
2.8920000000e+01   -7.6794199649e+00
2.8940000000e+01   -8.8578381855e+00
2.8960000000e+01   -7.7041729025e+00
2.8980000000e+01   -7.7570543186e+00
2.9000000000e+01   -8.2618971495e+00
2.9020000000e+01   -7.6588929516e+00
2.9040000000e+01   -7.9059771465e+00
2.9060000000e+01   -7.9288186737e+00
2.9080000000e+01   -7.6574772776e+00
2.9100000000e+01   -8.2093994761e+00
2.9120000000e+01   -7.7710373308e+00
2.9140000000e+01   -7.6994430442e+00
2.9160000000e+01   -9.1992888229e+00
2.9180000000e+01   -7.6889487931e+00
2.9200000000e+01   -7.7944009655e+00
2.9220000000e+01   -8.1336514045e+00
2.9240000000e+01   -7.6570598556e+00
2.9260000000e+01   -7.9740487782e+00
2.9280000000e+01   -7.8747652977e+00
2.9300000000e+01   -7.6679817556e+00
2.9320000000e+01   -8.3781631670e+00
2.9340000000e+01   -7.7438165457e+00
2.9360000000e+01   -7.7238531515e+00
2.9380000000e+01   -8.5822436584e+00
2.9400000000e+01   -7.6778913319e+00
2.9420000000e+01   -7.8385466553e+00
2.9440000000e+01   -8.0388948049e+00
2.9460000000e+01   -7.6588041143e+00
2.9480000000e+01   -8.0578006513e+00
2.9500000000e+01   -7.8305495238e+00
2.9520000000e+01   -7.6822352244e+00
2.9540000000e+01   -8.6589909225e+00
2.9560000000e+01   -7.7219177990e+00
2.9580000000e+01   -7.7531065208e+00
2.9600000000e+01   -8.3418521184e+00
2.9620000000e+01   -7.6707338929e+00
2.9640000000e+01   -7.8909228352e+00
2.9660000000e+01   -7.9651617988e+00
2.9680000000e+01   -7.6641025289e+00
2.9700000000e+01   -8.1644802271e+00
2.9720000000e+01   -7.7942208751e+00
2.9740000000e+01   -7.7004368725e+00
2.9760000000e+01   -9.6776494000e+00
2.9780000000e+01   -7.7047557109e+00
2.9800000000e+01   -7.7878294175e+00
2.9820000000e+01   -8.1923774990e+00
2.9840000000e+01   -7.6672941621e+00
2.9860000000e+01   -7.9536560698e+00
2.9880000000e+01   -7.9060702192e+00
2.9900000000e+01   -7.6729914672e+00
2.9920000000e+01   -8.3087331028e+00
2.9940000000e+01   -7.7644549088e+00
2.9960000000e+01   -7.7228739906e+00
2.9980000000e+01   -8.7579073818e+00
3.0000000000e+01   -7.6919038123e+00
3.0020000000e+01   -7.8288891596e+00
3.0040000000e+01   -8.0855415780e+00
3.0060000000e+01   -7.6674607015e+00
3.0080000000e+01   -8.0300789381e+00
3.0100000000e+01   -7.8579206476e+00
3.0120000000e+01   -7.6855691432e+00
3.0140000000e+01   -8.5280908655e+00
3.0160000000e+01   -7.7403205438e+00
3.0180000000e+01   -7.7499457303e+00
3.0200000000e+01   -8.4364531648e+00
3.0220000000e+01   -7.6830539781e+00
3.0240000000e+01   -7.8775119298e+00
3.0260000000e+01   -8.0038917744e+00
3.0280000000e+01   -7.6711850454e+00
3.0300000000e+01   -8.1258252791e+00
3.0320000000e+01   -7.8183852969e+00
3.0340000000e+01   -7.7020024920e+00
3.0360000000e+01   -8.9916077284e+00
3.0380000000e+01   -7.7211480170e+00
3.0400000000e+01   -7.7821999276e+00
3.0420000000e+01   -8.2582032449e+00
3.0440000000e+01   -7.6779904283e+00
3.0460000000e+01   -7.9354879514e+00
3.0480000000e+01   -7.9391231359e+00
3.0500000000e+01   -7.6784783757e+00
3.0520000000e+01   -8.2515575940e+00
3.0540000000e+01   -7.7859130726e+00
3.0560000000e+01   -7.7225394081e+00
3.0580000000e+01   -9.0426869485e+00
3.0600000000e+01   -7.7064499380e+00
3.0620000000e+01   -7.8203913117e+00
3.0640000000e+01   -8.1363834929e+00
3.0660000000e+01   -7.6765731363e+00
3.0680000000e+01   -8.0055542727e+00
3.0700000000e+01   -7.8866363665e+00
3.0720000000e+01   -7.6894122638e+00
3.0740000000e+01   -8.4315378803e+00
3.0760000000e+01   -7.7594276614e+00
3.0780000000e+01   -7.7475283235e+00
3.0800000000e+01   -8.5531165949e+00
3.0820000000e+01   -7.6958721954e+00
3.0840000000e+01   -7.8655762931e+00
3.0860000000e+01   -8.0454014175e+00
3.0880000000e+01   -7.6787277354e+00
3.0900000000e+01   -8.0921771668e+00
3.0920000000e+01   -7.8436253365e+00
3.0940000000e+01   -7.7041235630e+00
3.0960000000e+01   -8.7454261931e+00
3.0980000000e+01   -7.7381611866e+00
3.1000000000e+01   -7.7774487915e+00
3.1020000000e+01   -8.3333653123e+00
3.1040000000e+01   -7.6891626239e+00
3.1060000000e+01   -7.9192742094e+00
3.1080000000e+01   -7.9741631390e+00
3.1100000000e+01   -7.6844403852e+00
3.1120000000e+01   -8.2033687980e+00
3.1140000000e+01   -7.8082604486e+00
3.1160000000e+01   -7.7228241646e+00
3.1180000000e+01   -1.0014799620e+01
3.1200000000e+01   -7.7215568081e+00
3.1220000000e+01   -7.8129594648e+00
3.1240000000e+01   -8.1923801405e+00
3.1260000000e+01   -7.6861507965e+00
3.1280000000e+01   -7.9837587980e+00
3.1300000000e+01   -7.9168530648e+00
3.1320000000e+01   -7.6937569073e+00
3.1340000000e+01   -8.3557886220e+00
3.1360000000e+01   -7.7792913661e+00
3.1380000000e+01   -7.7458171066e+00
3.1400000000e+01   -8.7068721292e+00
3.1420000000e+01   -7.7092089685e+00
3.1440000000e+01   -7.8549748580e+00
3.1460000000e+01   -8.0901895298e+00
3.1480000000e+01   -7.6867355629e+00
3.1500000000e+01   -8.0626298197e+00
3.1520000000e+01   -7.8700487767e+00
3.1540000000e+01   -7.7067857405e+00
3.1560000000e+01   -8.5945552423e+00
3.1580000000e+01   -7.7558352704e+00
3.1600000000e+01   -7.7735221103e+00
3.1620000000e+01   -8.4213533214e+00
3.1640000000e+01   -7.7008255050e+00
3.1660000000e+01   -7.9047934010e+00
3.1680000000e+01   -8.0114831030e+00
3.1700000000e+01   -7.6908779568e+00
3.1720000000e+01   -8.1620637371e+00
3.1740000000e+01   -7.8315741817e+00
3.1760000000e+01   -7.7237055816e+00
3.1780000000e+01   -9.1651679463e+00
3.1800000000e+01   -7.7372554475e+00
3.1820000000e+01   -7.8065150726e+00
3.1840000000e+01   -8.2548582792e+00
3.1860000000e+01   -7.6962034552e+00
3.1880000000e+01   -7.9643227396e+00
3.1900000000e+01   -7.9487577756e+00
3.1920000000e+01   -7.6985985131e+00
3.1940000000e+01   -8.2940215988e+00
3.1960000000e+01   -7.7999685182e+00
3.1980000000e+01   -7.7447786163e+00
3.2000000000e+01   -8.9366105460e+00
3.2020000000e+01   -7.7230882139e+00
3.2040000000e+01   -7.8455907856e+00
3.2060000000e+01   -8.1388978409e+00
3.2080000000e+01   -7.6952136429e+00
3.2100000000e+01   -8.0365053438e+00
3.2120000000e+01   -7.8977825881e+00
3.2140000000e+01   -7.7099786303e+00
3.2160000000e+01   -8.4868450875e+00
3.2180000000e+01   -7.7742129055e+00
3.2200000000e+01   -7.7703715606e+00
3.2220000000e+01   -8.5280897592e+00
3.2240000000e+01   -7.7129972510e+00
3.2260000000e+01   -7.8918656363e+00
3.2280000000e+01   -8.0514414479e+00
3.2300000000e+01   -7.6977914601e+00
3.2320000000e+01   -8.1262036518e+00
3.2340000000e+01   -7.8559446063e+00
3.2360000000e+01   -7.7251661626e+00
3.2380000000e+01   -8.8431461362e+00
3.2400000000e+01   -7.7535780237e+00
3.2420000000e+01   -7.8009884768e+00
3.2440000000e+01   -8.3257430799e+00
3.2460000000e+01   -7.7067443557e+00
3.2480000000e+01   -7.9469539187e+00
3.2500000000e+01   -7.9825707936e+00
3.2520000000e+01   -7.7039324316e+00
3.2540000000e+01   -8.2423069807e+00
3.2560000000e+01   -7.8215255945e+00
3.2580000000e+01   -7.7443860913e+00
3.2600000000e+01   -9.4231184485e+00
3.2620000000e+01   -7.7375341365e+00
3.2640000000e+01   -7.8373222663e+00
3.2660000000e+01   -8.1923842847e+00
3.2680000000e+01   -7.7041706660e+00
3.2700000000e+01   -8.0132900269e+00
3.2720000000e+01   -7.9269716509e+00
3.2740000000e+01   -7.7136918905e+00
3.2760000000e+01   -8.4038837692e+00
3.2780000000e+01   -7.7933442563e+00
3.2800000000e+01   -7.7679578520e+00
3.2820000000e+01   -8.6648584282e+00
3.2840000000e+01   -7.7256956650e+00
3.2860000000e+01   -7.8803377752e+00
3.2880000000e+01   -8.0944945555e+00
3.2900000000e+01   -7.7051851742e+00
3.2920000000e+01   -8.0947700517e+00
3.2940000000e+01   -7.8814718024e+00
3.2960000000e+01   -7.7271887275e+00
3.2980000000e+01   -8.6659484033e+00
3.3000000000e+01   -7.7705630542e+00
3.3020000000e+01   -7.7963226914e+00
3.3040000000e+01   -8.4079584907e+00
3.3060000000e+01   -7.7177858286e+00
3.3080000000e+01   -7.9314111052e+00
3.3100000000e+01   -8.0185642956e+00
3.3120000000e+01   -7.7097583454e+00
3.3140000000e+01   -8.1981853583e+00
3.3160000000e+01   -7.8440342306e+00
3.3180000000e+01   -7.7446137200e+00
3.3200000000e+01   -9.4252946093e+00
3.3220000000e+01   -7.7525765516e+00
3.3240000000e+01   -7.8300860985e+00
3.3260000000e+01   -8.2518140484e+00
3.3280000000e+01   -7.7136141191e+00
3.3300000000e+01   -7.9925774870e+00
3.3320000000e+01   -7.9577917256e+00
3.3340000000e+01   -7.7179201106e+00
3.3360000000e+01   -8.3370185319e+00
3.3380000000e+01   -7.8132819413e+00
3.3400000000e+01   -7.7662438671e+00
3.3420000000e+01   -8.8578302155e+00
3.3440000000e+01   -7.7389436809e+00
3.3460000000e+01   -7.8700854264e+00
3.3480000000e+01   -8.1412207171e+00
3.3500000000e+01   -7.7130619906e+00
3.3520000000e+01   -8.0670056412e+00
3.3540000000e+01   -7.9082760378e+00
3.3560000000e+01   -7.7297618424e+00
3.3580000000e+01   -8.5446935346e+00
3.3600000000e+01   -7.7882497894e+00
3.3620000000e+01   -7.7924649599e+00
3.3640000000e+01   -8.5063120669e+00
3.3660000000e+01   -7.7293451984e+00
3.3680000000e+01   -7.9175013390e+00
3.3700000000e+01   -8.0570663563e+00
3.3720000000e+01   -7.7160744876e+00
3.3740000000e+01   -8.1600024356e+00
3.3760000000e+01   -7.8675804259e+00
3.3780000000e+01   -7.7454426726e+00
3.3800000000e+01   -8.9576975626e+00
3.3820000000e+01   -7.7682448068e+00
3.3840000000e+01   -7.8238068131e+00
3.3860000000e+01   -8.3188563103e+00
3.3880000000e+01   -7.7235564159e+00
3.3900000000e+01   -7.9740507668e+00
3.3920000000e+01   -7.9904465519e+00
3.3940000000e+01   -7.7226564715e+00
3.3960000000e+01   -8.2814683641e+00
3.3980000000e+01   -7.8340895131e+00
3.4000000000e+01   -7.7652011027e+00
3.4020000000e+01   -9.1967884820e+00
3.4040000000e+01   -7.7527630899e+00
3.4060000000e+01   -7.8609987304e+00
3.4080000000e+01   -8.1923896940e+00
3.4100000000e+01   -7.7214297545e+00
3.4120000000e+01   -8.0423440749e+00
3.4140000000e+01   -7.9364920385e+00
3.4160000000e+01   -7.7328728919e+00
3.4180000000e+01   -8.4533808335e+00
3.4200000000e+01   -7.8066862659e+00
3.4220000000e+01   -7.7893735967e+00
3.4240000000e+01   -8.6295011513e+00
3.4260000000e+01   -7.7414381162e+00
3.4280000000e+01   -7.9050591369e+00
3.4300000000e+01   -8.0984951939e+00
3.4320000000e+01   -7.7228842186e+00
3.4340000000e+01   -8.1266068580e+00
3.4360000000e+01   -7.8922575652e+00
3.4380000000e+01   -7.7468533120e+00
3.4400000000e+01   -8.7439709794e+00
3.4420000000e+01   -7.7845758173e+00
3.4440000000e+01   -7.8184240227e+00
3.4460000000e+01   -8.3959857225e+00
3.4480000000e+01   -7.7340079620e+00
3.4500000000e+01   -7.9574478608e+00
3.4520000000e+01   -8.0251887229e+00
3.4540000000e+01   -7.7278996225e+00
3.4560000000e+01   -8.2343301678e+00
3.4580000000e+01   -7.8558338022e+00
3.4600000000e+01   -7.7648009631e+00
3.4620000000e+01   -1.0036715344e+01
3.4640000000e+01   -7.7671823386e+00
3.4660000000e+01   -7.8529891145e+00
3.4680000000e+01   -8.2490309448e+00
3.4700000000e+01   -7.7302942171e+00
3.4720000000e+01   -8.0203390164e+00
3.4740000000e+01   -7.9662847225e+00
3.4760000000e+01   -7.7365153411e+00
3.4780000000e+01   -8.3807921955e+00
3.4800000000e+01   -7.8259215541e+00
3.4820000000e+01   -7.7870082099e+00
3.4840000000e+01   -8.7960553840e+00
3.4860000000e+01   -7.7540863248e+00
3.4880000000e+01   -7.8939515008e+00
3.4900000000e+01   -8.1433742799e+00
3.4920000000e+01   -7.7301887592e+00
3.4940000000e+01   -8.0971510610e+00
3.4960000000e+01   -7.9181792536e+00
3.4980000000e+01   -7.7488328985e+00
3.5000000000e+01   -8.6058433447e+00
3.5020000000e+01   -7.8016060186e+00
3.5040000000e+01   -7.8138808201e+00
3.5060000000e+01   -8.4871594617e+00
3.5080000000e+01   -7.7449849487e+00
3.5100000000e+01   -7.9425607641e+00
3.5120000000e+01   -8.0623201743e+00
3.5140000000e+01   -7.7336461841e+00
3.5160000000e+01   -8.1936911787e+00
3.5180000000e+01   -7.8785964595e+00
3.5200000000e+01   -7.7650230036e+00
3.5220000000e+01   -9.0993865962e+00
3.5240000000e+01   -7.7822285661e+00
3.5260000000e+01   -7.8459757153e+00
3.5280000000e+01   -8.3126002313e+00
3.5300000000e+01   -7.7396666171e+00
3.5320000000e+01   -8.0006451063e+00
3.5340000000e+01   -7.9978432467e+00
3.5360000000e+01   -7.7406807151e+00
3.5380000000e+01   -8.3210324681e+00
3.5400000000e+01   -7.8460159937e+00
3.5420000000e+01   -7.7853381164e+00
3.5440000000e+01   -9.0585461706e+00
3.5460000000e+01   -7.7673097880e+00
3.5480000000e+01   -7.8840606625e+00
3.5500000000e+01   -8.1923962012e+00
3.5520000000e+01   -7.7379947980e+00
3.5540000000e+01   -8.0710076990e+00
3.5560000000e+01   -7.9454715361e+00
3.5580000000e+01   -7.7513670850e+00
3.5600000000e+01   -8.5047015744e+00
3.5620000000e+01   -7.8193809984e+00
3.5640000000e+01   -7.8101325653e+00
3.5660000000e+01   -8.5992296944e+00
3.5680000000e+01   -7.7565014723e+00
3.5700000000e+01   -7.9292114987e+00
3.5720000000e+01   -8.1022243307e+00
3.5740000000e+01   -7.7398983078e+00
3.5760000000e+01   -8.1582418663e+00
3.5780000000e+01   -7.9024652247e+00
3.5800000000e+01   -7.7658456987e+00
3.5820000000e+01   -8.8311101602e+00
3.5840000000e+01   -7.7979366300e+00
3.5860000000e+01   -7.8398938534e+00
3.5880000000e+01   -8.3852122367e+00
3.5900000000e+01   -7.7495560358e+00
3.5920000000e+01   -7.9829782709e+00
3.5940000000e+01   -8.0314024406e+00
3.5960000000e+01   -7.7453663499e+00
3.5980000000e+01   -8.2706386065e+00
3.6000000000e+01   -7.8670327174e+00
3.6020000000e+01   -7.7843326375e+00
3.6040000000e+01   -9.7687746451e+00
3.6060000000e+01   -7.7811351462e+00
3.6080000000e+01   -7.8752917325e+00
3.6100000000e+01   -8.2464759227e+00
3.6120000000e+01   -7.7463068643e+00
3.6140000000e+01   -8.0476865936e+00
3.6160000000e+01   -7.9742887251e+00
3.6180000000e+01   -7.7544477968e+00
3.6200000000e+01   -8.4256117840e+00
3.6220000000e+01   -7.8379471689e+00
3.6240000000e+01   -7.8071362608e+00
3.6260000000e+01   -8.7458276055e+00
3.6280000000e+01   -7.7685776465e+00
3.6300000000e+01   -7.9172570367e+00
3.6320000000e+01   -8.1453774471e+00
3.6340000000e+01   -7.7466560848e+00
3.6360000000e+01   -8.1270314142e+00
3.6380000000e+01   -7.9275469104e+00
3.6400000000e+01   -7.7672544898e+00
3.6420000000e+01   -8.6712815373e+00
3.6440000000e+01   -7.8143410258e+00
3.6460000000e+01   -7.8346831943e+00
3.6480000000e+01   -8.4701621981e+00
3.6500000000e+01   -7.7599771148e+00
3.6520000000e+01   -7.9671134179e+00
3.6540000000e+01   -8.0672410062e+00
3.6560000000e+01   -7.7505677694e+00
3.6580000000e+01   -8.2273853626e+00
3.6600000000e+01   -7.8890484935e+00
3.6620000000e+01   -7.7839690282e+00
3.6640000000e+01   -9.2912136899e+00
3.6660000000e+01   -7.7955881061e+00
3.6680000000e+01   -7.8675589352e+00
3.6700000000e+01   -8.3068894932e+00
3.6720000000e+01   -7.7551346807e+00
3.6740000000e+01   -8.0268097757e+00
3.6760000000e+01   -8.0048076103e+00
3.6780000000e+01   -7.7580655070e+00
3.6800000000e+01   -8.3611894006e+00
3.6820000000e+01   -7.8573612121e+00
3.6840000000e+01   -7.8048583488e+00
3.6860000000e+01   -8.9607810365e+00
3.6880000000e+01   -7.7812323575e+00
3.6900000000e+01   -7.9065721349e+00
3.6920000000e+01   -8.1924036437e+00
3.6940000000e+01   -7.7539245913e+00
3.6960000000e+01   -8.0993613813e+00
3.6980000000e+01   -7.9539603675e+00
3.7000000000e+01   -7.7692339475e+00
3.7020000000e+01   -8.5583529997e+00
3.7040000000e+01   -7.8314844021e+00
3.7060000000e+01   -7.8302953540e+00
3.7080000000e+01   -8.5729505451e+00
3.7100000000e+01   -7.7709431250e+00
3.7120000000e+01   -7.9528600039e+00
3.7140000000e+01   -8.1057103514e+00
3.7160000000e+01   -7.7562854206e+00
3.7180000000e+01   -8.1897730903e+00
3.7200000000e+01   -7.9121467030e+00
3.7220000000e+01   -7.7842245595e+00
3.7240000000e+01   -8.9312643435e+00
3.7260000000e+01   -7.8107010127e+00
3.7280000000e+01   -7.8607924566e+00
3.7300000000e+01   -8.3754602045e+00
3.7320000000e+01   -7.7644866714e+00
3.7340000000e+01   -8.0080700716e+00
3.7360000000e+01   -8.0372455521e+00
3.7380000000e+01   -7.7622156761e+00
3.7400000000e+01   -8.3072549216e+00
3.7420000000e+01   -7.8776835374e+00
3.7440000000e+01   -7.8032667226e+00
3.7460000000e+01   -9.3835679518e+00
3.7480000000e+01   -7.7944899454e+00
3.7500000000e+01   -7.8970543341e+00
3.7520000000e+01   -8.2441214325e+00
3.7540000000e+01   -7.7617078910e+00
3.7560000000e+01   -8.0746935558e+00
3.7580000000e+01   -7.9818491554e+00
3.7600000000e+01   -7.7717738269e+00
3.7620000000e+01   -8.4717830934e+00
3.7640000000e+01   -7.8494114493e+00
3.7660000000e+01   -7.8266854264e+00
3.7680000000e+01   -8.7039095308e+00
3.7700000000e+01   -7.7824720015e+00
3.7720000000e+01   -7.9400632244e+00
3.7740000000e+01   -8.1472464462e+00
3.7760000000e+01   -7.7625189933e+00
3.7780000000e+01   -8.1567323087e+00
3.7800000000e+01   -7.9364269482e+00
3.7820000000e+01   -7.7850822161e+00
3.7840000000e+01   -8.7423434522e+00
3.7860000000e+01   -7.8265072602e+00
3.7880000000e+01   -7.8549291915e+00
3.7900000000e+01   -8.4549591674e+00
3.7920000000e+01   -7.7743753748e+00
3.7940000000e+01   -7.9912224189e+00
3.7960000000e+01   -8.0718618338e+00
3.7980000000e+01   -7.7668934819e+00
3.8000000000e+01   -8.2612005865e+00
3.8020000000e+01   -7.8989856160e+00
3.8040000000e+01   -7.8023356857e+00
3.8060000000e+01   -9.6060981870e+00
3.8080000000e+01   -7.8083754914e+00
3.8100000000e+01   -7.8886136234e+00
3.8120000000e+01   -8.3016534447e+00
3.8140000000e+01   -7.7700135465e+00
3.8160000000e+01   -8.0526120501e+00
3.8180000000e+01   -8.0113799744e+00
3.8200000000e+01   -7.7748643361e+00
3.8220000000e+01   -8.4021458673e+00
3.8240000000e+01   -7.8681746509e+00
3.8260000000e+01   -7.8238162049e+00
3.8280000000e+01   -8.8862325037e+00
3.8300000000e+01   -7.7945823283e+00
3.8320000000e+01   -7.9285908324e+00
3.8340000000e+01   -8.1924119081e+00
3.8360000000e+01   -7.7692713556e+00
3.8380000000e+01   -8.1274811112e+00
3.8400000000e+01   -7.9620025195e+00
3.8420000000e+01   -7.7865262781e+00
3.8440000000e+01   -8.6149635828e+00
3.8460000000e+01   -7.8430459396e+00
3.8480000000e+01   -7.8499160444e+00
3.8500000000e+01   -8.5498745346e+00
3.8520000000e+01   -7.7848139909e+00
3.8540000000e+01   -7.9760637851e+00
3.8560000000e+01   -8.1089777460e+00
3.8580000000e+01   -7.7720970196e+00
3.8600000000e+01   -8.2212966887e+00
3.8620000000e+01   -7.9213477200e+00
3.8640000000e+01   -7.8020421059e+00
3.8660000000e+01   -9.0511254801e+00
3.8680000000e+01   -7.8229181608e+00
3.8700000000e+01   -7.8811738584e+00
3.8720000000e+01   -8.3665856547e+00
3.8740000000e+01   -7.7788501285e+00
3.8760000000e+01   -8.0327854511e+00
3.8780000000e+01   -8.0427530061e+00
3.8800000000e+01   -7.7784983881e+00
3.8820000000e+01   -8.3443303398e+00
3.8840000000e+01   -7.8878327431e+00
3.8860000000e+01   -7.8216549346e+00
3.8880000000e+01   -9.1940507111e+00
3.8900000000e+01   -7.8072955119e+00
3.8920000000e+01   -7.9183312983e+00
3.8940000000e+01   -8.2419441096e+00
3.8960000000e+01   -7.7765468844e+00
3.8980000000e+01   -8.1014284625e+00
3.9000000000e+01   -7.9890059188e+00
3.9020000000e+01   -7.7885435837e+00
3.9040000000e+01   -8.5196625118e+00
3.9060000000e+01   -7.8603610589e+00
3.9080000000e+01   -7.8457070772e+00
3.9100000000e+01   -8.6682276048e+00
3.9120000000e+01   -7.7958176322e+00
3.9140000000e+01   -7.9624254783e+00
3.9160000000e+01   -8.1489952411e+00
3.9180000000e+01   -7.7778264293e+00
3.9200000000e+01   -8.1863364055e+00
3.9220000000e+01   -7.9448616622e+00
3.9240000000e+01   -7.8023656749e+00
3.9260000000e+01   -8.8209232833e+00
3.9280000000e+01   -7.8381512422e+00
3.9300000000e+01   -7.8746700239e+00
3.9320000000e+01   -8.4412673744e+00
3.9340000000e+01   -7.7882273975e+00
3.9360000000e+01   -8.0149454730e+00
3.9380000000e+01   -8.0762114820e+00
3.9400000000e+01   -7.7826716290e+00
3.9420000000e+01   -8.2952548354e+00
3.9440000000e+01   -7.9084512629e+00
3.9460000000e+01   -7.8201720990e+00
3.9480000000e+01   -1.1693024277e+01
3.9500000000e+01   -7.8206369171e+00
3.9520000000e+01   -7.9091912135e+00
3.9540000000e+01   -8.2968331796e+00
3.9560000000e+01   -7.7843503141e+00
3.9580000000e+01   -8.0781143645e+00
3.9600000000e+01   -8.0175958889e+00
3.9620000000e+01   -7.7911249353e+00
3.9640000000e+01   -8.4441319540e+00
3.9660000000e+01   -7.8785001567e+00
3.9680000000e+01   -7.8422604213e+00
3.9700000000e+01   -8.8266785893e+00
3.9720000000e+01   -7.8074055006e+00
3.9740000000e+01   -7.9501689614e+00
3.9760000000e+01   -8.1924209448e+00
3.9780000000e+01   -7.7840816053e+00
3.9800000000e+01   -8.1554394428e+00
3.9820000000e+01   -7.9696368270e+00
3.9840000000e+01   -7.8032912670e+00
3.9860000000e+01   -8.6753388098e+00
3.9880000000e+01   -7.8541095080e+00
3.9900000000e+01   -7.8690431679e+00
3.9920000000e+01   -8.5294149788e+00
3.9940000000e+01   -7.7981594125e+00
3.9960000000e+01   -7.9988768271e+00
3.9980000000e+01   -8.1120478854e+00
4.0000000000e+01   -7.7873790382e+00
