X    Y
0.0000000000e+00   0.0000000000e+00
2.0000000000e-02   -4.9428956847e-03
4.0000000000e-02   -1.4883842271e-02
6.0000000000e-02   -2.3529273259e-02
8.0000000000e-02   -3.1622121109e-02
1.0000000000e-01   -4.0777947344e-02
1.2000000000e-01   -4.9510282493e-02
1.4000000000e-01   -5.7817997299e-02
1.6000000000e-01   -6.6759217041e-02
1.8000000000e-01   -7.5549344849e-02
2.0000000000e-01   -8.3943066588e-02
2.2000000000e-01   -9.2771203452e-02
2.4000000000e-01   -1.0159601317e-01
2.6000000000e-01   -1.1004658894e-01
2.8000000000e-01   -1.1879763352e-01
3.0000000000e-01   -1.2764249727e-01
3.2000000000e-01   -1.3614095524e-01
3.4000000000e-01   -1.4483312488e-01
3.6000000000e-01   -1.5368683193e-01
3.8000000000e-01   -1.6223023692e-01
4.0000000000e-01   -1.7087561580e-01
4.2000000000e-01   -1.7972856179e-01
4.4000000000e-01   -1.8831578436e-01
4.6000000000e-01   -1.9692423177e-01
4.8000000000e-01   -2.0576783936e-01
5.0000000000e-01   -2.1439785466e-01
5.2000000000e-01   -2.2297852519e-01
5.4000000000e-01   -2.3180515683e-01
5.6000000000e-01   -2.4047622728e-01
5.8000000000e-01   -2.4903815117e-01
6.0000000000e-01   -2.5784123416e-01
6.2000000000e-01   -2.6655049217e-01
6.4000000000e-01   -2.7510271165e-01
6.6000000000e-01   -2.8387694991e-01
6.8000000000e-01   -2.9262021217e-01
7.0000000000e-01   -3.0117167739e-01
7.2000000000e-01   -3.0991328193e-01
7.4000000000e-01   -3.1868502831e-01
7.6000000000e-01   -3.2724435366e-01
7.8000000000e-01   -3.3595124809e-01
8.0000000000e-01   -3.4474473379e-01
8.2000000000e-01   -3.5331987507e-01
8.4000000000e-01   -3.6199184471e-01
8.6000000000e-01   -3.7079932595e-01
8.8000000000e-01   -3.7939722256e-01
9.0000000000e-01   -3.8803598374e-01
9.2000000000e-01   -3.9684903959e-01
9.4000000000e-01   -4.0547525840e-01
9.6000000000e-01   -4.1408443143e-01
9.8000000000e-01   -4.2289436208e-01
1.0000000000e+00   -4.3155277578e-01
1.0200000000e+00   -4.4013775168e-01
1.0400000000e+00   -4.4893603026e-01
1.0600000000e+00   -4.5762855946e-01
1.0800000000e+00   -4.6619625778e-01
1.1000000000e+00   -4.7497500910e-01
1.1200000000e+00   -4.8370145376e-01
1.1400000000e+00   -4.9225997619e-01
1.1600000000e+00   -5.0101245279e-01
1.1800000000e+00   -5.0977043350e-01
1.2000000000e+00   -5.1832862556e-01
1.2200000000e+00   -5.2704964974e-01
1.2400000000e+00   -5.3583467314e-01
1.2600000000e+00   -5.4440161361e-01
1.2800000000e+00   -5.5308795407e-01
1.3000000000e+00   -5.6189360934e-01
1.3200000000e+00   -5.7047805360e-01
1.3400000000e+00   -5.7912870707e-01
1.3600000000e+00   -5.8794699200e-01
1.3800000000e+00   -5.9655680098e-01
1.4000000000e+00   -6.0517315310e-01
1.4200000000e+00   -6.1399491941e-01
1.4400000000e+00   -6.2263650955e-01
1.4600000000e+00   -6.3122235495e-01
1.4800000000e+00   -6.4003785364e-01
1.5000000000e+00   -6.4871570517e-01
1.5200000000e+00   -6.5727711446e-01
1.5400000000e+00   -6.6607661355e-01
1.5600000000e+00   -6.7479287348e-01
1.5800000000e+00   -6.8333790393e-01
1.6000000000e+00   -6.9211234390e-01
1.6200000000e+00   -7.0086655720e-01
1.6400000000e+00   -7.0940481400e-01
1.6600000000e+00   -7.1814646050e-01
1.6800000000e+00   -7.2693545713e-01
1.7000000000e+00   -7.3547752277e-01
1.7200000000e+00   -7.4418057328e-01
1.7400000000e+00   -7.5299853038e-01
1.7600000000e+00   -7.6155529017e-01
1.7800000000e+00   -7.7021639042e-01
1.8000000000e+00   -7.7905507892e-01
1.8200000000e+00   -7.8763698013e-01
1.8400000000e+00   -7.9625560859e-01
1.8600000000e+00   -8.0510482158e-01
1.8800000000e+00   -8.1372111131e-01
1.9000000000e+00   -8.2229979555e-01
1.9200000000e+00   -8.3114794303e-01
1.9400000000e+00   -8.3980593566e-01
1.9600000000e+00   -8.4835027251e-01
1.9800000000e+00   -8.5718511456e-01
2.0000000000e+00   -8.6588954153e-01
2.0200000000e+00   -8.7440800435e-01
2.0400000000e+00   -8.8321748267e-01
2.0600000000e+00   -8.9196997655e-01
2.0800000000e+00   -9.0047350593e-01
2.1000000000e+00   -9.0924662354e-01
2.1200000000e+00   -9.1804538332e-01
2.1400000000e+00   -9.2654677232e-01
2.1600000000e+00   -9.3527446383e-01
2.1800000000e+00   -9.4411413953e-01
2.2000000000e+00   -9.5262724006e-01
2.2200000000e+00   -9.6130317034e-01
2.2400000000e+00   -9.7017499304e-01
2.2600000000e+00   -9.7871378465e-01
2.2800000000e+00   -9.8733501369e-01
2.3000000000e+00   -9.9622718180e-01
2.3200000000e+00   -1.0048047579e+00
2.3400000000e+00   -1.0133722135e+00
2.3600000000e+00   -1.0222705288e+00
2.3800000000e+00   -1.0308980659e+00
2.4000000000e+00   -1.0394167746e+00
2.4200000000e+00   -1.0483055029e+00
2.4400000000e+00   -1.0569912857e+00
2.4600000000e+00   -1.0654703246e+00
2.4800000000e+00   -1.0743332382e+00
2.5000000000e+00   -1.0830818164e+00
2.5200000000e+00   -1.0915339651e+00
2.5400000000e+00   -1.1003555072e+00
2.5600000000e+00   -1.1091670556e+00
2.5800000000e+00   -1.1176081486e+00
2.6000000000e+00   -1.1263746449e+00
2.6200000000e+00   -1.1352445928e+00
2.6400000000e+00   -1.1436925913e+00
2.6600000000e+00   -1.1523934254e+00
2.6800000000e+00   -1.1613124052e+00
2.7000000000e+00   -1.1697862325e+00
2.7200000000e+00   -1.1784148962e+00
2.7400000000e+00   -1.1873690428e+00
2.7600000000e+00   -1.1958872470e+00
2.7800000000e+00   -1.2044421777e+00
2.8000000000e+00   -1.2134137886e+00
2.8200000000e+00   -1.2219931153e+00
2.8400000000e+00   -1.2304782396e+00
2.8600000000e+00   -1.2394467786e+00
2.8800000000e+00   -1.2481007519e+00
2.9000000000e+00   -1.2565256689e+00
2.9200000000e+00   -1.2654690700e+00
2.9400000000e+00   -1.2742066868e+00
2.9600000000e+00   -1.2825864452e+00
2.9800000000e+00   -1.2914826471e+00
3.0000000000e+00   -1.3003072944e+00
3.0200000000e+00   -1.3086617405e+00
3.0400000000e+00   -1.3174903590e+00
3.0600000000e+00   -1.3263990542e+00
3.0800000000e+00   -1.3347517607e+00
3.1000000000e+00   -1.3434957873e+00
3.1200000000e+00   -1.3524788301e+00
3.1400000000e+00   -1.3608556445e+00
3.1600000000e+00   -1.3695030476e+00
3.1800000000e+00   -1.3785441475e+00
3.2000000000e+00   -1.3869714326e+00
3.2200000000e+00   -1.3955165320e+00
3.2400000000e+00   -1.4045934477e+00
3.2600000000e+00   -1.4130961167e+00
3.2800000000e+00   -1.4215406083e+00
3.3000000000e+00   -1.4306262974e+00
3.3200000000e+00   -1.4392257726e+00
3.3400000000e+00   -1.4475792925e+00
3.3600000000e+00   -1.4566435351e+00
3.3800000000e+00   -1.4653557756e+00
3.4000000000e+00   -1.4736359177e+00
3.4200000000e+00   -1.4826473342e+00
3.4400000000e+00   -1.4914810918e+00
3.4600000000e+00   -1.4997128220e+00
3.4800000000e+00   -1.5086411735e+00
3.5000000000e+00   -1.5175966302e+00
3.5200000000e+00   -1.5258110827e+00
3.5400000000e+00   -1.5346297049e+00
3.5600000000e+00   -1.5436976346e+00
3.5800000000e+00   -1.5519303198e+00
3.6000000000e+00   -1.5606185212e+00
3.6200000000e+00   -1.5697800922e+00
3.6400000000e+00   -1.5780685904e+00
3.6600000000e+00   -1.5866138308e+00
3.6800000000e+00   -1.5958411265e+00
3.7000000000e+00   -1.6042223930e+00
3.7200000000e+00   -1.6126220547e+00
3.7400000000e+00   -1.6218793445e+00
3.7600000000e+00   -1.6303867912e+00
3.7800000000e+00   -1.6386493698e+00
3.8000000000e+00   -1.6478951067e+00
3.8200000000e+00   -1.6565556615e+00
3.8400000000e+00   -1.6647012266e+00
3.8600000000e+00   -1.6738906911e+00
3.8800000000e+00   -1.6827220594e+00
3.9000000000e+00   -1.6907818750e+00
3.9200000000e+00   -1.6998703275e+00
3.9400000000e+00   -1.7088786898e+00
3.9600000000e+00   -1.7168939366e+00
3.9800000000e+00   -1.7258400879e+00
4.0000000000e+00   -1.7350184553e+00
4.0200000000e+00   -1.7430380574e+00
4.0400000000e+00   -1.7518076265e+00
4.0600000000e+00   -1.7611350515e+00
4.0800000000e+00   -1.7692126782e+00
4.1000000000e+00   -1.7777817745e+00
4.1200000000e+00   -1.7872235656e+00
4.1400000000e+00   -1.7954139520e+00
4.1600000000e+00   -1.8037720073e+00
4.1800000000e+00   -1.8132810343e+00
4.2000000000e+00   -1.8216358304e+00
4.2200000000e+00   -1.8297878120e+00
4.2400000000e+00   -1.8393069127e+00
4.2600000000e+00   -1.8478703328e+00
4.2800000000e+00   -1.8558379929e+00
4.3000000000e+00   -1.8653034070e+00
4.3200000000e+00   -1.8741079980e+00
4.3400000000e+00   -1.8819299630e+00
4.3600000000e+00   -1.8912756344e+00
4.3800000000e+00   -1.9003385054e+00
4.4000000000e+00   -1.9080690715e+00
4.4200000000e+00   -1.9172315759e+00
4.4400000000e+00   -1.9265514380e+00
4.4600000000e+00   -1.9342580240e+00
4.4800000000e+00   -1.9431818099e+00
4.5000000000e+00   -1.9527371435e+00
4.5200000000e+00   -1.9604964485e+00
4.5400000000e+00   -1.9691390225e+00
4.5600000000e+00   -1.9788876388e+00
4.5800000000e+00   -1.9867806560e+00
4.6000000000e+00   -1.9951173132e+00
4.6200000000e+00   -2.0049974911e+00
4.6400000000e+00   -2.0131036381e+00
4.6600000000e+00   -2.0211313283e+00
4.6800000000e+00   -2.0310646049e+00
4.7000000000e+00   -2.0394553284e+00
4.7200000000e+00   -2.0471952726e+00
4.7400000000e+00   -2.0570908410e+00
4.7600000000e+00   -2.0658231418e+00
4.7800000000e+00   -2.0733218622e+00
4.8000000000e+00   -2.0830824027e+00
4.8200000000e+00   -2.0921927841e+00
4.8400000000e+00   -2.0995212921e+00
4.8600000000e+00   -2.1090499350e+00
4.8800000000e+00   -2.1185493031e+00
4.9000000000e+00   -2.1258002981e+00
4.9200000000e+00   -2.1350083000e+00
4.9400000000e+00   -2.1448783297e+00
4.9600000000e+00   -2.1521613949e+00
4.9800000000e+00   -2.1609760178e+00
5.0000000000e+00   -2.1711674353e+00
5.0200000000e+00   -2.1786023679e+00
5.0400000000e+00   -2.1869743832e+00
5.0600000000e+00   -2.1974075121e+00
5.0800000000e+00   -2.2051160885e+00
5.1000000000e+00   -2.2130262990e+00
5.1200000000e+00   -2.2235940697e+00
5.1400000000e+00   -2.2316907086e+00
5.1600000000e+00   -2.2391548878e+00
5.1800000000e+00   -2.2497283360e+00
5.2000000000e+00   -2.2583102688e+00
5.2200000000e+00   -2.2653819697e+00
5.2400000000e+00   -2.2758180538e+00
5.2600000000e+00   -2.2849557298e+00
5.2800000000e+00   -2.2917265062e+00
5.3000000000e+00   -2.3018778805e+00
5.3200000000e+00   -2.3116064059e+00
5.3400000000e+00   -2.3182031258e+00
5.3600000000e+00   -2.3279293202e+00
5.3800000000e+00   -2.3382417426e+00
5.4000000000e+00   -2.3448208505e+00
5.4200000000e+00   -2.3540001559e+00
5.4400000000e+00   -2.3648433465e+00
5.4600000000e+00   -2.3715821433e+00
5.4800000000e+00   -2.3801233801e+00
5.5000000000e+00   -2.3913971392e+00
5.5200000000e+00   -2.3984823883e+00
5.5400000000e+00   -2.4063356708e+00
5.5600000000e+00   -2.4178954805e+00
5.5800000000e+00   -2.4255099026e+00
5.6000000000e+00   -2.4326754908e+00
5.6200000000e+00   -2.4443390886e+00
5.6400000000e+00   -2.4526465548e+00
5.6600000000e+00   -2.4591809265e+00
5.6800000000e+00   -2.4707385835e+00
5.7000000000e+00   -2.4798690347e+00
5.7200000000e+00   -2.4858874064e+00
5.7400000000e+00   -2.4971154959e+00
5.7600000000e+00   -2.5071507759e+00
5.7800000000e+00   -2.5128254600e+00
5.8000000000e+00   -2.5235026158e+00
5.8200000000e+00   -2.5344644857e+00
5.8400000000e+00   -2.5400186887e+00
5.8600000000e+00   -2.5499436062e+00
5.8800000000e+00   -2.5617851761e+00
5.9000000000e+00   -2.5674821240e+00
5.9200000000e+00   -2.5764918635e+00
5.9400000000e+00   -2.5890935352e+00
5.9600000000e+00   -2.5952211472e+00
5.9800000000e+00   -2.6032086708e+00
6.0000000000e+00   -2.6163794220e+00
6.0200000000e+00   -2.6232311326e+00
6.0400000000e+00   -2.6301607484e+00
6.0600000000e+00   -2.6436452301e+00
6.0800000000e+00   -2.6514979585e+00
6.1000000000e+00   -2.6574173594e+00
6.1200000000e+00   -2.6709088496e+00
6.1400000000e+00   -2.6799994987e+00
6.1600000000e+00   -2.6850471642e+00
6.1800000000e+00   -2.6982059672e+00
6.2000000000e+00   -2.7087081621e+00
6.2200000000e+00   -2.7131150498e+00
6.2400000000e+00   -2.7255914921e+00
6.2600000000e+00   -2.7375944836e+00
6.2800000000e+00   -2.7416791705e+00
6.3000000000e+00   -2.7531399672e+00
6.3200000000e+00   -2.7666316952e+00
6.3400000000e+00   -2.7707884527e+00
6.3600000000e+00   -2.7809449249e+00
6.3800000000e+00   -2.7958011113e+00
6.4000000000e+00   -2.8004808152e+00
6.4200000000e+00   -2.8091172467e+00
6.4400000000e+00   -2.8250980755e+00
6.4600000000e+00   -2.8307823629e+00
6.4800000000e+00   -2.8377826933e+00
6.5000000000e+00   -2.8545381378e+00
6.5200000000e+00   -2.8617078114e+00
6.5400000000e+00   -2.8670788552e+00
6.5600000000e+00   -2.8841630859e+00
6.5800000000e+00   -2.8932623922e+00
6.6000000000e+00   -2.8971518406e+00
6.6200000000e+00   -2.9140464670e+00
6.6400000000e+00   -2.9254454747e+00
6.6600000000e+00   -2.9281530665e+00
6.6800000000e+00   -2.9442983058e+00
6.7000000000e+00   -2.9582561042e+00
6.7200000000e+00   -2.9602365490e+00
6.7400000000e+00   -2.9750688699e+00
6.7600000000e+00   -2.9917006038e+00
6.7800000000e+00   -2.9935571243e+00
6.8000000000e+00   -3.0065515404e+00
6.8200000000e+00   -3.0258023153e+00
6.8400000000e+00   -3.0282700804e+00
6.8600000000e+00   -3.0389851051e+00
6.8800000000e+00   -3.0606134898e+00
6.9000000000e+00   -3.0645327610e+00
6.9200000000e+00   -3.0726560896e+00
6.9400000000e+00   -3.0962293001e+00
6.9600000000e+00   -3.1025088478e+00
6.9800000000e+00   -3.1079020831e+00
7.0000000000e+00   -3.1328040149e+00
7.0200000000e+00   -3.1423762527e+00
7.0400000000e+00   -3.1451174334e+00
7.0600000000e+00   -3.1705696153e+00
7.0800000000e+00   -3.1843399196e+00
7.1000000000e+00   -3.1847632554e+00
7.1200000000e+00   -3.2098576891e+00
7.1400000000e+00   -3.2286514254e+00
7.1600000000e+00   -3.2273846104e+00
7.1800000000e+00   -3.2511264865e+00
7.2000000000e+00   -3.2756382549e+00
7.2200000000e+00   -3.2736392895e+00
7.2400000000e+00   -3.2949968966e+00
7.2600000000e+00   -3.3257473663e+00
7.2800000000e+00   -3.3243455885e+00
7.3000000000e+00   -3.3423044627e+00
7.3200000000e+00   -3.3796109261e+00
7.3400000000e+00   -3.3805622578e+00
7.3600000000e+00   -3.3941808405e+00
7.3800000000e+00   -3.4381485866e+00
7.4000000000e+00   -3.4437259019e+00
7.4200000000e+00   -3.4521907824e+00
7.4400000000e+00   -3.5027345165e+00
7.4600000000e+00   -3.5158982157e+00
7.4800000000e+00   -3.5185787432e+00
7.5000000000e+00   -3.5754891923e+00
7.5200000000e+00   -3.6002423375e+00
7.5400000000e+00   -3.5967481052e+00
7.5600000000e+00   -3.6598365235e+00
7.5800000000e+00   -3.7020347532e+00
7.6000000000e+00   -3.6922894032e+00
7.6200000000e+00   -3.7616994477e+00
7.6400000000e+00   -3.8311423033e+00
7.6600000000e+00   -3.8155218131e+00
7.6800000000e+00   -3.8925148776e+00
7.7000000000e+00   -4.0095850600e+00
7.7200000000e+00   -3.9893383967e+00
7.7400000000e+00   -4.0789797167e+00
7.7600000000e+00   -4.3062295961e+00
7.7800000000e+00   -4.2858842762e+00
7.8000000000e+00   -4.4138570952e+00
7.8200000000e+00   -5.6677400436e+00
7.8400000000e+00   -6.0806172363e+00
7.8600000000e+00   -5.1714686437e+00
7.8800000000e+00   -4.3550337899e+00
7.9000000000e+00   -4.2986155542e+00
7.9200000000e+00   -4.2768346717e+00
7.9400000000e+00   -4.0468616185e+00
7.9600000000e+00   -3.9936440059e+00
7.9800000000e+00   -3.9995429453e+00
8.0000000000e+00   -3.8695653222e+00
8.0200000000e+00   -3.8162067603e+00
8.0400000000e+00   -3.8277385345e+00
8.0600000000e+00   -3.7439843555e+00
8.0800000000e+00   -3.6906662816e+00
8.1000000000e+00   -3.7016816004e+00
8.1200000000e+00   -3.6458697368e+00
8.1400000000e+00   -3.5934597414e+00
8.1600000000e+00   -3.6013400460e+00
8.1800000000e+00   -3.5645254959e+00
8.2000000000e+00   -3.5140625580e+00
8.2200000000e+00   -3.5175586830e+00
8.2400000000e+00   -3.4943004144e+00
8.2600000000e+00   -3.4468048706e+00
8.2800000000e+00   -3.4453987452e+00
8.3000000000e+00   -3.4318748549e+00
8.3200000000e+00   -3.3882444194e+00
8.3400000000e+00   -3.3818926943e+00
8.3600000000e+00   -3.3751663439e+00
8.3800000000e+00   -3.3361091831e+00
8.4000000000e+00   -3.3251098578e+00
8.4200000000e+00   -3.3228138674e+00
8.4400000000e+00   -3.2888064573e+00
8.4600000000e+00   -3.2737104950e+00
8.4800000000e+00   -3.2739050942e+00
8.5000000000e+00   -3.2451714683e+00
8.5200000000e+00   -3.2267117202e+00
8.5400000000e+00   -3.2278182722e+00
8.5600000000e+00   -3.2043290649e+00
8.5800000000e+00   -3.1833560876e+00
8.6000000000e+00   -3.1841236665e+00
8.6200000000e+00   -3.1656130062e+00
8.6400000000e+00   -3.1430343639e+00
8.6600000000e+00   -3.1425186407e+00
8.6800000000e+00   -3.1285160210e+00
8.7000000000e+00   -3.1052389228e+00
8.7200000000e+00   -3.1027832862e+00
8.7400000000e+00   -3.0926566741e+00
8.7600000000e+00   -3.0695354176e+00
8.7800000000e+00   -3.0647495042e+00
8.8000000000e+00   -3.0577554183e+00
8.8200000000e+00   -3.0355458196e+00
8.8400000000e+00   -3.0282794212e+00
8.8600000000e+00   -3.0236156156e+00
8.8800000000e+00   -3.0029386909e+00
8.9000000000e+00   -2.9932505599e+00
8.9200000000e+00   -2.9901072827e+00
8.9400000000e+00   -2.9714240420e+00
8.9600000000e+00   -2.9595460490e+00
8.9800000000e+00   -2.9571524884e+00
9.0000000000e+00   -2.9407509573e+00
9.0200000000e+00   -2.9270486559e+00
9.0400000000e+00   -2.9247120345e+00
9.0600000000e+00   -2.9107066639e+00
9.0800000000e+00   -2.8956377462e+00
9.1000000000e+00   -2.8927734233e+00
9.1200000000e+00   -2.8811160534e+00
9.1400000000e+00   -2.8651884805e+00
9.1600000000e+00   -2.8613402764e+00
9.1800000000e+00   -2.8518409307e+00
9.2000000000e+00   -2.8355727008e+00
9.2200000000e+00   -2.8304233864e+00
9.2400000000e+00   -2.8227785014e+00
9.2600000000e+00   -2.8066610447e+00
9.2800000000e+00   -2.8000335237e+00
9.3000000000e+00   -2.7938588402e+00
9.3200000000e+00   -2.7783258818e+00
9.3400000000e+00   -2.7701760315e+00
9.3600000000e+00   -2.7650412934e+00
9.3800000000e+00   -2.7504446974e+00
9.4000000000e+00   -2.7408471485e+00
9.4200000000e+00   -2.7363099515e+00
9.4400000000e+00   -2.7229035724e+00
9.4600000000e+00   -2.7120319296e+00
9.4800000000e+00   -2.7076684615e+00
9.5000000000e+00   -2.6956004294e+00
9.5200000000e+00   -2.6837035800e+00
9.5400000000e+00   -2.6791345239e+00
9.5600000000e+00   -2.6684477529e+00
9.5800000000e+00   -2.6558239897e+00
9.6000000000e+00   -2.6507344405e+00
9.6200000000e+00   -2.6413745452e+00
9.6400000000e+00   -2.6283452375e+00
9.6600000000e+00   -2.6224980475e+00
9.6800000000e+00   -2.6143273533e+00
9.7000000000e+00   -2.6012118284e+00
9.7200000000e+00   -2.5944543035e+00
9.7400000000e+00   -2.5872702924e+00
9.7600000000e+00   -2.5743634261e+00
9.7800000000e+00   -2.5666277213e+00
9.8000000000e+00   -2.5601840835e+00
9.8200000000e+00   -2.5477378431e+00
9.8400000000e+00   -2.5390357445e+00
9.8600000000e+00   -2.5330642191e+00
9.8800000000e+00   -2.5212740629e+00
9.9000000000e+00   -2.5116870945e+00
9.9200000000e+00   -2.5059184358e+00
9.9400000000e+00   -2.4949150769e+00
9.9600000000e+00   -2.4845810469e+00
9.9800000000e+00   -2.4787637307e+00
1.0000000000e+01   -2.4686103464e+00
1.0020000000e+01   -2.4577075490e+00
1.0040000000e+01   -2.4516231692e+00
1.0060000000e+01   -2.4423177345e+00
1.0080000000e+01   -2.4310480542e+00
1.0100000000e+01   -2.4245227314e+00
1.0120000000e+01   -2.4160047947e+00
1.0140000000e+01   -2.4045769267e+00
1.0160000000e+01   -2.3974884082e+00
1.0180000000e+01   -2.3896493616e+00
1.0200000000e+01   -2.3782632566e+00
1.0220000000e+01   -2.3705437171e+00
1.0240000000e+01   -2.3632394442e+00
1.0260000000e+01   -2.3520729214e+00
1.0280000000e+01   -2.3437077508e+00
1.0300000000e+01   -2.3367724773e+00
1.0320000000e+01   -2.3259707297e+00
1.0340000000e+01   -2.3169938213e+00
1.0360000000e+01   -2.3102540371e+00
1.0380000000e+01   -2.2999224941e+00
1.0400000000e+01   -2.2904087122e+00
1.0420000000e+01   -2.2836961594e+00
1.0440000000e+01   -2.2738968949e+00
1.0460000000e+01   -2.2639525097e+00
1.0480000000e+01   -2.2571154186e+00
1.0500000000e+01   -2.2478670205e+00
1.0520000000e+01   -2.2376189527e+00
1.0540000000e+01   -2.2305309298e+00
1.0560000000e+01   -2.2218114990e+00
1.0580000000e+01   -2.2113962150e+00
1.0600000000e+01   -2.2039624229e+00
1.0620000000e+01   -2.1957151721e+00
1.0640000000e+01   -2.1852680187e+00
1.0660000000e+01   -2.1774285163e+00
1.0680000000e+01   -2.1695692989e+00
1.0700000000e+01   -2.1592149694e+00
1.0720000000e+01   -2.1509452859e+00
1.0740000000e+01   -2.1433713112e+00
1.0760000000e+01   -2.1332159990e+00
1.0780000000e+01   -2.1245251943e+00
1.0800000000e+01   -2.1171241783e+00
1.0820000000e+01   -2.1072498082e+00
1.0840000000e+01   -2.0981764093e+00
1.0860000000e+01   -2.0908354610e+00
1.0880000000e+01   -2.0812962092e+00
1.0900000000e+01   -2.0719025128e+00
1.0920000000e+01   -2.0645161530e+00
1.0940000000e+01   -2.0553372833e+00
1.0960000000e+01   -2.0457025743e+00
1.0980000000e+01   -2.0381794121e+00
1.1000000000e+01   -2.0293582887e+00
1.1020000000e+01   -2.0195715428e+00
1.1040000000e+01   -2.0118392845e+00
1.1060000000e+01   -2.0033482746e+00
1.1080000000e+01   -1.9935008964e+00
1.1100000000e+01   -1.9855095115e+00
1.1120000000e+01   -1.9773003839e+00
1.1140000000e+01   -1.9674794778e+00
1.1160000000e+01   -1.9592024943e+00
1.1180000000e+01   -1.9512118483e+00
1.1200000000e+01   -1.9414944405e+00
1.1220000000e+01   -1.9329284698e+00
1.1240000000e+01   -1.9250837049e+00
1.1260000000e+01   -1.9155322311e+00
1.1280000000e+01   -1.9066949334e+00
1.1300000000e+01   -1.8989202791e+00
1.1320000000e+01   -1.8895795352e+00
1.1340000000e+01   -1.8805063186e+00
1.1360000000e+01   -1.8727284922e+00
1.1380000000e+01   -1.8636241261e+00
1.1400000000e+01   -1.8543639291e+00
1.1420000000e+01   -1.8465170605e+00
1.1440000000e+01   -1.8376555650e+00
1.1460000000e+01   -1.8282661006e+00
1.1480000000e+01   -1.8202956533e+00
1.1500000000e+01   -1.8116657177e+00
1.1520000000e+01   -1.8022085571e+00
1.1540000000e+01   -1.7940740720e+00
1.1560000000e+01   -1.7856490665e+00
1.1580000000e+01   -1.7761849175e+00
1.1600000000e+01   -1.7678615079e+00
1.1620000000e+01   -1.7596028139e+00
1.1640000000e+01   -1.7501873036e+00
1.1660000000e+01   -1.7416659196e+00
1.1680000000e+01   -1.7335267899e+00
1.1700000000e+01   -1.7242069987e+00
1.1720000000e+01   -1.7154935626e+00
1.1740000000e+01   -1.7074231859e+00
1.1760000000e+01   -1.6982351051e+00
1.1780000000e+01   -1.6893486867e+00
1.1800000000e+01   -1.6812961514e+00
1.1820000000e+01   -1.6722631574e+00
1.1840000000e+01   -1.6632334049e+00
1.1860000000e+01   -1.6551512938e+00
1.1880000000e+01   -1.6462836521e+00
1.1900000000e+01   -1.6371477253e+00
1.1920000000e+01   -1.6289951261e+00
1.1940000000e+01   -1.6202904645e+00
1.1960000000e+01   -1.6110897277e+00
1.1980000000e+01   -1.6028345061e+00
1.2000000000e+01   -1.5942791337e+00
1.2020000000e+01   -1.5850558582e+00
1.2040000000e+01   -1.5766761070e+00
1.2060000000e+01   -1.5682470078e+00
1.2080000000e+01   -1.5590413113e+00
1.2100000000e+01   -1.5505259531e+00
1.2120000000e+01   -1.5421932511e+00
1.2140000000e+01   -1.5330404642e+00
1.2160000000e+01   -1.5243890459e+00
1.2180000000e+01   -1.5161187257e+00
1.2200000000e+01   -1.5070473297e+00
1.2220000000e+01   -1.4982690980e+00
1.2240000000e+01   -1.4900257664e+00
1.2260000000e+01   -1.4810559947e+00
1.2280000000e+01   -1.4721683816e+00
1.2300000000e+01   -1.4639178751e+00
1.2320000000e+01   -1.4550610153e+00
1.2340000000e+01   -1.4460876920e+00
1.2360000000e+01   -1.4377993623e+00
1.2380000000e+01   -1.4290577462e+00
1.2400000000e+01   -1.4200264161e+00
1.2420000000e+01   -1.4116749667e+00
1.2440000000e+01   -1.4030425860e+00
1.2460000000e+01   -1.3939826930e+00
1.2480000000e+01   -1.3855494803e+00
1.2500000000e+01   -1.3770131298e+00
1.2520000000e+01   -1.3679536454e+00
1.2540000000e+01   -1.3594274044e+00
1.2560000000e+01   -1.3509682271e+00
1.2580000000e+01   -1.3419356623e+00
1.2600000000e+01   -1.3333126577e+00
1.2620000000e+01   -1.3249079475e+00
1.2640000000e+01   -1.3159247059e+00
1.2660000000e+01   -1.3072083513e+00
1.2680000000e+01   -1.2988334665e+00
1.2700000000e+01   -1.2899166230e+00
1.2720000000e+01   -1.2811166388e+00
1.2740000000e+01   -1.2727468853e+00
1.2760000000e+01   -1.2639074375e+00
1.2780000000e+01   -1.2550386469e+00
1.2800000000e+01   -1.2466510030e+00
1.2820000000e+01   -1.2378936058e+00
1.2840000000e+01   -1.2289744808e+00
1.2860000000e+01   -1.2205490609e+00
1.2880000000e+01   -1.2118722223e+00
1.2900000000e+01   -1.2029233004e+00
1.2920000000e+01   -1.1944444790e+00
1.2940000000e+01   -1.1858411639e+00
1.2960000000e+01   -1.1768834536e+00
1.2980000000e+01   -1.1683406036e+00
1.3000000000e+01   -1.1597991689e+00
1.3020000000e+01   -1.1508526537e+00
1.3040000000e+01   -1.1422404812e+00
1.3060000000e+01   -1.1337458519e+00
1.3080000000e+01   -1.1248281855e+00
1.3100000000e+01   -1.1161466726e+00
1.3120000000e+01   -1.1076816571e+00
1.3140000000e+01   -1.0988071235e+00
1.3160000000e+01   -1.0900611158e+00
1.3180000000e+01   -1.0816077596e+00
1.3200000000e+01   -1.0727865456e+00
1.3220000000e+01   -1.0639850421e+00
1.3240000000e+01   -1.0555259261e+00
1.3260000000e+01   -1.0467637312e+00
1.3280000000e+01   -1.0379189470e+00
1.3300000000e+01   -1.0294383461e+00
1.3320000000e+01   -1.0207363284e+00
1.3340000000e+01   -1.0118626131e+00
1.3360000000e+01   -1.0033474494e+00
1.3380000000e+01   -9.9470248427e-01
1.3400000000e+01   -9.8581517879e-01
1.3420000000e+01   -9.7725572187e-01
1.3440000000e+01   -9.6866093085e-01
1.3460000000e+01   -9.5977524410e-01
1.3480000000e+01   -9.5116553239e-01
1.3500000000e+01   -9.4261102611e-01
1.3520000000e+01   -9.3374100466e-01
1.3540000000e+01   -9.2507898179e-01
1.3560000000e+01   -9.1655274964e-01
1.3580000000e+01   -9.0771040162e-01
1.3600000000e+01   -8.9899778113e-01
1.3620000000e+01   -8.9048665763e-01
1.3640000000e+01   -8.8168127712e-01
1.3660000000e+01   -8.7292316547e-01
1.3680000000e+01   -8.6441380325e-01
1.3700000000e+01   -8.5565152443e-01
1.3720000000e+01   -8.4685584559e-01
1.3740000000e+01   -8.3833563049e-01
1.3760000000e+01   -8.2961922354e-01
1.3780000000e+01   -8.2079599768e-01
1.3800000000e+01   -8.1225385039e-01
1.3820000000e+01   -8.0358275452e-01
1.3840000000e+01   -7.9474328864e-01
1.3860000000e+01   -7.8617030926e-01
1.3880000000e+01   -7.7754088300e-01
1.3900000000e+01   -7.6869693243e-01
1.3920000000e+01   -7.6008685808e-01
1.3940000000e+01   -7.5149281458e-01
1.3960000000e+01   -7.4265577151e-01
1.3980000000e+01   -7.3400523123e-01
1.4000000000e+01   -7.2543821686e-01
1.4020000000e+01   -7.1661837606e-01
1.4040000000e+01   -7.0792694165e-01
1.4060000000e+01   -6.9937721054e-01
1.4080000000e+01   -6.9058315344e-01
1.4100000000e+01   -6.8185319782e-01
1.4120000000e+01   -6.7331033219e-01
1.4140000000e+01   -6.6454846016e-01
1.4160000000e+01   -6.5578484588e-01
1.4180000000e+01   -6.4723847358e-01
1.4200000000e+01   -6.3851270904e-01
1.4220000000e+01   -6.2972233867e-01
1.4240000000e+01   -6.2116280309e-01
1.4260000000e+01   -6.1247446537e-01
1.4280000000e+01   -6.0366573138e-01
1.4300000000e+01   -5.9508467553e-01
1.4320000000e+01   -5.8643252690e-01
1.4340000000e+01   -5.7761470200e-01
1.4360000000e+01   -5.6900553703e-01
1.4380000000e+01   -5.6038598386e-01
1.4400000000e+01   -5.5156859330e-01
1.4420000000e+01   -5.4292683114e-01
1.4440000000e+01   -5.3433425703e-01
1.4460000000e+01   -5.2552647208e-01
1.4480000000e+01   -5.1684991199e-01
1.4500000000e+01   -5.0827711310e-01
1.4520000000e+01   -4.9948720061e-01
1.4540000000e+01   -4.9077596917e-01
1.4560000000e+01   -4.8221465821e-01
1.4580000000e+01   -4.7344951502e-01
1.4600000000e+01   -4.6470596807e-01
1.4620000000e+01   -4.5614731199e-01
1.4640000000e+01   -4.4741210514e-01
1.4660000000e+01   -4.3864060804e-01
1.4680000000e+01   -4.3007576494e-01
1.4700000000e+01   -4.2137369078e-01
1.4720000000e+01   -4.1258029957e-01
1.4740000000e+01   -4.0400092350e-01
1.4760000000e+01   -3.9533308999e-01
1.4780000000e+01   -3.8652516047e-01
1.4800000000e+01   -3.7792384700e-01
1.4820000000e+01   -3.6928927549e-01
1.4840000000e+01   -3.6047502984e-01
1.4860000000e+01   -3.5184568120e-01
1.4880000000e+01   -3.4324141626e-01
1.4900000000e+01   -3.3442949809e-01
1.4920000000e+01   -3.2576759294e-01
1.4940000000e+01   -3.1718890238e-01
1.4960000000e+01   -3.0838795022e-01
1.4980000000e+01   -2.9969071033e-01
1.5000000000e+01   -2.9113135126e-01
1.5020000000e+01   -2.8234961991e-01
1.5040000000e+01   -2.7361607231e-01
1.5060000000e+01   -2.6506859434e-01
1.5080000000e+01   -2.5631365185e-01
1.5100000000e+01   -2.4754459151e-01
1.5120000000e+01   -2.3900064188e-01
1.5140000000e+01   -2.3027917109e-01
1.5160000000e+01   -2.2147703427e-01
1.5180000000e+01   -2.1292762158e-01
1.5200000000e+01   -2.0424536076e-01
1.5220000000e+01   -1.9541402331e-01
1.5240000000e+01   -1.8684967990e-01
1.5260000000e+01   -1.7821155581e-01
1.5280000000e+01   -1.6935607213e-01
1.5300000000e+01   -1.6076681800e-01
1.5320000000e+01   -1.5217737577e-01
1.5340000000e+01   -1.4330367121e-01
1.5360000000e+01   -1.3467858886e-01
1.5380000000e+01   -1.2614296480e-01
1.5400000000e+01   -1.1725747448e-01
1.5420000000e+01   -1.0858344281e-01
1.5440000000e+01   -1.0010955830e-01
1.5460000000e+01   -9.1218716553e-02
1.5480000000e+01   -8.2477006360e-02
1.5500000000e+01   -7.4081238254e-02
1.5520000000e+01   -6.5190231201e-02
1.5540000000e+01   -5.6346258801e-02
1.5560000000e+01   -4.8072514878e-02
1.5580000000e+01   -3.9178738834e-02
1.5600000000e+01   -3.0140782928e-02
1.5620000000e+01   -2.2166045669e-02
1.5640000000e+01   -1.3169403125e-02
1.5660000000e+01   -3.4957020599e-03
1.5680000000e+01   -1.6307123192e-04
1.5700000000e+01   -6.5424572502e-03
1.5720000000e+01   -1.6535079752e-02
1.5740000000e+01   -2.4875880320e-02
1.5760000000e+01   -3.3147090726e-02
1.5780000000e+01   -4.2357623352e-02
1.5800000000e+01   -5.0931701389e-02
1.5820000000e+01   -5.9316276810e-02
1.5840000000e+01   -6.8321072340e-02
1.5860000000e+01   -7.7001385201e-02
1.5880000000e+01   -8.5427457506e-02
1.5900000000e+01   -9.4323099201e-02
1.5920000000e+01   -1.0306702640e-01
1.5940000000e+01   -1.1152246978e-01
1.5960000000e+01   -1.2034144085e-01
1.5980000000e+01   -1.2912762105e-01
1.6000000000e+01   -1.3761157263e-01
1.6020000000e+01   -1.4636916055e-01
1.6040000000e+01   -1.5518332656e-01
1.6060000000e+01   -1.6369804584e-01
1.6080000000e+01   -1.7240373013e-01
1.6100000000e+01   -1.8123444010e-01
1.6120000000e+01   -1.8978287765e-01
1.6140000000e+01   -1.9844420647e-01
1.6160000000e+01   -2.0728135689e-01
1.6180000000e+01   -2.1586610348e-01
1.6200000000e+01   -2.2449026169e-01
1.6220000000e+01   -2.3332460405e-01
1.6240000000e+01   -2.4194730878e-01
1.6260000000e+01   -2.5054177390e-01
1.6280000000e+01   -2.5936486033e-01
1.6300000000e+01   -2.6802586795e-01
1.6320000000e+01   -2.7659862545e-01
1.6340000000e+01   -2.8540295493e-01
1.6360000000e+01   -2.9410108556e-01
1.6380000000e+01   -3.0266059309e-01
1.6400000000e+01   -3.1143984806e-01
1.6420000000e+01   -3.2017229560e-01
1.6440000000e+01   -3.2872728707e-01
1.6460000000e+01   -3.3747659634e-01
1.6480000000e+01   -3.4623893919e-01
1.6500000000e+01   -3.5479812202e-01
1.6520000000e+01   -3.6351430588e-01
1.6540000000e+01   -3.7230062723e-01
1.6560000000e+01   -3.8087231202e-01
1.6580000000e+01   -3.8955407638e-01
1.6600000000e+01   -3.9835718962e-01
1.6620000000e+01   -4.0694888619e-01
1.6640000000e+01   -4.1559693951e-01
1.6660000000e+01   -4.2440871022e-01
1.6680000000e+01   -4.3302672205e-01
1.6700000000e+01   -4.4164379561e-01
1.6720000000e+01   -4.5045554581e-01
1.6740000000e+01   -4.5910459443e-01
1.6760000000e+01   -4.6769535274e-01
1.6780000000e+01   -4.7649832777e-01
1.6800000000e+01   -4.8518123681e-01
1.6820000000e+01   -4.9375207245e-01
1.6840000000e+01   -5.0253794543e-01
1.6860000000e+01   -5.1125541167e-01
1.6880000000e+01   -5.1981412628e-01
1.6900000000e+01   -5.2857551103e-01
1.6920000000e+01   -5.3732598565e-01
1.6940000000e+01   -5.4588136703e-01
1.6960000000e+01   -5.5461230721e-01
1.6980000000e+01   -5.6339200465e-01
1.7000000000e+01   -5.7195331780e-01
1.7020000000e+01   -5.8064971924e-01
1.7040000000e+01   -5.8945276387e-01
1.7060000000e+01   -5.9802918113e-01
1.7080000000e+01   -6.0668915511e-01
1.7100000000e+01   -6.1550786761e-01
1.7120000000e+01   -6.2410786951e-01
1.7140000000e+01   -6.3273195784e-01
1.7160000000e+01   -6.4155727373e-01
1.7180000000e+01   -6.5018805698e-01
1.7200000000e+01   -6.5877931523e-01
1.7220000000e+01   -6.6760131876e-01
1.7240000000e+01   -6.7626825032e-01
1.7260000000e+01   -6.8483217276e-01
1.7280000000e+01   -6.9364071998e-01
1.7300000000e+01   -7.0234687679e-01
1.7320000000e+01   -7.1089115583e-01
1.7340000000e+01   -7.1967655250e-01
1.7360000000e+01   -7.2842238393e-01
1.7380000000e+01   -7.3695650721e-01
1.7400000000e+01   -7.4571020085e-01
1.7420000000e+01   -7.5449334570e-01
1.7440000000e+01   -7.6302804534e-01
1.7460000000e+01   -7.7174328595e-01
1.7480000000e+01   -7.8055856843e-01
1.7500000000e+01   -7.8910514804e-01
1.7520000000e+01   -7.9777757072e-01
1.7540000000e+01   -8.0661718908e-01
1.7560000000e+01   -8.1518676489e-01
1.7580000000e+01   -8.2381484856e-01
1.7600000000e+01   -8.3266875868e-01
1.7620000000e+01   -8.4127145992e-01
1.7640000000e+01   -8.4985682136e-01
1.7660000000e+01   -8.5871330359e-01
1.7680000000e+01   -8.6735748441e-01
1.7700000000e+01   -8.7590497415e-01
1.7720000000e+01   -8.8475135873e-01
1.7740000000e+01   -8.9344287722e-01
1.7760000000e+01   -9.0196045507e-01
1.7780000000e+01   -9.1078396782e-01
1.7800000000e+01   -9.1952558823e-01
1.7820000000e+01   -9.2802396927e-01
1.7840000000e+01   -9.3681264793e-01
1.7860000000e+01   -9.4560361812e-01
1.7880000000e+01   -9.5409569544e-01
1.7900000000e+01   -9.6283931773e-01
1.7920000000e+01   -9.7167516629e-01
1.7940000000e+01   -9.8017523276e-01
1.7960000000e+01   -9.8886619151e-01
1.7980000000e+01   -9.9773877685e-01
1.8000000000e+01   -1.0062615846e+00
1.8020000000e+01   -1.0148956433e+00
1.8040000000e+01   -1.0237934724e+00
1.8060000000e+01   -1.0323531839e+00
1.8080000000e+01   -1.0409300487e+00
1.8100000000e+01   -1.0498388644e+00
1.8120000000e+01   -1.0584479607e+00
1.8140000000e+01   -1.0669716128e+00
1.8160000000e+01   -1.0758752313e+00
1.8180000000e+01   -1.0845434537e+00
1.8200000000e+01   -1.0930221966e+00
1.8220000000e+01   -1.1019035537e+00
1.8240000000e+01   -1.1106369583e+00
1.8260000000e+01   -1.1190831529e+00
1.8280000000e+01   -1.1279255025e+00
1.8300000000e+01   -1.1367257066e+00
1.8320000000e+01   -1.1451551857e+00
1.8340000000e+01   -1.1539433759e+00
1.8360000000e+01   -1.1628070680e+00
1.8380000000e+01   -1.1712382435e+00
1.8400000000e+01   -1.1799599837e+00
1.8420000000e+01   -1.1888787577e+00
1.8440000000e+01   -1.1973314599e+00
1.8460000000e+01   -1.2059784858e+00
1.8480000000e+01   -1.2149390394e+00
1.8500000000e+01   -1.2234331475e+00
1.8520000000e+01   -1.2320021892e+00
1.8540000000e+01   -1.2409869050e+00
1.8560000000e+01   -1.2495408533e+00
1.8580000000e+01   -1.2580343171e+00
1.8600000000e+01   -1.2670222176e+00
1.8620000000e+01   -1.2756514747e+00
1.8640000000e+01   -1.2840777635e+00
1.8660000000e+01   -1.2930458031e+00
1.8680000000e+01   -1.3017614362e+00
1.8700000000e+01   -1.3101348498e+00
1.8720000000e+01   -1.3190594779e+00
1.8740000000e+01   -1.3278669178e+00
1.8760000000e+01   -1.3362071015e+00
1.8780000000e+01   -1.3450660061e+00
1.8800000000e+01   -1.3539641236e+00
1.8820000000e+01   -1.3622950641e+00
1.8840000000e+01   -1.3710689821e+00
1.8860000000e+01   -1.3800495755e+00
1.8880000000e+01   -1.3883981747e+00
1.8900000000e+01   -1.3970726399e+00
1.8920000000e+01   -1.4061204112e+00
1.8940000000e+01   -1.4145147045e+00
1.8960000000e+01   -1.4230815977e+00
1.8980000000e+01   -1.4321746650e+00
1.9000000000e+01   -1.4406417843e+00
1.9020000000e+01   -1.4491005500e+00
1.9040000000e+01   -1.4582115092e+00
1.9060000000e+01   -1.4667755177e+00
1.9080000000e+01   -1.4751339245e+00
1.9100000000e+01   -1.4842314325e+00
1.9120000000e+01   -1.4929111855e+00
1.9140000000e+01   -1.5011855282e+00
1.9160000000e+01   -1.5102363367e+00
1.9180000000e+01   -1.5190435318e+00
1.9200000000e+01   -1.5272582058e+00
1.9220000000e+01   -1.5362295368e+00
1.9240000000e+01   -1.5451671225e+00
1.9260000000e+01   -1.5533535380e+00
1.9280000000e+01   -1.5622156533e+00
1.9300000000e+01   -1.5712767534e+00
1.9320000000e+01   -1.5794716070e+00
1.9340000000e+01   -1.5882003968e+00
1.9360000000e+01   -1.5973678844e+00
1.9380000000e+01   -1.6056108521e+00
1.9400000000e+01   -1.6141902495e+00
1.9420000000e+01   -1.6234370678e+00
1.9440000000e+01   -1.6317680370e+00
1.9460000000e+01   -1.6401920580e+00
1.9480000000e+01   -1.6494823387e+00
1.9500000000e+01   -1.6579383425e+00
1.9520000000e+01   -1.6662125598e+00
1.9540000000e+01   -1.6755035314e+00
1.9560000000e+01   -1.6841155917e+00
1.9580000000e+01   -1.6922578732e+00
1.9600000000e+01   -1.7015024926e+00
1.9620000000e+01   -1.7102926042e+00
1.9640000000e+01   -1.7183329843e+00
1.9660000000e+01   -1.7274831620e+00
1.9680000000e+01   -1.7364616685e+00
1.9700000000e+01   -1.7444412709e+00
1.9720000000e+01   -1.7534515029e+00
1.9740000000e+01   -1.7626151069e+00
1.9760000000e+01   -1.7705841012e+00
1.9780000000e+01   -1.7794152725e+00
1.9800000000e+01   -1.7887459023e+00
1.9820000000e+01   -1.7967605481e+00
1.9840000000e+01   -1.8053836336e+00
1.9860000000e+01   -1.8148483437e+00
1.9880000000e+01   -1.8229672498e+00
1.9900000000e+01   -1.8313666232e+00
1.9920000000e+01   -1.8409186428e+00
1.9940000000e+01   -1.8491984474e+00
1.9960000000e+01   -1.8573745040e+00
1.9980000000e+01   -1.8669554705e+00
2.0000000000e+01   -1.8754462135e+00
2.0020000000e+01   -1.8834170367e+00
2.0040000000e+01   -1.8929603627e+00
2.0060000000e+01   -1.9017008794e+00
2.0080000000e+01   -1.9095027209e+00
2.0100000000e+01   -1.9189379512e+00
2.0120000000e+01   -1.9279516493e+00
2.0140000000e+01   -1.9356380581e+00
2.0160000000e+01   -1.9448959822e+00
2.0180000000e+01   -1.9541873775e+00
2.0200000000e+01   -1.9618268965e+00
2.0220000000e+01   -1.9708451022e+00
2.0240000000e+01   -1.9803974679e+00
2.0260000000e+01   -1.9880699137e+00
2.0280000000e+01   -1.9967984039e+00
2.0300000000e+01   -2.0065728385e+00
2.0320000000e+01   -2.0143642947e+00
2.0340000000e+01   -2.0227707443e+00
2.0360000000e+01   -2.0327068843e+00
2.0380000000e+01   -2.0407036502e+00
2.0400000000e+01   -2.0487778670e+00
2.0420000000e+01   -2.0587963613e+00
2.0440000000e+01   -2.0670782113e+00
2.0460000000e+01   -2.0748353763e+00
2.0480000000e+01   -2.0848421148e+00
2.0500000000e+01   -2.0934753211e+00
2.0520000000e+01   -2.1009576267e+00
2.0540000000e+01   -2.1108495767e+00
2.0560000000e+01   -2.1198802202e+00
2.0580000000e+01   -2.1271566047e+00
2.0600000000e+01   -2.1368289694e+00
2.0620000000e+01   -2.1462771056e+00
2.0640000000e+01   -2.1534408860e+00
2.0660000000e+01   -2.1627951724e+00
2.0680000000e+01   -2.1726504131e+00
2.0700000000e+01   -2.1798147549e+00
2.0720000000e+01   -2.1887672294e+00
2.0740000000e+01   -2.1989862526e+00
2.0760000000e+01   -2.2062775726e+00
2.0780000000e+01   -2.2147675022e+00
2.0800000000e+01   -2.2252738997e+00
2.0820000000e+01   -2.2328234710e+00
2.0840000000e+01   -2.2408205049e+00
2.0860000000e+01   -2.2515072348e+00
2.0880000000e+01   -2.2594414372e+00
2.0900000000e+01   -2.2669514792e+00
2.0920000000e+01   -2.2776860069e+00
2.0940000000e+01   -2.2861158355e+00
2.0960000000e+01   -2.2931847967e+00
2.0980000000e+01   -2.3038168049e+00
2.1000000000e+01   -2.3128273845e+00
2.1020000000e+01   -2.3195422927e+00
2.1040000000e+01   -2.3299136278e+00
2.1060000000e+01   -2.3395545793e+00
2.1080000000e+01   -2.3460416499e+00
2.1100000000e+01   -2.3559979735e+00
2.1120000000e+01   -2.3662755091e+00
2.1140000000e+01   -2.3726949607e+00
2.1160000000e+01   -2.3820983946e+00
2.1180000000e+01   -2.3929699831e+00
2.1200000000e+01   -2.3995075940e+00
2.1220000000e+01   -2.4082495142e+00
2.1240000000e+01   -2.4196218374e+00
2.1260000000e+01   -2.4264774933e+00
2.1280000000e+01   -2.4344905347e+00
2.1300000000e+01   -2.4462212655e+00
2.1320000000e+01   -2.4535950141e+00
2.1340000000e+01   -2.4608633169e+00
2.1360000000e+01   -2.4727669878e+00
2.1380000000e+01   -2.4808433940e+00
2.1400000000e+01   -2.4874101420e+00
2.1420000000e+01   -2.4992680739e+00
2.1440000000e+01   -2.5081999137e+00
2.1460000000e+01   -2.5141713009e+00
2.1480000000e+01   -2.5257452382e+00
2.1500000000e+01   -2.5356377703e+00
2.1520000000e+01   -2.5411826762e+00
2.1540000000e+01   -2.5522314624e+00
2.1560000000e+01   -2.5631286308e+00
2.1580000000e+01   -2.5684734983e+00
2.1600000000e+01   -2.5787718497e+00
2.1620000000e+01   -2.5906457762e+00
2.1640000000e+01   -2.5960644598e+00
2.1660000000e+01   -2.6054226713e+00
2.1680000000e+01   -2.6181676819e+00
2.1700000000e+01   -2.6239663776e+00
2.1720000000e+01   -2.6322496413e+00
2.1740000000e+01   -2.6456818202e+00
2.1760000000e+01   -2.6521795791e+00
2.1780000000e+01   -2.6593255147e+00
2.1800000000e+01   -2.6731884213e+00
2.1820000000e+01   -2.6806941790e+00
2.1840000000e+01   -2.6867271672e+00
2.1860000000e+01   -2.7007039032e+00
2.1880000000e+01   -2.7094913816e+00
2.1900000000e+01   -2.7145323551e+00
2.1920000000e+01   -2.7282636873e+00
2.1940000000e+01   -2.7385459064e+00
2.1960000000e+01   -2.7428163904e+00
2.1980000000e+01   -2.7559241524e+00
2.2000000000e+01   -2.7678295730e+00
2.2020000000e+01   -2.7716489806e+00
2.2040000000e+01   -2.7837635589e+00
2.2060000000e+01   -2.7973160078e+00
2.2080000000e+01   -2.8010914991e+00
2.2100000000e+01   -2.8118818748e+00
2.2120000000e+01   -2.8269863385e+00
2.2140000000e+01   -2.8311949545e+00
2.2160000000e+01   -2.8403995506e+00
2.2180000000e+01   -2.8568356496e+00
2.2200000000e+01   -2.8619989385e+00
2.2220000000e+01   -2.8694554087e+00
2.2240000000e+01   -2.8868798797e+00
2.2260000000e+01   -2.8935318342e+00
2.2280000000e+01   -2.8992039156e+00
2.2300000000e+01   -2.9171627890e+00
2.2320000000e+01   -2.9258125789e+00
2.2340000000e+01   -2.9298121868e+00
2.2360000000e+01   -2.9477626208e+00
2.2380000000e+01   -2.9588542689e+00
2.2400000000e+01   -2.9614571409e+00
2.2420000000e+01   -2.9787981512e+00
2.2440000000e+01   -2.9926698899e+00
2.2460000000e+01   -2.9943232638e+00
2.2480000000e+01   -3.0104339796e+00
2.2500000000e+01   -3.0272804264e+00
2.2520000000e+01   -3.0286015030e+00
2.2540000000e+01   -3.0428851502e+00
2.2560000000e+01   -3.0627255717e+00
2.2580000000e+01   -3.0644898881e+00
2.2600000000e+01   -3.0764215211e+00
2.2620000000e+01   -3.0990772333e+00
2.2640000000e+01   -3.1021966106e+00
2.2660000000e+01   -3.1113726956e+00
2.2680000000e+01   -3.1364560532e+00
2.2700000000e+01   -3.1419465281e+00
2.2720000000e+01   -3.1481348354e+00
2.2740000000e+01   -3.1750513223e+00
2.2760000000e+01   -3.1839924473e+00
2.2780000000e+01   -3.1871813428e+00
2.2800000000e+01   -3.2151450774e+00
2.2820000000e+01   -3.2286331946e+00
2.2840000000e+01   -3.2290804077e+00
2.2860000000e+01   -3.2571420587e+00
2.2880000000e+01   -3.2762415896e+00
2.2900000000e+01   -3.2745240983e+00
2.2920000000e+01   -3.3016089058e+00
2.2940000000e+01   -3.3273074069e+00
2.2960000000e+01   -3.3243767694e+00
2.2980000000e+01   -3.3493291878e+00
2.3000000000e+01   -3.3825040636e+00
2.3020000000e+01   -3.3797566185e+00
2.3040000000e+01   -3.4013870165e+00
2.3060000000e+01   -3.4427950327e+00
2.3080000000e+01   -3.4421769140e+00
2.3100000000e+01   -3.4593044815e+00
2.3120000000e+01   -3.5096114282e+00
2.3140000000e+01   -3.5138020750e+00
2.3160000000e+01   -3.5252856364e+00
2.3180000000e+01   -3.5851679853e+00
2.3200000000e+01   -3.5979450529e+00
2.3220000000e+01   -3.6026870191e+00
2.3240000000e+01   -3.6730765668e+00
2.3260000000e+01   -3.7001339202e+00
2.3280000000e+01   -3.6970223487e+00
2.3300000000e+01   -3.7796873425e+00
2.3320000000e+01   -3.8307558056e+00
2.3340000000e+01   -3.8184337517e+00
2.3360000000e+01   -3.9175588030e+00
2.3380000000e+01   -4.0132901505e+00
2.3400000000e+01   -3.9892616322e+00
2.3420000000e+01   -4.1171775876e+00
2.3440000000e+01   -4.3236603887e+00
2.3460000000e+01   -4.2788520167e+00
2.3480000000e+01   -4.4948601382e+00
2.3500000000e+01   -6.0108231541e+00
2.3520000000e+01   -5.6515130719e+00
2.3540000000e+01   -4.9005833093e+00
2.3560000000e+01   -4.3147889461e+00
2.3580000000e+01   -4.3130505320e+00
2.3600000000e+01   -4.2384007136e+00
2.3620000000e+01   -4.0217336026e+00
2.3640000000e+01   -4.0003595078e+00
2.3660000000e+01   -3.9833529225e+00
2.3680000000e+01   -3.8499800997e+00
2.3700000000e+01   -3.8194769105e+00
2.3720000000e+01   -3.8200757946e+00
2.3740000000e+01   -3.7277463228e+00
2.3760000000e+01   -3.6915970323e+00
2.3780000000e+01   -3.6983924724e+00
2.3800000000e+01   -3.6322053063e+00
2.3820000000e+01   -3.5925729399e+00
2.3840000000e+01   -3.6005071068e+00
2.3860000000e+01   -3.5530926319e+00
2.3880000000e+01   -3.5117115867e+00
2.3900000000e+01   -3.5180814296e+00
2.3920000000e+01   -3.4849026109e+00
2.3940000000e+01   -3.4432871858e+00
2.3960000000e+01   -3.4465640312e+00
2.3980000000e+01   -3.4243540284e+00
2.4000000000e+01   -3.3838379910e+00
2.4020000000e+01   -3.3832097161e+00
2.4040000000e+01   -3.3693585760e+00
2.4060000000e+01   -3.3310828413e+00
2.4080000000e+01   -3.3262357089e+00
2.4100000000e+01   -3.3185328742e+00
2.4120000000e+01   -3.2834193139e+00
2.4140000000e+01   -3.2744117691e+00
2.4160000000e+01   -3.2709399229e+00
2.4180000000e+01   -3.2396672951e+00
2.4200000000e+01   -3.2268418754e+00
2.4220000000e+01   -3.2259387345e+00
2.4240000000e+01   -3.1989285435e+00
2.4260000000e+01   -3.1828400659e+00
2.4280000000e+01   -3.1830897127e+00
2.4300000000e+01   -3.1605056805e+00
2.4320000000e+01   -3.1418565792e+00
2.4340000000e+01   -3.1420911745e+00
2.4360000000e+01   -3.1238532923e+00
2.4380000000e+01   -3.1034327335e+00
2.4400000000e+01   -3.1027347248e+00
2.4420000000e+01   -3.0885468397e+00
2.4440000000e+01   -3.0671731542e+00
2.4460000000e+01   -3.0648729934e+00
2.4480000000e+01   -3.0542614129e+00
2.4500000000e+01   -3.0327289473e+00
2.4520000000e+01   -3.0283960839e+00
2.4540000000e+01   -3.0207557409e+00
2.4560000000e+01   -2.9997879955e+00
2.4580000000e+01   -2.9932145185e+00
2.4600000000e+01   -2.9878588274e+00
2.4620000000e+01   -2.9680699487e+00
2.4640000000e+01   -2.9592472072e+00
2.4660000000e+01   -2.9554578062e+00
2.4680000000e+01   -2.9373242487e+00
2.4700000000e+01   -2.9264133852e+00
2.4720000000e+01   -2.9234864028e+00
2.4740000000e+01   -2.9073299711e+00
2.4760000000e+01   -2.8946277045e+00
2.4780000000e+01   -2.8919138849e+00
2.4800000000e+01   -2.8778965430e+00
2.4820000000e+01   -2.8637978331e+00
2.4840000000e+01   -2.8607346639e+00
2.4860000000e+01   -2.8488645889e+00
2.4880000000e+01   -2.8338240263e+00
2.4900000000e+01   -2.8299588273e+00
2.4920000000e+01   -2.8201063290e+00
2.4940000000e+01   -2.8046002193e+00
2.4960000000e+01   -2.7996038836e+00
2.4980000000e+01   -2.7915251262e+00
2.5000000000e+01   -2.7760162483e+00
2.5020000000e+01   -2.7696879305e+00
2.5040000000e+01   -2.7630539587e+00
2.5060000000e+01   -2.7479608393e+00
2.5080000000e+01   -2.7402243632e+00
2.5100000000e+01   -2.7346527700e+00
2.5120000000e+01   -2.7203250315e+00
2.5140000000e+01   -2.7112181346e+00
2.5160000000e+01   -2.7063048124e+00
2.5180000000e+01   -2.6930057124e+00
2.5200000000e+01   -2.6826634977e+00
2.5220000000e+01   -2.6780122221e+00
2.5240000000e+01   -2.6659089642e+00
2.5260000000e+01   -2.6545430928e+00
2.5280000000e+01   -2.6497911477e+00
2.5300000000e+01   -2.6389529466e+00
2.5320000000e+01   -2.6268282023e+00
2.5340000000e+01   -2.6216667780e+00
2.5360000000e+01   -2.6120700871e+00
2.5380000000e+01   -2.5994799693e+00
2.5400000000e+01   -2.5936686009e+00
2.5420000000e+01   -2.5852084153e+00
2.5440000000e+01   -2.5724513631e+00
2.5460000000e+01   -2.5658261718e+00
2.5480000000e+01   -2.5583319518e+00
2.5500000000e+01   -2.5456896694e+00
2.5520000000e+01   -2.5381655952e+00
2.5540000000e+01   -2.5314201528e+00
2.5560000000e+01   -2.5191392820e+00
2.5580000000e+01   -2.5107068481e+00
2.5600000000e+01   -2.5044664932e+00
2.5620000000e+01   -2.4927445786e+00
2.5640000000e+01   -2.4834619922e+00
2.5660000000e+01   -2.4774763423e+00
2.5680000000e+01   -2.4664526747e+00
2.5700000000e+01   -2.4564342626e+00
2.5720000000e+01   -2.4504643400e+00
2.5740000000e+01   -2.4402158702e+00
2.5760000000e+01   -2.4296179647e+00
2.5780000000e+01   -2.4234515020e+00
2.5800000000e+01   -2.4139936331e+00
2.5820000000e+01   -2.4029990763e+00
2.5840000000e+01   -2.3964622876e+00
2.5860000000e+01   -2.3877540054e+00
2.5880000000e+01   -2.3765564243e+00
2.5900000000e+01   -2.3695218367e+00
2.5920000000e+01   -2.3614743651e+00
2.5940000000e+01   -2.3502632894e+00
2.5960000000e+01   -2.3426535474e+00
2.5980000000e+01   -2.3351415316e+00
2.6000000000e+01   -2.3240892871e+00
2.6020000000e+01   -2.3158771173e+00
2.6040000000e+01   -2.3087512521e+00
2.6060000000e+01   -2.2980023679e+00
2.6080000000e+01   -2.2892071213e+00
2.6100000000e+01   -2.2823071568e+00
2.6120000000e+01   -2.2719707924e+00
2.6140000000e+01   -2.2626521539e+00
2.6160000000e+01   -2.2558193024e+00
2.6180000000e+01   -2.2459649450e+00
2.6200000000e+01   -2.2362145202e+00
2.6220000000e+01   -2.2293024489e+00
2.6240000000e+01   -2.2199588729e+00
2.6260000000e+01   -2.2098904288e+00
2.6280000000e+01   -2.2027742173e+00
2.6300000000e+01   -2.1939314643e+00
2.6320000000e+01   -2.1836706138e+00
2.6340000000e+01   -2.1762532744e+00
2.6360000000e+01   -2.1678672082e+00
2.6380000000e+01   -2.1575412954e+00
2.6400000000e+01   -2.1497576673e+00
2.6420000000e+01   -2.1417565163e+00
2.6440000000e+01   -2.1314853769e+00
2.6460000000e+01   -2.1233034076e+00
2.6480000000e+01   -2.1155956182e+00
2.6500000000e+01   -2.1054837746e+00
2.6520000000e+01   -2.0969033742e+00
2.6540000000e+01   -2.0893860746e+00
2.6560000000e+01   -2.0795167759e+00
2.6580000000e+01   -2.0705665718e+00
2.6600000000e+01   -2.0631339773e+00
2.6620000000e+01   -2.0535653292e+00
2.6640000000e+01   -2.0442977550e+00
2.6660000000e+01   -2.0368489231e+00
2.6680000000e+01   -2.0276121842e+00
2.6700000000e+01   -2.0180974016e+00
2.6720000000e+01   -2.0105428570e+00
2.6740000000e+01   -2.0016428124e+00
2.6760000000e+01   -1.9919619959e+00
2.6780000000e+01   -1.9842288794e+00
2.6800000000e+01   -1.9756460656e+00
2.6820000000e+01   -1.9658845714e+00
2.6840000000e+01   -1.9579201072e+00
2.6860000000e+01   -1.9496145444e+00
2.6880000000e+01   -1.9398554477e+00
2.6900000000e+01   -1.9316286602e+00
2.6920000000e+01   -1.9235446787e+00
2.6940000000e+01   -1.9138630909e+00
2.6960000000e+01   -1.9053648331e+00
2.6980000000e+01   -1.8974365372e+00
2.7000000000e+01   -1.8878950291e+00
2.7020000000e+01   -1.8791364866e+00
2.7040000000e+01   -1.8712934065e+00
2.7060000000e+01   -1.8619387523e+00
2.7080000000e+01   -1.8529486783e+00
2.7100000000e+01   -1.8451211889e+00
2.7120000000e+01   -1.8359825381e+00
2.7140000000e+01   -1.8268035314e+00
2.7160000000e+01   -1.8189276804e+00
2.7180000000e+01   -1.8100161512e+00
2.7200000000e+01   -1.8007003251e+00
2.7220000000e+01   -1.7927217915e+00
2.7240000000e+01   -1.7840313794e+00
2.7260000000e+01   -1.7746357778e+00
2.7280000000e+01   -1.7665127709e+00
2.7300000000e+01   -1.7580223836e+00
2.7320000000e+01   -1.7486044834e+00
2.7340000000e+01   -1.7403094864e+00
2.7360000000e+01   -1.7319858522e+00
2.7380000000e+01   -1.7225994570e+00
2.7400000000e+01   -1.7141198077e+00
2.7420000000e+01   -1.7059209679e+00
2.7440000000e+01   -1.6966127416e+00
2.7460000000e+01   -1.6879501227e+00
2.7480000000e+01   -1.6798292047e+00
2.7500000000e+01   -1.6706360278e+00
2.7520000000e+01   -1.6618050067e+00
2.7540000000e+01   -1.6537139867e+00
2.7560000000e+01   -1.6446612446e+00
2.7580000000e+01   -1.6356870526e+00
2.7600000000e+01   -1.6275802439e+00
2.7620000000e+01   -1.6186810811e+00
2.7640000000e+01   -1.6095968567e+00
2.7660000000e+01   -1.6014339064e+00
2.7680000000e+01   -1.5926894112e+00
2.7700000000e+01   -1.5835331451e+00
2.7720000000e+01   -1.5752813793e+00
2.7740000000e+01   -1.5666815982e+00
2.7760000000e+01   -1.5574930198e+00
2.7780000000e+01   -1.5491290353e+00
2.7800000000e+01   -1.5406546705e+00
2.7820000000e+01   -1.5314722947e+00
2.7840000000e+01   -1.5229827590e+00
2.7860000000e+01   -1.5146073673e+00
2.7880000000e+01   -1.5054658910e+00
2.7900000000e+01   -1.4968475697e+00
2.7920000000e+01   -1.4885400613e+00
2.7940000000e+01   -1.4794682601e+00
2.7960000000e+01   -1.4707273404e+00
2.7980000000e+01   -1.4624545764e+00
2.8000000000e+01   -1.4534738012e+00
2.8020000000e+01   -1.4446246235e+00
2.8040000000e+01   -1.4363539218e+00
2.8060000000e+01   -1.4274772470e+00
2.8080000000e+01   -1.4185405835e+00
2.8100000000e+01   -1.4102419688e+00
2.8120000000e+01   -1.4014739930e+00
2.8140000000e+01   -1.3924750329e+00
2.8160000000e+01   -1.3841230976e+00
2.8180000000e+01   -1.3754603532e+00
2.8200000000e+01   -1.3664265582e+00
2.8220000000e+01   -1.3580018420e+00
2.8240000000e+01   -1.3494337302e+00
2.8260000000e+01   -1.3403927185e+00
2.8280000000e+01   -1.3318825553e+00
2.8300000000e+01   -1.3233926972e+00
2.8320000000e+01   -1.3143702982e+00
2.8340000000e+01   -1.3057691202e+00
2.8360000000e+01   -1.2973369912e+00
2.8380000000e+01   -1.2883555909e+00
2.8400000000e+01   -1.2796647168e+00
2.8420000000e+01   -1.2712674286e+00
2.8440000000e+01   -1.2623446927e+00
2.8460000000e+01   -1.2535716595e+00
2.8480000000e+01   -1.2451857530e+00
2.8500000000e+01   -1.2363337840e+00
2.8520000000e+01   -1.2274913077e+00
2.8540000000e+01   -1.2190944335e+00
2.8560000000e+01   -1.2103193829e+00
2.8580000000e+01   -1.2014240504e+00
2.8600000000e+01   -1.1929964309e+00
2.8620000000e+01   -1.1842985537e+00
2.8640000000e+01   -1.1753693571e+00
2.8660000000e+01   -1.1668949505e+00
2.8680000000e+01   -1.1582690615e+00
2.8700000000e+01   -1.1493258878e+00
2.8720000000e+01   -1.1407931996e+00
2.8740000000e+01   -1.1322294665e+00
2.8760000000e+01   -1.1232916485e+00
2.8780000000e+01   -1.1146941654e+00
2.8800000000e+01   -1.1061791568e+00
2.8820000000e+01   -1.0972641778e+00
2.8840000000e+01   -1.0886004274e+00
2.8860000000e+01   -1.0801183221e+00
2.8880000000e+01   -1.0712407506e+00
2.8900000000e+01   -1.0625140125e+00
2.8920000000e+01   -1.0540478759e+00
2.8940000000e+01   -1.0452185823e+00
2.8960000000e+01   -1.0364362995e+00
2.8980000000e+01   -1.0279693351e+00
2.9000000000e+01   -1.0191950215e+00
2.9020000000e+01   -1.0103679756e+00
2.9040000000e+01   -1.0018846687e+00
2.9060000000e+01   -9.9316771792e-01
2.9080000000e+01   -9.8430904193e-01
2.9100000000e+01   -9.7579612888e-01
2.9120000000e+01   -9.6713475768e-01
2.9140000000e+01   -9.5825886506e-01
2.9160000000e+01   -9.4970607617e-01
2.9180000000e+01   -9.4109475835e-01
2.9200000000e+01   -9.3221626627e-01
2.9220000000e+01   -9.2361681196e-01
2.9240000000e+01   -9.1504692184e-01
2.9260000000e+01   -9.0617964026e-01
2.9280000000e+01   -8.9753042772e-01
2.9300000000e+01   -8.8899104432e-01
2.9320000000e+01   -8.8014709271e-01
2.9340000000e+01   -8.7144868027e-01
2.9360000000e+01   -8.6292748617e-01
2.9380000000e+01   -8.5411658653e-01
2.9400000000e+01   -8.4537289849e-01
2.9420000000e+01   -8.3685710720e-01
2.9440000000e+01   -8.2808608645e-01
2.9460000000e+01   -8.1930392539e-01
2.9480000000e+01   -8.1078117400e-01
2.9500000000e+01   -8.0205369274e-01
2.9520000000e+01   -7.9324209602e-01
2.9540000000e+01   -7.8470124783e-01
2.9560000000e+01   -7.7601775638e-01
2.9580000000e+01   -7.6718725008e-01
2.9600000000e+01   -7.5861906174e-01
2.9620000000e+01   -7.4997696956e-01
2.9640000000e+01   -7.4113877538e-01
2.9660000000e+01   -7.3253639580e-01
2.9680000000e+01   -7.2393042782e-01
2.9700000000e+01   -7.1509567711e-01
2.9720000000e+01   -7.0645495844e-01
2.9740000000e+01   -6.9787766185e-01
2.9760000000e+01   -6.8905666643e-01
2.9780000000e+01   -6.8037628109e-01
2.9800000000e+01   -6.7181863946e-01
2.9820000000e+01   -6.6302026125e-01
2.9840000000e+01   -6.5430163160e-01
2.9860000000e+01   -6.4575373985e-01
2.9880000000e+01   -6.3698489205e-01
2.9900000000e+01   -6.2823195046e-01
2.9920000000e+01   -6.1968370396e-01
2.9940000000e+01   -6.1094900564e-01
2.9960000000e+01   -6.0216781186e-01
2.9980000000e+01   -5.9360956589e-01
3.0000000000e+01   -5.8491116063e-01
3.0020000000e+01   -5.7610941018e-01
3.0040000000e+01   -5.6753257125e-01
3.0060000000e+01   -5.5887010928e-01
3.0080000000e+01   -5.5005657049e-01
3.0100000000e+01   -5.4145408842e-01
3.0120000000e+01   -5.3282486185e-01
3.0140000000e+01   -5.2400878069e-01
3.0160000000e+01   -5.1537551890e-01
3.0180000000e+01   -5.0677473073e-01
3.0200000000e+01   -4.9796524147e-01
3.0220000000e+01   -4.8929821226e-01
3.0240000000e+01   -4.8071935339e-01
3.0260000000e+01   -4.7192492960e-01
3.0280000000e+01   -4.6322339066e-01
3.0300000000e+01   -4.5465869422e-01
3.0320000000e+01   -4.4588666964e-01
3.0340000000e+01   -4.3715208671e-01
3.0360000000e+01   -4.2859302711e-01
3.0380000000e+01   -4.1984920886e-01
3.0400000000e+01   -4.1108509751e-01
3.0420000000e+01   -4.0252290107e-01
3.0440000000e+01   -3.9381129061e-01
3.0460000000e+01   -3.8502295660e-01
3.0480000000e+01   -3.7644909259e-01
3.0500000000e+01   -3.6777172138e-01
3.0520000000e+01   -3.5896592414e-01
3.0540000000e+01   -3.5037254856e-01
3.0560000000e+01   -3.4172942768e-01
3.0580000000e+01   -3.3291399519e-01
3.0600000000e+01   -3.2429432409e-01
3.0620000000e+01   -3.1568349940e-01
3.0640000000e+01   -3.0686692470e-01
3.0660000000e+01   -2.9821551940e-01
3.0680000000e+01   -2.8963321680e-01
3.0700000000e+01   -2.8082426798e-01
3.0720000000e+01   -2.7213721990e-01
3.0740000000e+01   -2.6357805859e-01
3.0760000000e+01   -2.5478543542e-01
3.0780000000e+01   -2.4606044287e-01
3.0800000000e+01   -2.3751768794e-01
3.0820000000e+01   -2.2874976166e-01
3.0840000000e+01   -2.1998609429e-01
3.0860000000e+01   -2.1145191127e-01
3.0880000000e+01   -2.0271659306e-01
3.0900000000e+01   -1.9391493804e-01
3.0920000000e+01   -1.8538059860e-01
3.0940000000e+01   -1.7668540598e-01
3.0960000000e+01   -1.6784758009e-01
3.0980000000e+01   -1.5930353880e-01
3.1000000000e+01   -1.5065599029e-01
3.1020000000e+01   -1.4178446820e-01
3.1040000000e+01   -1.3322016142e-01
3.1060000000e+01   -1.2462879624e-01
3.1080000000e+01   -1.1572590178e-01
3.1100000000e+01   -1.0712893027e-01
3.1120000000e+01   -9.8605753953e-02
3.1140000000e+01   -8.9672004209e-02
3.1160000000e+01   -8.1025764584e-02
3.1180000000e+01   -7.2592750750e-02
3.1200000000e+01   -6.3622296619e-02
3.1220000000e+01   -5.4898832281e-02
3.1240000000e+01   -4.6609948444e-02
3.1260000000e+01   -3.7571160287e-02
3.1280000000e+01   -2.8704373498e-02
3.1300000000e+01   -2.0766469913e-02
3.1320000000e+01   -1.1411042881e-02
3.1340000000e+01   -2.2485019836e-03
3.1360000000e+01   -6.4609378396e-04
3.1380000000e+01   -8.2454876548e-03
3.1400000000e+01   -1.8113677337e-02
3.1420000000e+01   -2.6225420294e-02
3.1440000000e+01   -3.4709541659e-02
3.1460000000e+01   -4.3909513979e-02
3.1480000000e+01   -5.2346689762e-02
3.1500000000e+01   -6.0840161820e-02
3.1520000000e+01   -6.9868732292e-02
3.1540000000e+01   -7.8443413707e-02
3.1560000000e+01   -8.6931456572e-02
3.1580000000e+01   -9.5868258785e-02
3.1600000000e+01   -1.0452627472e-01
3.1620000000e+01   -1.1301361370e-01
3.1640000000e+01   -1.2188361551e-01
3.1660000000e+01   -1.3060025418e-01
3.1680000000e+01   -1.3909371993e-01
3.1700000000e+01   -1.4790738320e-01
3.1720000000e+01   -1.5666736704e-01
3.1740000000e+01   -1.6517392970e-01
3.1760000000e+01   -1.7393694955e-01
3.1780000000e+01   -1.8272853825e-01
3.1800000000e+01   -1.9125477345e-01
3.1820000000e+01   -1.9997144947e-01
3.1840000000e+01   -2.0878431903e-01
3.1860000000e+01   -2.1733607071e-01
3.1880000000e+01   -2.2601073107e-01
3.1900000000e+01   -2.3483518823e-01
3.1920000000e+01   -2.4341726741e-01
3.1940000000e+01   -2.5205491994e-01
3.1960000000e+01   -2.6088169059e-01
3.1980000000e+01   -2.6949759977e-01
3.2000000000e+01   -2.7810419942e-01
3.2020000000e+01   -2.8692449960e-01
3.2040000000e+01   -2.9557619844e-01
3.2060000000e+01   -3.0415868356e-01
3.2080000000e+01   -3.1296443831e-01
3.2100000000e+01   -3.2165217044e-01
3.2120000000e+01   -3.3021833774e-01
3.2140000000e+01   -3.3900247263e-01
3.2160000000e+01   -3.4772467140e-01
3.2180000000e+01   -3.5628292941e-01
3.2200000000e+01   -3.6503968435e-01
3.2220000000e+01   -3.7379297163e-01
3.2240000000e+01   -3.8235200206e-01
3.2260000000e+01   -3.9107722841e-01
3.2280000000e+01   -3.9985651549e-01
3.2300000000e+01   -4.0842486948e-01
3.2320000000e+01   -4.1711627835e-01
3.2340000000e+01   -4.2591497201e-01
3.2360000000e+01   -4.3450062915e-01
3.2380000000e+01   -4.4315796369e-01
3.2400000000e+01   -4.5196827389e-01
3.2420000000e+01   -4.6057819338e-01
3.2440000000e+01   -4.6920330345e-01
3.2460000000e+01   -4.7801664211e-01
3.2480000000e+01   -4.8665633676e-01
3.2500000000e+01   -4.9525314021e-01
3.2520000000e+01   -5.0406059366e-01
3.2540000000e+01   -5.1273375758e-01
3.2560000000e+01   -5.2130807926e-01
3.2580000000e+01   -5.3010093082e-01
3.2600000000e+01   -5.3880914987e-01
3.2620000000e+01   -5.4736843742e-01
3.2640000000e+01   -5.5613871105e-01
3.2660000000e+01   -5.6488128222e-01
3.2680000000e+01   -5.7343420588e-01
3.2700000000e+01   -5.8217519815e-01
3.2720000000e+01   -5.9094907844e-01
3.2740000000e+01   -5.9950503069e-01
3.2760000000e+01   -6.0821179617e-01
3.2780000000e+01   -6.1701169487e-01
3.2800000000e+01   -6.2558021379e-01
3.2820000000e+01   -6.3424996911e-01
3.2840000000e+01   -6.4306858887e-01
3.2860000000e+01   -6.5165873639e-01
3.2880000000e+01   -6.6029115054e-01
3.2900000000e+01   -6.6911957302e-01
3.2920000000e+01   -6.7773930499e-01
3.2940000000e+01   -6.8633664827e-01
3.2960000000e+01   -6.9516485017e-01
3.2980000000e+01   -7.0382041909e-01
3.3000000000e+01   -7.1238755004e-01
3.3020000000e+01   -7.2120502542e-01
3.3040000000e+01   -7.2990045780e-01
3.3060000000e+01   -7.3844463664e-01
3.3080000000e+01   -7.4724109212e-01
3.3100000000e+01   -7.5597778131e-01
3.3120000000e+01   -7.6450830894e-01
3.3140000000e+01   -7.7327439069e-01
3.3160000000e+01   -7.8205084147e-01
3.3180000000e+01   -7.9057853496e-01
3.3200000000e+01   -7.9930654082e-01
3.3220000000e+01   -8.0811829477e-01
3.3240000000e+01   -8.1665482223e-01
3.3260000000e+01   -8.2533934941e-01
3.3280000000e+01   -8.3417911022e-01
3.3300000000e+01   -8.4273621958e-01
3.3320000000e+01   -8.5137469852e-01
3.3340000000e+01   -8.6023266415e-01
3.3360000000e+01   -8.6882135070e-01
3.3380000000e+01   -8.7741441942e-01
3.3400000000e+01   -8.8627881415e-01
3.3420000000e+01   -8.9490848005e-01
3.3440000000e+01   -9.0346016031e-01
3.3460000000e+01   -9.1231794541e-01
3.3480000000e+01   -9.2099560920e-01
3.3500000000e+01   -9.2951325630e-01
3.3520000000e+01   -9.3835098355e-01
3.3540000000e+01   -9.4708059964e-01
3.3560000000e+01   -9.5557461093e-01
3.3580000000e+01   -9.6437937037e-01
3.3600000000e+01   -9.7316131584e-01
3.3620000000e+01   -9.8164459866e-01
3.3640000000e+01   -9.9040500094e-01
3.3660000000e+01   -9.9923577995e-01
3.3680000000e+01   -1.0077229969e+00
3.3700000000e+01   -1.0164301232e+00
3.3720000000e+01   -1.0253023285e+00
3.3740000000e+01   -1.0338089548e+00
3.3760000000e+01   -1.0424572040e+00
3.3780000000e+01   -1.0513597597e+00
3.3800000000e+01   -1.0599010051e+00
3.3820000000e+01   -1.0684887682e+00
3.3840000000e+01   -1.0774074602e+00
3.3860000000e+01   -1.0859971213e+00
3.3880000000e+01   -1.0945272204e+00
3.3900000000e+01   -1.1034454998e+00
3.3920000000e+01   -1.1120948199e+00
3.3940000000e+01   -1.1205746593e+00
3.3960000000e+01   -1.1294746854e+00
3.3980000000e+01   -1.1381913062e+00
3.4000000000e+01   -1.1466326996e+00
3.4020000000e+01   -1.1554965647e+00
3.4040000000e+01   -1.1642836553e+00
3.4060000000e+01   -1.1727023125e+00
3.4080000000e+01   -1.1815133772e+00
3.4100000000e+01   -1.1903690192e+00
3.4120000000e+01   -1.1987837002e+00
3.4140000000e+01   -1.2075279492e+00
3.4160000000e+01   -1.2164448474e+00
3.4180000000e+01   -1.2248762148e+00
3.4200000000e+01   -1.2335435371e+00
3.4220000000e+01   -1.2425091058e+00
3.4240000000e+01   -1.2509783335e+00
3.4260000000e+01   -1.2595636249e+00
3.4280000000e+01   -1.2685604779e+00
3.4300000000e+01   -1.2770876961e+00
3.4320000000e+01   -1.2855916864e+00
3.4340000000e+01   -1.2945985303e+00
3.4360000000e+01   -1.3032012078e+00
3.4380000000e+01   -1.3116309275e+00
3.4400000000e+01   -1.3206238297e+00
3.4420000000e+01   -1.3293152078e+00
3.4440000000e+01   -1.3376840243e+00
3.4460000000e+01   -1.3466379942e+00
3.4480000000e+01   -1.3554256962e+00
3.4500000000e+01   -1.3637528775e+00
3.4520000000e+01   -1.3726436724e+00
3.4540000000e+01   -1.3815286079e+00
3.4560000000e+01   -1.3898384005e+00
3.4580000000e+01   -1.3986444429e+00
3.4600000000e+01   -1.4076201198e+00
3.4620000000e+01   -1.4159403631e+00
3.4640000000e+01   -1.4246446352e+00
3.4660000000e+01   -1.4336969690e+00
3.4680000000e+01   -1.4420573051e+00
3.4700000000e+01   -1.4506490776e+00
3.4720000000e+01   -1.4597567608e+00
3.4740000000e+01   -1.4681865350e+00
3.4760000000e+01   -1.4766627844e+00
3.4780000000e+01   -1.4857982415e+00
3.4800000000e+01   -1.4943242219e+00
3.4820000000e+01   -1.5026905999e+00
3.4840000000e+01   -1.5118215122e+00
3.4860000000e+01   -1.5204655838e+00
3.4880000000e+01   -1.5287368215e+00
3.4900000000e+01   -1.5378281605e+00
3.4920000000e+01   -1.5466051671e+00
3.4940000000e+01   -1.5548048285e+00
3.4960000000e+01   -1.5638212935e+00
3.4980000000e+01   -1.5727372082e+00
3.5000000000e+01   -1.5808967448e+00
3.5020000000e+01   -1.5898054589e+00
3.5040000000e+01   -1.5988560556e+00
3.5060000000e+01   -1.6070131632e+00
3.5080000000e+01   -1.6157864496e+00
3.5100000000e+01   -1.6249566284e+00
3.5120000000e+01   -1.6331529603e+00
3.5140000000e+01   -1.6417709961e+00
3.5160000000e+01   -1.6510348808e+00
3.5180000000e+01   -1.6593132232e+00
3.5200000000e+01   -1.6677663577e+00
3.5220000000e+01   -1.6770882346e+00
3.5240000000e+01   -1.6854893072e+00
3.5260000000e+01   -1.6937798359e+00
3.5280000000e+01   -1.7031159464e+00
3.5300000000e+01   -1.7116750334e+00
3.5320000000e+01   -1.7198182370e+00
3.5340000000e+01   -1.7291193719e+00
3.5360000000e+01   -1.7378630274e+00
3.5380000000e+01   -1.7458873216e+00
3.5400000000e+01   -1.7551020980e+00
3.5420000000e+01   -1.7640451882e+00
3.5440000000e+01   -1.7719912786e+00
3.5460000000e+01   -1.7810699183e+00
3.5480000000e+01   -1.7902132677e+00
3.5500000000e+01   -1.7981322690e+00
3.5520000000e+01   -1.8070306395e+00
3.5540000000e+01   -1.8163595257e+00
3.5560000000e+01   -1.8243100791e+00
3.5580000000e+01   -1.8329937155e+00
3.5600000000e+01   -1.8424774217e+00
3.5620000000e+01   -1.8505219210e+00
3.5640000000e+01   -1.8589697228e+00
3.5660000000e+01   -1.8685622907e+00
3.5680000000e+01   -1.8767624148e+00
3.5700000000e+01   -1.8849696999e+00
3.5720000000e+01   -1.8946119504e+00
3.5740000000e+01   -1.9030237708e+00
3.5760000000e+01   -1.9110043895e+00
3.5780000000e+01   -1.9206271840e+00
3.5800000000e+01   -1.9292961850e+00
3.5820000000e+01   -1.9370834305e+00
3.5840000000e+01   -1.9466120490e+00
3.5860000000e+01   -1.9555684399e+00
3.5880000000e+01   -1.9632145563e+00
3.5900000000e+01   -1.9725739686e+00
3.5920000000e+01   -1.9818286909e+00
3.5940000000e+01   -1.9894028611e+00
3.5960000000e+01   -1.9985235782e+00
3.5980000000e+01   -2.0080653991e+00
3.6000000000e+01   -2.0156501964e+00
3.6020000000e+01   -2.0244743150e+00
3.6040000000e+01   -2.0342683536e+00
3.6060000000e+01   -2.0419547589e+00
3.6080000000e+01   -2.0504417579e+00
3.6100000000e+01   -2.0604297160e+00
3.6120000000e+01   -2.0683109224e+00
3.6140000000e+01   -2.0764427446e+00
3.6160000000e+01   -2.0865450061e+00
3.6180000000e+01   -2.0947093570e+00
3.6200000000e+01   -2.1024943141e+00
3.6220000000e+01   -2.1126139436e+00
3.6240000000e+01   -2.1211374616e+00
3.6260000000e+01   -2.1286125361e+00
3.6280000000e+01   -2.1386410659e+00
3.6300000000e+01   -2.1475801169e+00
3.6320000000e+01   -2.1548113080e+00
3.6340000000e+01   -2.1646360486e+00
3.6360000000e+01   -2.1740207418e+00
3.6380000000e+01   -2.1811012047e+00
3.6400000000e+01   -2.1906136749e+00
3.6420000000e+01   -2.2004426097e+00
3.6440000000e+01   -2.2074884755e+00
3.6460000000e+01   -2.2165934233e+00
3.6480000000e+01   -2.2268303562e+00
3.6500000000e+01   -2.2339742804e+00
3.6520000000e+01   -2.2425986713e+00
3.6540000000e+01   -2.2531715820e+00
3.6560000000e+01   -2.2605542521e+00
3.6580000000e+01   -2.2686555426e+00
3.6600000000e+01   -2.2794584360e+00
3.6620000000e+01   -2.2872184585e+00
3.6640000000e+01   -2.2947914556e+00
3.6660000000e+01   -2.3056890515e+00
3.6680000000e+01   -2.3139518228e+00
3.6700000000e+01   -2.3210334574e+00
3.6720000000e+01   -2.3318687034e+00
3.6740000000e+01   -2.3407350315e+00
3.6760000000e+01   -2.3474064504e+00
3.6780000000e+01   -2.3580105680e+00
3.6800000000e+01   -2.3675459303e+00
3.6820000000e+01   -2.3739314347e+00
3.6840000000e+01   -2.3841359861e+00
3.6860000000e+01   -2.3943613679e+00
3.6880000000e+01   -2.4006239009e+00
3.6900000000e+01   -2.4102741667e+00
3.6920000000e+01   -2.4211594077e+00
3.6940000000e+01   -2.4274925089e+00
3.6960000000e+01   -2.4364613083e+00
3.6980000000e+01   -2.4479217845e+00
3.7000000000e+01   -2.4545381903e+00
3.7020000000e+01   -2.4627391634e+00
3.7040000000e+01   -2.4746364427e+00
3.7060000000e+01   -2.4817537957e+00
3.7080000000e+01   -2.4891531141e+00
3.7100000000e+01   -2.5012999681e+00
3.7120000000e+01   -2.5091243957e+00
3.7140000000e+01   -2.5157498734e+00
3.7160000000e+01   -2.5279197067e+00
3.7180000000e+01   -2.5366283111e+00
3.7200000000e+01   -2.5425749555e+00
3.7220000000e+01   -2.5545153749e+00
3.7240000000e+01   -2.5642389124e+00
3.7260000000e+01   -2.5696700875e+00
3.7280000000e+01   -2.5811199914e+00
3.7300000000e+01   -2.5919271745e+00
3.7320000000e+01   -2.5970707516e+00
3.7340000000e+01   -2.6077800094e+00
3.7360000000e+01   -2.6196649158e+00
3.7380000000e+01   -2.6248040526e+00
3.7400000000e+01   -2.6345545930e+00
3.7420000000e+01   -2.6474285765e+00
3.7440000000e+01   -2.6528871131e+00
3.7460000000e+01   -2.6615140547e+00
3.7480000000e+01   -2.6752033300e+00
3.7500000000e+01   -2.6813261895e+00
3.7520000000e+01   -2.6887375432e+00
3.7540000000e+01   -2.7029872568e+00
3.7560000000e+01   -2.7101166931e+00
3.7580000000e+01   -2.7163101354e+00
3.7600000000e+01   -2.7307952779e+00
3.7620000000e+01   -2.7392442786e+00
3.7640000000e+01   -2.7443195401e+00
3.7660000000e+01   -2.7586625372e+00
3.7680000000e+01   -2.7686871269e+00
3.7700000000e+01   -2.7728526544e+00
3.7720000000e+01   -2.7866469569e+00
3.7740000000e+01   -2.7984194947e+00
3.7760000000e+01   -2.8019922406e+00
3.7780000000e+01   -2.8148307631e+00
3.7800000000e+01   -2.8284165333e+00
3.7820000000e+01   -2.8318140008e+00
3.7840000000e+01   -2.8433208869e+00
3.7860000000e+01   -2.8586602822e+00
3.7880000000e+01   -2.8623843402e+00
3.7900000000e+01   -2.8722482750e+00
3.7920000000e+01   -2.8891466484e+00
3.7940000000e+01   -2.8937591172e+00
3.7960000000e+01   -2.9017662761e+00
3.7980000000e+01   -2.9198930781e+00
3.8000000000e+01   -2.9259836954e+00
3.8020000000e+01   -2.9320483975e+00
3.8040000000e+01   -2.9509465669e+00
3.8060000000e+01   -2.9590946323e+00
3.8080000000e+01   -2.9632858280e+00
3.8100000000e+01   -2.9823916369e+00
3.8120000000e+01   -2.9931233597e+00
3.8140000000e+01   -2.9956852151e+00
3.8160000000e+01   -3.0143579843e+00
3.8180000000e+01   -3.0281022323e+00
3.8200000000e+01   -3.0294672576e+00
3.8220000000e+01   -3.0470276716e+00
3.8240000000e+01   -3.0640733377e+00
3.8260000000e+01   -3.0648667712e+00
3.8280000000e+01   -3.0806420292e+00
3.8300000000e+01   -3.1011004819e+00
3.8320000000e+01   -3.1021350172e+00
3.8340000000e+01   -3.1155088464e+00
3.8360000000e+01   -3.1392848182e+00
3.8380000000e+01   -3.1415453209e+00
3.8400000000e+01   -3.1520109884e+00
3.8420000000e+01   -3.1787847247e+00
3.8440000000e+01   -3.1834034067e+00
3.8460000000e+01   -3.1906183370e+00
3.8480000000e+01   -3.2198408806e+00
3.8500000000e+01   -3.2280645751e+00
3.8520000000e+01   -3.2319060668e+00
3.8540000000e+01   -3.2628082416e+00
3.8560000000e+01   -3.2759610633e+00
3.8580000000e+01   -3.2765840623e+00
3.8600000000e+01   -3.3081981423e+00
3.8620000000e+01   -3.3276451251e+00
3.8640000000e+01   -3.3255454962e+00
3.8660000000e+01   -3.3567367719e+00
3.8680000000e+01   -3.3838574794e+00
3.8700000000e+01   -3.3799488059e+00
3.8720000000e+01   -3.4094522387e+00
3.8740000000e+01   -3.4456389950e+00
3.8760000000e+01   -3.4413603133e+00
3.8780000000e+01   -3.4678147488e+00
3.8800000000e+01   -3.5145210750e+00
3.8820000000e+01   -3.5120141670e+00
3.8840000000e+01   -3.5339816444e+00
3.8860000000e+01   -3.5928713980e+00
3.8880000000e+01   -3.5953197908e+00
3.8900000000e+01   -3.6112655530e+00
3.8920000000e+01   -3.6845792866e+00
3.8940000000e+01   -3.6969558847e+00
3.8960000000e+01   -3.7051289256e+00
3.8980000000e+01   -3.7965903448e+00
3.9000000000e+01   -3.8276002882e+00
3.9020000000e+01   -3.8256220215e+00
3.9040000000e+01   -3.9430108229e+00
3.9060000000e+01   -4.0115167118e+00
3.9080000000e+01   -3.9948214778e+00
3.9100000000e+01   -4.1597807770e+00
3.9120000000e+01   -4.3284729540e+00
3.9140000000e+01   -4.2807612361e+00
3.9160000000e+01   -4.6034115854e+00
3.9180000000e+01   -5.5866856815e+00
3.9200000000e+01   -5.5406446200e+00
3.9220000000e+01   -4.7147649276e+00
3.9240000000e+01   -4.2903988670e+00
3.9260000000e+01   -4.3245550206e+00
3.9280000000e+01   -4.1950012543e+00
3.9300000000e+01   -4.0038964042e+00
3.9320000000e+01   -4.0073317526e+00
3.9340000000e+01   -3.9621692692e+00
3.9360000000e+01   -3.8345815559e+00
3.9380000000e+01   -3.8240397490e+00
3.9400000000e+01   -3.8083247051e+00
3.9420000000e+01   -3.7139299006e+00
3.9440000000e+01   -3.6942680017e+00
3.9460000000e+01   -3.6918973828e+00
3.9480000000e+01   -3.6197654687e+00
3.9500000000e+01   -3.5935991600e+00
3.9520000000e+01   -3.5972645297e+00
3.9540000000e+01   -3.5420158970e+00
3.9560000000e+01   -3.5112802980e+00
3.9580000000e+01   -3.5169017652e+00
3.9600000000e+01   -3.4752266601e+00
3.9620000000e+01   -3.4415813697e+00
3.9640000000e+01   -3.4466449809e+00
3.9660000000e+01   -3.4161099955e+00
3.9680000000e+01   -3.3810528397e+00
3.9700000000e+01   -3.3839705750e+00
3.9720000000e+01   -3.3625442856e+00
3.9740000000e+01   -3.3274283423e+00
3.9760000000e+01   -3.3272433252e+00
3.9780000000e+01   -3.3131014547e+00
3.9800000000e+01   -3.2791165615e+00
3.9820000000e+01   -3.2753434441e+00
3.9840000000e+01   -3.2667978720e+00
3.9860000000e+01   -3.2349414917e+00
3.9880000000e+01   -3.2274644035e+00
3.9900000000e+01   -3.2229503907e+00
3.9920000000e+01   -3.1940002341e+00
3.9940000000e+01   -3.1829960988e+00
3.9960000000e+01   -3.1810859891e+00
3.9980000000e+01   -3.1555813193e+00
4.0000000000e+01   -3.1414542870e+00
