X    Y
0.0000000000e+00   0.0000000000e+00
2.0000000000e-02   -4.9389317452e-03
4.0000000000e-02   -1.4879177337e-02
6.0000000000e-02   -2.3529308326e-02
8.0000000000e-02   -3.1618865770e-02
1.0000000000e-01   -4.0772598096e-02
1.2000000000e-01   -4.9510134072e-02
1.4000000000e-01   -5.7815582177e-02
1.6000000000e-01   -6.6753312230e-02
1.8000000000e-01   -7.5548764762e-02
2.0000000000e-01   -8.3941566211e-02
2.2000000000e-01   -9.2764934619e-02
2.4000000000e-01   -1.0159475684e-01
2.6000000000e-01   -1.1004600861e-01
2.8000000000e-01   -1.1879124659e-01
3.0000000000e-01   -1.2764034512e-01
3.2000000000e-01   -1.3614122176e-01
3.4000000000e-01   -1.4482690612e-01
3.6000000000e-01   -1.5368361109e-01
3.8000000000e-01   -1.6223119465e-01
4.0000000000e-01   -1.7086987257e-01
4.2000000000e-01   -1.7972416659e-01
4.4000000000e-01   -1.8831719764e-01
4.6000000000e-01   -1.9691926904e-01
4.8000000000e-01   -2.0576224874e-01
5.0000000000e-01   -2.1439941744e-01
5.2000000000e-01   -2.2297461921e-01
5.4000000000e-01   -2.3179844673e-01
5.6000000000e-01   -2.4047757974e-01
5.8000000000e-01   -2.4903552219e-01
6.0000000000e-01   -2.5783358332e-01
6.2000000000e-01   -2.6655124420e-01
6.4000000000e-01   -2.7510149781e-01
6.6000000000e-01   -2.8386863763e-01
6.8000000000e-01   -2.9261997226e-01
7.0000000000e-01   -3.0117191222e-01
7.2000000000e-01   -3.0990467705e-01
7.4000000000e-01   -3.1868343634e-01
7.6000000000e-01   -3.2724594947e-01
7.8000000000e-01   -3.3594278886e-01
8.0000000000e-01   -3.4474149529e-01
8.2000000000e-01   -3.5332261445e-01
8.4000000000e-01   -3.6198401025e-01
8.6000000000e-01   -3.7079424517e-01
8.8000000000e-01   -3.7940075971e-01
9.0000000000e-01   -3.8802925829e-01
9.2000000000e-01   -3.9684204840e-01
9.4000000000e-01   -4.0547913148e-01
9.6000000000e-01   -4.1407926352e-01
9.8000000000e-01   -4.2288554172e-01
1.0000000000e+00   -4.3155643063e-01
1.0200000000e+00   -4.4013451105e-01
1.0400000000e+00   -4.4892562315e-01
1.0600000000e+00   -4.5763138417e-01
1.0800000000e+00   -4.6619519330e-01
1.1000000000e+00   -4.7496341841e-01
1.1200000000e+00   -4.8370282257e-01
1.1400000000e+00   -4.9226117854e-01
1.1600000000e+00   -5.0100022830e-01
1.1800000000e+00   -5.0976975740e-01
1.2000000000e+00   -5.1833199839e-01
1.2200000000e+00   -5.2703745936e-01
1.2400000000e+00   -5.3583145393e-01
1.2600000000e+00   -5.4440685671e-01
1.2800000000e+00   -5.5307654158e-01
1.3000000000e+00   -5.6188749276e-01
1.3200000000e+00   -5.7048466108e-01
1.3400000000e+00   -5.7911883788e-01
1.3600000000e+00   -5.8793781547e-01
1.3800000000e+00   -5.9656407648e-01
1.4000000000e+00   -6.0516555107e-01
1.4200000000e+00   -6.1398274951e-01
1.4400000000e+00   -6.2264359955e-01
1.4600000000e+00   -6.3121763446e-01
1.4800000000e+00   -6.4002300883e-01
1.5000000000e+00   -6.4872164968e-01
1.5200000000e+00   -6.5727571278e-01
1.5400000000e+00   -6.6605966833e-01
1.5600000000e+00   -6.7479667237e-01
1.5800000000e+00   -6.8334001964e-01
1.6000000000e+00   -6.9209411151e-01
1.6200000000e+00   -7.0086724826e-01
1.6400000000e+00   -7.0941035747e-01
1.6600000000e+00   -7.1812795304e-01
1.6800000000e+00   -7.2693220091e-01
1.7000000000e+00   -7.3548608436e-01
1.7200000000e+00   -7.4416293951e-01
1.7400000000e+00   -7.5299069539e-01
1.7600000000e+00   -7.6156613120e-01
1.7800000000e+00   -7.7020083370e-01
1.8000000000e+00   -7.7904231998e-01
1.8200000000e+00   -7.8764905022e-01
1.8400000000e+00   -7.9624328932e-01
1.8600000000e+00   -8.0508714370e-01
1.8800000000e+00   -8.1373309423e-01
1.9000000000e+00   -8.2229172420e-01
1.9200000000e+00   -8.3112574349e-01
1.9400000000e+00   -8.3981632328e-01
1.9600000000e+00   -8.4834720117e-01
1.9800000000e+00   -8.5715919669e-01
2.0000000000e+00   -8.6589673343e-01
2.0200000000e+00   -8.7441032563e-01
2.0400000000e+00   -8.8318903653e-01
2.0600000000e+00   -8.9197240004e-01
2.0800000000e+00   -9.0048116860e-01
2.1000000000e+00   -9.0921717079e-01
2.1200000000e+00   -9.1804162635e-01
2.1400000000e+00   -9.2655922308e-01
2.1600000000e+00   -9.3524576667e-01
2.1800000000e+00   -9.4410308671e-01
2.2000000000e+00   -9.5264339958e-01
2.2200000000e+00   -9.6127710769e-01
2.2400000000e+00   -9.7015595363e-01
2.2600000000e+00   -9.7873206446e-01
2.2800000000e+00   -9.8731343068e-01
2.3000000000e+00   -9.9619999749e-01
2.3200000000e+00   -1.0048231219e+00
2.3400000000e+00   -1.0133567535e+00
2.3600000000e+00   -1.0222356495e+00
2.3800000000e+00   -1.0309141371e+00
2.4000000000e+00   -1.0394087055e+00
2.4200000000e+00   -1.0482640196e+00
2.4400000000e+00   -1.0570024953e+00
2.4600000000e+00   -1.0654703732e+00
2.4800000000e+00   -1.0742868647e+00
2.5000000000e+00   -1.0830855871e+00
2.5200000000e+00   -1.0915421748e+00
2.5400000000e+00   -1.1003065052e+00
2.5600000000e+00   -1.1091610097e+00
2.5800000000e+00   -1.1176237746e+00
2.6000000000e+00   -1.1263256915e+00
2.6200000000e+00   -1.1352267681e+00
2.6400000000e+00   -1.1437140476e+00
2.6600000000e+00   -1.1523474266e+00
2.6800000000e+00   -1.1612814632e+00
2.7000000000e+00   -1.1698111018e+00
2.7200000000e+00   -1.1783747552e+00
2.7400000000e+00   -1.1873244492e+00
2.7600000000e+00   -1.1959123602e+00
2.7800000000e+00   -1.2044105309e+00
2.8000000000e+00   -1.2133559468e+00
2.8200000000e+00   -1.2220147039e+00
2.8400000000e+00   -1.2304571791e+00
2.8600000000e+00   -1.2393770986e+00
2.8800000000e+00   -1.2481146685e+00
2.9000000000e+00   -1.2565164720e+00
2.9200000000e+00   -1.2653899581e+00
2.9400000000e+00   -1.2742086855e+00
2.9600000000e+00   -1.2825893348e+00
2.9800000000e+00   -1.2913974063e+00
3.0000000000e+00   -1.3002933530e+00
3.0200000000e+00   -1.3086756998e+00
3.0400000000e+00   -1.3174029974e+00
3.0600000000e+00   -1.3263657175e+00
3.0800000000e+00   -1.3347744256e+00
3.1000000000e+00   -1.3434107378e+00
3.1200000000e+00   -1.3524235465e+00
3.1400000000e+00   -1.3608832916e+00
3.1600000000e+00   -1.3694248104e+00
3.1800000000e+00   -1.3784655684e+00
3.2000000000e+00   -1.3869990764e+00
3.2200000000e+00   -1.3954492610e+00
3.2400000000e+00   -1.4044916589e+00
3.2600000000e+00   -1.4131177223e+00
3.2800000000e+00   -1.4214876670e+00
3.3000000000e+00   -1.4305029537e+00
3.3200000000e+00   -1.4392345804e+00
3.3400000000e+00   -1.4475428129e+00
3.3600000000e+00   -1.4565018717e+00
3.3800000000e+00   -1.4653447254e+00
3.4000000000e+00   -1.4736163983e+00
3.4200000000e+00   -1.4824920391e+00
3.4400000000e+00   -1.4914433217e+00
3.4600000000e+00   -1.4997088041e+00
3.4800000000e+00   -1.5084781100e+00
3.5000000000e+00   -1.5175260177e+00
3.5200000000e+00   -1.5258189408e+00
3.5400000000e+00   -1.5344654908e+00
3.5600000000e+00   -1.5435893384e+00
3.5800000000e+00   -1.5519441974e+00
3.6000000000e+00   -1.5604599781e+00
3.6200000000e+00   -1.5696310453e+00
3.6400000000e+00   -1.5780805071e+00
3.6600000000e+00   -1.5864673333e+00
3.6800000000e+00   -1.5956504326e+00
3.7000000000e+00   -1.6042225330e+00
3.7200000000e+00   -1.6124928201e+00
3.7400000000e+00   -1.6216485274e+00
3.7600000000e+00   -1.6303639747e+00
3.7800000000e+00   -1.6385407379e+00
3.8000000000e+00   -1.6476281708e+00
3.8200000000e+00   -1.6564979804e+00
3.8400000000e+00   -1.6646139873e+00
3.8600000000e+00   -1.6735939611e+00
3.8800000000e+00   -1.6826176447e+00
3.9000000000e+00   -1.6907137046e+00
3.9200000000e+00   -1.6995520506e+00
3.9400000000e+00   -1.7087165601e+00
3.9600000000e+00   -1.7168390015e+00
3.9800000000e+00   -1.7255097986e+00
4.0000000000e+00   -1.7347893830e+00
4.0200000000e+00   -1.7429868386e+00
4.0400000000e+00   -1.7514752952e+00
4.0600000000e+00   -1.7608323697e+00
4.0800000000e+00   -1.7691520592e+00
4.1000000000e+00   -1.7774567816e+00
4.1200000000e+00   -1.7868438360e+00
4.1400000000e+00   -1.7953275941e+00
4.1600000000e+00   -1.8034620024e+00
4.1800000000e+00   -1.8128244956e+00
4.2000000000e+00   -1.8215048422e+00
4.2200000000e+00   -1.8294975355e+00
4.2400000000e+00   -1.8387776361e+00
4.2600000000e+00   -1.8476742119e+00
4.2800000000e+00   -1.8555681497e+00
4.3000000000e+00   -1.8647091043e+00
4.3200000000e+00   -1.8738257998e+00
4.3400000000e+00   -1.8816762425e+00
4.3600000000e+00   -1.8906270824e+00
4.3800000000e+00   -1.8999501637e+00
4.4000000000e+00   -1.9078214112e+00
4.4200000000e+00   -1.9165416538e+00
4.4400000000e+00   -1.9260391388e+00
4.4600000000e+00   -1.9340002034e+00
4.4800000000e+00   -1.9424641731e+00
4.5000000000e+00   -1.9520866339e+00
4.5200000000e+00   -1.9602060862e+00
4.5400000000e+00   -1.9684064738e+00
4.5600000000e+00   -1.9780893380e+00
4.5800000000e+00   -1.9864296594e+00
4.6000000000e+00   -1.9943799595e+00
4.6200000000e+00   -2.0040472727e+00
4.6400000000e+00   -2.0126591218e+00
4.6600000000e+00   -2.0203946416e+00
4.6800000000e+00   -2.0299641255e+00
4.7000000000e+00   -2.0388809831e+00
4.7200000000e+00   -2.0464581916e+00
4.7400000000e+00   -2.0558473165e+00
4.7600000000e+00   -2.0650809883e+00
4.7800000000e+00   -2.0725750861e+00
4.8000000000e+00   -2.0817077659e+00
4.8200000000e+00   -2.0912452057e+00
4.8400000000e+00   -2.0987459179e+00
4.8600000000e+00   -2.1075593537e+00
4.8800000000e+00   -2.1173612042e+00
4.9000000000e+00   -2.1249669472e+00
4.9200000000e+00   -2.1334180857e+00
4.9400000000e+00   -2.1434192335e+00
4.9600000000e+00   -2.1512299503e+00
4.9800000000e+00   -2.1593010067e+00
5.0000000000e+00   -2.1694133074e+00
5.0200000000e+00   -2.1775224147e+00
5.0400000000e+00   -2.1852249233e+00
5.0600000000e+00   -2.1953420876e+00
5.0800000000e+00   -2.2038281006e+00
5.1000000000e+00   -2.2112050206e+00
5.1200000000e+00   -2.2212094741e+00
5.1400000000e+00   -2.2301279695e+00
5.1600000000e+00   -2.2372534694e+00
5.1800000000e+00   -2.2470248203e+00
5.2000000000e+00   -2.2564014450e+00
5.2200000000e+00   -2.2633781328e+00
5.2400000000e+00   -2.2728027195e+00
5.2600000000e+00   -2.2826279430e+00
5.2800000000e+00   -2.2895814814e+00
5.3000000000e+00   -2.2985623391e+00
5.3200000000e+00   -2.3087885736e+00
5.3400000000e+00   -2.3158598222e+00
5.3600000000e+00   -2.3243263155e+00
5.3800000000e+00   -2.3348678919e+00
5.4000000000e+00   -2.3422029372e+00
5.4200000000e+00   -2.3501192601e+00
5.4400000000e+00   -2.3608555513e+00
5.4600000000e+00   -2.3685942042e+00
5.4800000000e+00   -2.3759659606e+00
5.5000000000e+00   -2.3867477071e+00
5.5200000000e+00   -2.3950112509e+00
5.5400000000e+00   -2.4018893920e+00
5.5600000000e+00   -2.4125480212e+00
5.5800000000e+00   -2.4214271528e+00
5.6000000000e+00   -2.4279086755e+00
5.6200000000e+00   -2.4382681399e+00
5.6400000000e+00   -2.4478121467e+00
5.6600000000e+00   -2.4540371334e+00
5.6800000000e+00   -2.4639275522e+00
5.7000000000e+00   -2.4741357824e+00
5.7200000000e+00   -2.4802806016e+00
5.7400000000e+00   -2.4895527816e+00
5.7600000000e+00   -2.5003693851e+00
5.7800000000e+00   -2.5066361502e+00
5.8000000000e+00   -2.5151759214e+00
5.8200000000e+00   -2.5264886544e+00
5.8400000000e+00   -2.5330913586e+00
5.8600000000e+00   -2.5408325746e+00
5.8800000000e+00   -2.5524761882e+00
5.9000000000e+00   -2.5596242634e+00
5.9200000000e+00   -2.5665593164e+00
5.9400000000e+00   -2.5783236983e+00
5.9600000000e+00   -2.5862040709e+00
5.9800000000e+00   -2.5923908359e+00
6.0000000000e+00   -2.6040336860e+00
6.0200000000e+00   -2.6127926748e+00
6.0400000000e+00   -2.6183569491e+00
6.0600000000e+00   -2.6296203706e+00
6.0800000000e+00   -2.6393469674e+00
6.1000000000e+00   -2.6444796953e+00
6.1200000000e+00   -2.6551097164e+00
6.1400000000e+00   -2.6658218577e+00
6.1600000000e+00   -2.6707707389e+00
6.1800000000e+00   -2.6805384729e+00
6.2000000000e+00   -2.6921738343e+00
6.2200000000e+00   -2.6972292977e+00
6.2400000000e+00   -2.7059522288e+00
6.2600000000e+00   -2.7183648310e+00
6.2800000000e+00   -2.7238408102e+00
6.3000000000e+00   -2.7314025615e+00
6.3200000000e+00   -2.7443660844e+00
6.3400000000e+00   -2.7505765302e+00
6.3600000000e+00   -2.7569434473e+00
6.3800000000e+00   -2.7701616266e+00
6.4000000000e+00   -2.7773942059e+00
6.4200000000e+00   -2.7826271533e+00
6.4400000000e+00   -2.7957510469e+00
6.4600000000e+00   -2.8042399429e+00
6.4800000000e+00   -2.8084998822e+00
6.5000000000e+00   -2.8211511845e+00
6.5200000000e+00   -2.8310512784e+00
6.5400000000e+00   -2.8345974653e+00
6.5600000000e+00   -2.8463964954e+00
6.5800000000e+00   -2.8577613912e+00
6.6000000000e+00   -2.8609414088e+00
6.6200000000e+00   -2.8715379430e+00
6.6400000000e+00   -2.8843042514e+00
6.6600000000e+00   -2.8875356050e+00
6.6800000000e+00   -2.8966403983e+00
6.7000000000e+00   -2.9106203815e+00
6.7200000000e+00   -2.9143640080e+00
6.7400000000e+00   -2.9217786701e+00
6.7600000000e+00   -2.9366627713e+00
6.7800000000e+00   -2.9413895635e+00
6.8000000000e+00   -2.9470324037e+00
6.8200000000e+00   -2.9624023965e+00
6.8400000000e+00   -2.9685546488e+00
6.8600000000e+00   -2.9724801751e+00
6.8800000000e+00   -2.9878327485e+00
6.9000000000e+00   -2.9957832312e+00
6.9200000000e+00   -2.9981931660e+00
6.9400000000e+00   -3.0129728193e+00
6.9600000000e+00   -3.0229848600e+00
6.9800000000e+00   -3.0242288267e+00
7.0000000000e+00   -3.0378681014e+00
7.0200000000e+00   -3.0500604748e+00
7.0400000000e+00   -3.0506249407e+00
7.0600000000e+00   -3.0625893467e+00
7.0800000000e+00   -3.0769098246e+00
7.1000000000e+00   -3.0773945038e+00
7.1200000000e+00   -3.0872290509e+00
7.1400000000e+00   -3.1034400695e+00
7.1600000000e+00   -3.1045218268e+00
7.1800000000e+00   -3.1118958555e+00
7.2000000000e+00   -3.1295748997e+00
7.2200000000e+00   -3.1319602747e+00
7.2400000000e+00   -3.1367072449e+00
7.2600000000e+00   -3.1552633059e+00
7.2800000000e+00   -3.1596320549e+00
7.3000000000e+00   -3.1617810421e+00
7.3200000000e+00   -3.1804870271e+00
7.3400000000e+00   -3.1874304394e+00
7.3600000000e+00   -3.1872262643e+00
7.3800000000e+00   -3.2052657267e+00
7.4000000000e+00   -3.2152247288e+00
7.4200000000e+00   -3.2131339015e+00
7.4400000000e+00   -3.2296591298e+00
7.4600000000e+00   -3.2428681017e+00
7.4800000000e+00   -3.2395681537e+00
7.5000000000e+00   -3.2537656782e+00
7.5200000000e+00   -3.2702082213e+00
7.5400000000e+00   -3.2665586362e+00
7.5600000000e+00   -3.2777176547e+00
7.5800000000e+00   -3.2971000951e+00
7.6000000000e+00   -3.2940940632e+00
7.6200000000e+00   -3.3016731213e+00
7.6400000000e+00   -3.3234202354e+00
7.6600000000e+00   -3.3221179556e+00
7.6800000000e+00   -3.3258053262e+00
7.7000000000e+00   -3.3490807485e+00
7.7200000000e+00   -3.3505269891e+00
7.7400000000e+00   -3.3502904030e+00
7.7600000000e+00   -3.3740416951e+00
7.7800000000e+00   -3.3791726599e+00
7.8000000000e+00   -3.3752942214e+00
7.8200000000e+00   -3.3983200387e+00
7.8400000000e+00   -3.4078669474e+00
7.8600000000e+00   -3.4009591625e+00
7.8800000000e+00   -3.4219937964e+00
7.9000000000e+00   -3.4363925143e+00
7.9200000000e+00   -3.4273914744e+00
7.9400000000e+00   -3.4452005938e+00
7.9600000000e+00   -3.4645176248e+00
7.9800000000e+00   -3.4546497532e+00
8.0000000000e+00   -3.4681305888e+00
8.0200000000e+00   -3.4920153430e+00
8.0400000000e+00   -3.4827350764e+00
8.0600000000e+00   -3.4910144610e+00
8.0800000000e+00   -3.5186857304e+00
8.1000000000e+00   -3.5115834047e+00
8.1200000000e+00   -3.5141077011e+00
8.1400000000e+00   -3.5443788448e+00
8.1600000000e+00   -3.5410610786e+00
8.1800000000e+00   -3.5376726632e+00
8.2000000000e+00   -3.5690156266e+00
8.2200000000e+00   -3.5709645145e+00
8.2400000000e+00   -3.5619597577e+00
8.2600000000e+00   -3.5926035339e+00
8.2800000000e+00   -3.6010254585e+00
8.3000000000e+00   -3.5871888681e+00
8.3200000000e+00   -3.6152442692e+00
8.3400000000e+00   -3.6309232114e+00
8.3600000000e+00   -3.6135316985e+00
8.3800000000e+00   -3.6371321019e+00
8.4000000000e+00   -3.6603048954e+00
8.4200000000e+00   -3.6410954536e+00
8.4400000000e+00   -3.6585428429e+00
8.4600000000e+00   -3.6888138919e+00
8.4800000000e+00   -3.6699081391e+00
8.5000000000e+00   -3.6798150166e+00
8.5200000000e+00   -3.7161249934e+00
8.5400000000e+00   -3.6999059163e+00
8.5600000000e+00   -3.7013257537e+00
8.5800000000e+00   -3.7419828003e+00
8.6000000000e+00   -3.7309233926e+00
8.6200000000e+00   -3.7234641883e+00
8.6400000000e+00   -3.7662380403e+00
8.6600000000e+00   -3.7626884470e+00
8.6800000000e+00   -3.7466047168e+00
8.7000000000e+00   -3.7888755977e+00
8.7200000000e+00   -3.7948240473e+00
8.7400000000e+00   -3.7710816320e+00
8.7600000000e+00   -3.8100287782e+00
8.7800000000e+00   -3.8268602410e+00
8.8000000000e+00   -3.7971657036e+00
8.8200000000e+00   -3.8299767809e+00
8.8400000000e+00   -3.8582596142e+00
8.8600000000e+00   -3.8250425260e+00
8.8800000000e+00   -3.8491258018e+00
8.9000000000e+00   -3.8884583994e+00
8.9200000000e+00   -3.8547920926e+00
8.9400000000e+00   -3.8679774165e+00
8.9600000000e+00   -3.9169225813e+00
8.9800000000e+00   -3.8863692024e+00
9.0000000000e+00   -3.8870897784e+00
9.0200000000e+00   -3.9432138860e+00
9.0400000000e+00   -3.9195850542e+00
9.0600000000e+00   -3.9070372496e+00
9.0800000000e+00   -3.9670556327e+00
9.1000000000e+00   -3.9540918008e+00
9.1200000000e+00   -3.9283726564e+00
9.1400000000e+00   -3.9883852674e+00
9.1600000000e+00   -3.9893739074e+00
9.1800000000e+00   -3.9515942041e+00
9.2000000000e+00   -4.0073812640e+00
9.2200000000e+00   -4.0247526096e+00
9.2400000000e+00   -3.9771169585e+00
9.2600000000e+00   -4.0244576471e+00
9.2800000000e+00   -4.0594117595e+00
9.3000000000e+00   -4.0052472230e+00
9.3200000000e+00   -4.0402277888e+00
9.3400000000e+00   -4.0924533096e+00
9.3600000000e+00   -4.0361573060e+00
9.3800000000e+00   -4.0554467294e+00
9.4000000000e+00   -4.1229864979e+00
9.4200000000e+00   -4.0698581600e+00
9.4400000000e+00   -4.0709449244e+00
9.4600000000e+00   -4.1502451585e+00
9.4800000000e+00   -4.1061682682e+00
9.5000000000e+00   -4.0875652044e+00
9.5200000000e+00   -4.1737141497e+00
9.5400000000e+00   -4.1446792643e+00
9.5600000000e+00   -4.1061103329e+00
9.5800000000e+00   -4.1932347568e+00
9.6000000000e+00   -4.1847225933e+00
9.6200000000e+00   -4.1273032755e+00
9.6400000000e+00   -4.2090582885e+00
9.6600000000e+00   -4.2253474553e+00
9.6800000000e+00   -4.1517579562e+00
9.7000000000e+00   -4.2218309437e+00
9.7200000000e+00   -4.2653278215e+00
9.7400000000e+00   -4.1799555618e+00
9.7600000000e+00   -4.2325158953e+00
9.7800000000e+00   -4.3032225422e+00
9.8000000000e+00   -4.2122201594e+00
9.8200000000e+00   -4.2422781129e+00
9.8400000000e+00   -4.3375108825e+00
9.8600000000e+00   -4.2486870436e+00
9.8800000000e+00   -4.2523639559e+00
9.9000000000e+00   -4.3668076085e+00
9.9200000000e+00   -4.2892576081e+00
9.9400000000e+00   -4.2640005428e+00
9.9600000000e+00   -4.3901244445e+00
9.9800000000e+00   -4.3335361201e+00
1.0000000000e+01   -4.2783263478e+00
1.0020000000e+01   -4.4071034363e+00
1.0040000000e+01   -4.3807481181e+00
1.0060000000e+01   -4.2963520538e+00
1.0080000000e+01   -4.4181347177e+00
1.0100000000e+01   -4.4296501702e+00
1.0120000000e+01   -4.3189431610e+00
1.0140000000e+01   -4.4243094364e+00
1.0160000000e+01   -4.4784599031e+00
1.0180000000e+01   -4.3468129456e+00
1.0200000000e+01   -4.4272306013e+00
1.0220000000e+01   -4.5248636171e+00
1.0240000000e+01   -4.3805139389e+00
1.0260000000e+01   -4.4287607641e+00
1.0280000000e+01   -4.5661835715e+00
1.0300000000e+01   -4.4204159730e+00
1.0320000000e+01   -4.4307915574e+00
1.0340000000e+01   -4.5997724944e+00
1.0360000000e+01   -4.4666576202e+00
1.0380000000e+01   -4.4350856556e+00
1.0400000000e+01   -4.6236054419e+00
1.0420000000e+01   -4.5190552595e+00
1.0440000000e+01   -4.4431996958e+00
1.0460000000e+01   -4.6368740551e+00
1.0480000000e+01   -4.5769516869e+00
1.0500000000e+01   -4.4564702535e+00
1.0520000000e+01   -4.6402897394e+00
1.0540000000e+01   -4.6389902039e+00
1.0560000000e+01   -4.4760372053e+00
1.0580000000e+01   -4.6359206764e+00
1.0600000000e+01   -4.7028256816e+00
1.0620000000e+01   -4.5028819151e+00
1.0640000000e+01   -4.6266642344e+00
1.0660000000e+01   -4.7648586887e+00
1.0680000000e+01   -4.5378633514e+00
1.0700000000e+01   -4.6156396511e+00
1.0720000000e+01   -4.8202227093e+00
1.0740000000e+01   -4.5817384018e+00
1.0760000000e+01   -4.6057406505e+00
1.0780000000e+01   -4.8633962008e+00
1.0800000000e+01   -4.6351505266e+00
1.0820000000e+01   -4.5994235607e+00
1.0840000000e+01   -4.8896717555e+00
1.0860000000e+01   -4.6985608594e+00
1.0880000000e+01   -4.5986830025e+00
1.0900000000e+01   -4.8970135165e+00
1.0920000000e+01   -4.7720737581e+00
1.0940000000e+01   -4.6051323523e+00
1.0960000000e+01   -4.8870683520e+00
1.0980000000e+01   -4.8550696343e+00
1.1000000000e+01   -4.6201245373e+00
1.1020000000e+01   -4.8644861517e+00
1.1040000000e+01   -4.9455071885e+00
1.1060000000e+01   -4.6448787232e+00
1.1080000000e+01   -4.8351383235e+00
1.1100000000e+01   -5.0387604302e+00
1.1120000000e+01   -4.6806011637e+00
1.1140000000e+01   -4.8045158266e+00
1.1160000000e+01   -5.1261713987e+00
1.1180000000e+01   -4.7286013014e+00
1.1200000000e+01   -4.7769661384e+00
1.1220000000e+01   -5.1946347804e+00
1.1240000000e+01   -4.7904097350e+00
1.1260000000e+01   -4.7556353937e+00
1.1280000000e+01   -5.2300760383e+00
1.1300000000e+01   -4.8679041490e+00
1.1320000000e+01   -4.7427393223e+00
1.1340000000e+01   -5.2255294332e+00
1.1360000000e+01   -4.9634376365e+00
1.1380000000e+01   -4.7399019535e+00
1.1400000000e+01   -5.1865942459e+00
1.1420000000e+01   -5.0799163944e+00
1.1440000000e+01   -4.7484580408e+00
1.1460000000e+01   -5.1271999301e+00
1.1480000000e+01   -5.2205977816e+00
1.1500000000e+01   -4.7697074289e+00
1.1520000000e+01   -5.0612930835e+00
1.1540000000e+01   -5.3877346475e+00
1.1560000000e+01   -4.8051503247e+00
1.1580000000e+01   -4.9986093520e+00
1.1600000000e+01   -5.5769694108e+00
1.1620000000e+01   -4.8567554452e+00
1.1640000000e+01   -4.9447462417e+00
1.1660000000e+01   -5.7593876041e+00
1.1680000000e+01   -4.9273486278e+00
1.1700000000e+01   -4.9026138763e+00
1.1720000000e+01   -5.8559010317e+00
1.1740000000e+01   -5.0213026535e+00
1.1760000000e+01   -4.8737081356e+00
1.1780000000e+01   -5.7981316360e+00
1.1800000000e+01   -5.1459912682e+00
1.1820000000e+01   -4.8589305396e+00
1.1840000000e+01   -5.6421769771e+00
1.1860000000e+01   -5.3154920390e+00
1.1880000000e+01   -4.8590847601e+00
1.1900000000e+01   -5.4728545241e+00
1.1920000000e+01   -5.5630380233e+00
1.1940000000e+01   -4.8752145614e+00
1.1960000000e+01   -5.3247607270e+00
1.1980000000e+01   -6.0144148233e+00
1.2000000000e+01   -4.9089183951e+00
1.2020000000e+01   -5.2043899794e+00
1.2040000000e+01   -6.4377991578e+00
1.2060000000e+01   -4.9627809741e+00
1.2080000000e+01   -5.1103155380e+00
1.2100000000e+01   -5.9238397219e+00
1.2120000000e+01   -5.0411617080e+00
1.2140000000e+01   -5.0398445515e+00
1.2160000000e+01   -5.8297878119e+00
1.2180000000e+01   -5.1519515160e+00
1.2200000000e+01   -4.9907164334e+00
1.2220000000e+01   -5.9080709345e+00
1.2240000000e+01   -5.3113855065e+00
1.2260000000e+01   -4.9614536211e+00
1.2280000000e+01   -6.2969669125e+00
1.2300000000e+01   -5.5621770248e+00
1.2320000000e+01   -4.9514152937e+00
1.2340000000e+01   -6.1988372625e+00
1.2360000000e+01   -6.1175920898e+00
1.2380000000e+01   -4.9608593388e+00
1.2400000000e+01   -5.6847749000e+00
1.2420000000e+01   -6.0351381068e+00
1.2440000000e+01   -4.9911442950e+00
1.2460000000e+01   -5.4358019122e+00
1.2480000000e+01   -5.6560448801e+00
1.2500000000e+01   -5.0452328964e+00
1.2520000000e+01   -5.2765525601e+00
1.2540000000e+01   -5.5205180925e+00
1.2560000000e+01   -5.1288928617e+00
1.2580000000e+01   -5.1677269772e+00
1.2600000000e+01   -5.4806827211e+00
1.2620000000e+01   -5.2538586606e+00
1.2640000000e+01   -5.0939828983e+00
1.2660000000e+01   -5.5123355158e+00
1.2680000000e+01   -5.4483198059e+00
1.2700000000e+01   -5.0480557448e+00
1.2720000000e+01   -5.6280866719e+00
1.2740000000e+01   -5.8139276415e+00
1.2760000000e+01   -5.0264391773e+00
1.2780000000e+01   -5.9136309625e+00
1.2800000000e+01   -6.4345794750e+00
1.2820000000e+01   -5.0279200360e+00
1.2840000000e+01   -6.6417880485e+00
1.2860000000e+01   -5.6957161360e+00
1.2880000000e+01   -5.0531952891e+00
1.2900000000e+01   -5.7292097584e+00
1.2920000000e+01   -5.4820397500e+00
1.2940000000e+01   -5.1052241252e+00
1.2960000000e+01   -5.4492414032e+00
1.2980000000e+01   -5.3844840340e+00
1.3000000000e+01   -5.1906811390e+00
1.3020000000e+01   -5.2878254495e+00
1.3040000000e+01   -5.3511434189e+00
1.3060000000e+01   -5.3243750341e+00
1.3080000000e+01   -5.1848822832e+00
1.3100000000e+01   -5.3694865904e+00
1.3120000000e+01   -5.5460077685e+00
1.3140000000e+01   -5.1205645967e+00
1.3160000000e+01   -5.4438215645e+00
1.3180000000e+01   -6.0460373417e+00
1.3200000000e+01   -5.0864607260e+00
1.3220000000e+01   -5.6017589641e+00
1.3240000000e+01   -6.0186945602e+00
1.3260000000e+01   -5.0791067929e+00
1.3280000000e+01   -5.9694116352e+00
1.3300000000e+01   -5.5858238336e+00
1.3320000000e+01   -5.0981135050e+00
1.3340000000e+01   -6.2448389821e+00
1.3360000000e+01   -5.4092627401e+00
1.3380000000e+01   -5.1460251221e+00
1.3400000000e+01   -5.6400230864e+00
1.3420000000e+01   -5.3211978864e+00
1.3440000000e+01   -5.2297449863e+00
1.3460000000e+01   -5.4030475799e+00
1.3480000000e+01   -5.2869008583e+00
1.3500000000e+01   -5.3656102739e+00
1.3520000000e+01   -5.2657599066e+00
1.3540000000e+01   -5.2965186258e+00
1.3560000000e+01   -5.6001941103e+00
1.3580000000e+01   -5.1816440953e+00
1.3600000000e+01   -5.3516126011e+00
1.3620000000e+01   -6.2021934001e+00
1.3640000000e+01   -5.1345193114e+00
1.3660000000e+01   -5.4668800412e+00
1.3680000000e+01   -5.9199592026e+00
1.3700000000e+01   -5.1178294893e+00
1.3720000000e+01   -5.6933755023e+00
1.3740000000e+01   -5.5457228425e+00
1.3760000000e+01   -5.1297220831e+00
1.3780000000e+01   -6.3963748580e+00
1.3800000000e+01   -5.3783397259e+00
1.3820000000e+01   -5.1719802442e+00
1.3840000000e+01   -5.8757856410e+00
1.3860000000e+01   -5.2906040287e+00
1.3880000000e+01   -5.2511227665e+00
1.3900000000e+01   -5.5178937615e+00
1.3920000000e+01   -5.2524960553e+00
1.3940000000e+01   -5.3834316249e+00
1.3960000000e+01   -5.3396268723e+00
1.3980000000e+01   -5.2546436807e+00
1.4000000000e+01   -5.6162811797e+00
1.4020000000e+01   -5.2343086472e+00
1.4040000000e+01   -5.2970331805e+00
1.4060000000e+01   -6.2316734948e+00
1.4080000000e+01   -5.1737998023e+00
1.4100000000e+01   -5.3889628322e+00
1.4120000000e+01   -5.9111615351e+00
1.4140000000e+01   -5.1475113537e+00
1.4160000000e+01   -5.5600975857e+00
1.4180000000e+01   -5.5395589275e+00
1.4200000000e+01   -5.1517976227e+00
1.4220000000e+01   -5.9347695416e+00
1.4240000000e+01   -5.3694873159e+00
1.4260000000e+01   -5.1874312510e+00
1.4280000000e+01   -6.2472295831e+00
1.4300000000e+01   -5.2776035341e+00
1.4320000000e+01   -5.2601244603e+00
1.4340000000e+01   -5.6391648871e+00
1.4360000000e+01   -5.2341045847e+00
1.4380000000e+01   -5.3849972101e+00
1.4400000000e+01   -5.4099256936e+00
1.4420000000e+01   -5.2291408550e+00
1.4440000000e+01   -5.6058116839e+00
1.4460000000e+01   -5.2815673400e+00
1.4480000000e+01   -5.2614701131e+00
1.4500000000e+01   -6.1617943950e+00
1.4520000000e+01   -5.2072513019e+00
1.4540000000e+01   -5.3373358682e+00
1.4560000000e+01   -5.9532124519e+00
1.4580000000e+01   -5.1711839694e+00
1.4600000000e+01   -5.4766765047e+00
1.4620000000e+01   -5.5536276294e+00
1.4640000000e+01   -5.1676013295e+00
1.4660000000e+01   -5.7473325611e+00
1.4680000000e+01   -5.3737466225e+00
1.4700000000e+01   -5.1960924502e+00
1.4720000000e+01   -7.1129290097e+00
1.4740000000e+01   -5.2749221241e+00
1.4760000000e+01   -5.2613326412e+00
1.4780000000e+01   -5.7781315381e+00
1.4800000000e+01   -5.2249570841e+00
1.4820000000e+01   -5.3767342617e+00
1.4840000000e+01   -5.4805347113e+00
1.4860000000e+01   -5.2129151491e+00
1.4880000000e+01   -5.5805293905e+00
1.4900000000e+01   -5.3262951409e+00
1.4920000000e+01   -5.2364175525e+00
1.4940000000e+01   -6.0568003027e+00
1.4960000000e+01   -5.2374647214e+00
1.4980000000e+01   -5.2996140705e+00
1.5000000000e+01   -6.0374899025e+00
1.5020000000e+01   -5.1913806203e+00
1.5040000000e+01   -5.4168380526e+00
1.5060000000e+01   -5.5813448287e+00
1.5080000000e+01   -5.1797699259e+00
1.5100000000e+01   -5.6317723555e+00
1.5120000000e+01   -5.3862540121e+00
1.5140000000e+01   -5.2008982625e+00
1.5160000000e+01   -6.1889202050e+00
1.5180000000e+01   -5.2784552086e+00
1.5200000000e+01   -5.2583063482e+00
1.5220000000e+01   -5.9577557026e+00
1.5240000000e+01   -5.2212065844e+00
1.5260000000e+01   -5.3635630245e+00
1.5280000000e+01   -5.5561790578e+00
1.5300000000e+01   -5.2019889792e+00
1.5320000000e+01   -5.5492207579e+00
1.5340000000e+01   -5.3713425003e+00
1.5360000000e+01   -5.2172766882e+00
1.5380000000e+01   -5.9538690687e+00
1.5400000000e+01   -5.2667612451e+00
1.5420000000e+01   -5.2695820200e+00
1.5440000000e+01   -6.1702496174e+00
1.5460000000e+01   -5.2102390582e+00
1.5480000000e+01   -5.3694844445e+00
1.5500000000e+01   -5.6188670907e+00
1.5520000000e+01   -5.1904379544e+00
1.5540000000e+01   -5.5473783577e+00
1.5560000000e+01   -5.4038576254e+00
1.5580000000e+01   -5.2041445566e+00
1.5600000000e+01   -5.9280362801e+00
1.5620000000e+01   -5.2854946304e+00
1.5640000000e+01   -5.2537350210e+00
1.5660000000e+01   -6.2463142364e+00
1.5680000000e+01   -5.2203256681e+00
1.5700000000e+01   -5.3490285276e+00
1.5720000000e+01   -5.6436019008e+00
1.5740000000e+01   -5.1937952124e+00
1.5760000000e+01   -5.5176051942e+00
1.5780000000e+01   -5.4198977903e+00
1.5800000000e+01   -5.2011761158e+00
1.5820000000e+01   -5.8655099245e+00
1.5840000000e+01   -5.2974422202e+00
1.5860000000e+01   -5.2435793739e+00
1.5880000000e+01   -6.3787266281e+00
1.5900000000e+01   -5.2297331091e+00
1.5920000000e+01   -5.3287926501e+00
1.5940000000e+01   -5.6630774252e+00
1.5960000000e+01   -5.2014804381e+00
1.5980000000e+01   -5.4787255792e+00
1.6000000000e+01   -5.4239525556e+00
1.6020000000e+01   -5.2077644084e+00
1.6040000000e+01   -5.7682788464e+00
1.6060000000e+01   -5.2938482531e+00
1.6080000000e+01   -5.2497819612e+00
1.6100000000e+01   -7.4798155846e+00
1.6120000000e+01   -5.2203171880e+00
1.6140000000e+01   -5.3358006535e+00
1.6160000000e+01   -5.7546712444e+00
1.6180000000e+01   -5.1863630604e+00
1.6200000000e+01   -5.4894291420e+00
1.6220000000e+01   -5.4762327610e+00
1.6240000000e+01   -5.1859956142e+00
1.6260000000e+01   -5.7948158984e+00
1.6280000000e+01   -5.3322155547e+00
1.6300000000e+01   -5.2190575364e+00
1.6320000000e+01   -6.7680018542e+00
1.6340000000e+01   -5.2520145364e+00
1.6360000000e+01   -5.2910979621e+00
1.6380000000e+01   -5.7099788975e+00
1.6400000000e+01   -5.2148367398e+00
1.6420000000e+01   -5.4180374576e+00
1.6440000000e+01   -5.4436736960e+00
1.6460000000e+01   -5.2136726083e+00
1.6480000000e+01   -5.6479253885e+00
1.6500000000e+01   -5.3012648455e+00
1.6520000000e+01   -5.2484965419e+00
1.6540000000e+01   -6.2773480677e+00
1.6560000000e+01   -5.2192218346e+00
1.6580000000e+01   -5.3262596303e+00
1.6600000000e+01   -5.9164917076e+00
1.6620000000e+01   -5.1778364703e+00
1.6640000000e+01   -5.4676607483e+00
1.6660000000e+01   -5.5473083128e+00
1.6680000000e+01   -5.1698289529e+00
1.6700000000e+01   -5.7430094615e+00
1.6720000000e+01   -5.3749459929e+00
1.6740000000e+01   -5.1938663432e+00
1.6760000000e+01   -7.4155638265e+00
1.6780000000e+01   -5.2799375663e+00
1.6800000000e+01   -5.2536079673e+00
1.6820000000e+01   -5.7527424421e+00
1.6840000000e+01   -5.2329606065e+00
1.6860000000e+01   -5.3604376353e+00
1.6880000000e+01   -5.4591524760e+00
1.6900000000e+01   -5.2242090391e+00
1.6920000000e+01   -5.5458116989e+00
1.6940000000e+01   -5.3049571163e+00
1.6960000000e+01   -5.2523096425e+00
1.6980000000e+01   -5.9394943353e+00
1.7000000000e+01   -5.2147376119e+00
1.7020000000e+01   -5.3231439992e+00
1.7040000000e+01   -6.2248059608e+00
1.7060000000e+01   -5.1661273506e+00
1.7080000000e+01   -5.4556058673e+00
1.7100000000e+01   -5.6469421290e+00
1.7120000000e+01   -5.1506290970e+00
1.7140000000e+01   -5.7127112338e+00
1.7160000000e+01   -5.4322029734e+00
1.7180000000e+01   -5.1658348188e+00
1.7200000000e+01   -6.7628590001e+00
1.7220000000e+01   -5.3180085082e+00
1.7240000000e+01   -5.2137645387e+00
1.7260000000e+01   -5.7794524016e+00
1.7280000000e+01   -5.2595667361e+00
1.7300000000e+01   -5.3022005464e+00
1.7320000000e+01   -5.4648294957e+00
1.7340000000e+01   -5.2428283987e+00
1.7360000000e+01   -5.4514549162e+00
1.7380000000e+01   -5.3011854591e+00
1.7400000000e+01   -5.2647637870e+00
1.7420000000e+01   -5.7267998641e+00
1.7440000000e+01   -5.2039029547e+00
1.7460000000e+01   -5.3304488823e+00
1.7480000000e+01   -6.8672945331e+00
1.7500000000e+01   -5.1486439415e+00
1.7520000000e+01   -5.4582832926e+00
1.7540000000e+01   -5.8104880702e+00
1.7560000000e+01   -5.1259533962e+00
1.7580000000e+01   -5.7107218525e+00
1.7600000000e+01   -5.5172136220e+00
1.7620000000e+01   -5.1325051273e+00
1.7640000000e+01   -6.7434969133e+00
1.7660000000e+01   -5.3744870789e+00
1.7680000000e+01   -5.1689023502e+00
1.7700000000e+01   -5.7726067471e+00
1.7720000000e+01   -5.3011559838e+00
1.7740000000e+01   -5.2400059859e+00
1.7760000000e+01   -5.4531801405e+00
1.7780000000e+01   -5.2754456534e+00
1.7800000000e+01   -5.3582967832e+00
1.7820000000e+01   -5.2850267726e+00
1.7840000000e+01   -5.2919039890e+00
1.7860000000e+01   -5.5572504170e+00
1.7880000000e+01   -5.1829014149e+00
1.7900000000e+01   -5.3551263315e+00
1.7920000000e+01   -5.9783180652e+00
1.7940000000e+01   -5.1221238316e+00
1.7960000000e+01   -5.4850526055e+00
1.7980000000e+01   -6.1927815529e+00
1.8000000000e+01   -5.0928188885e+00
1.8020000000e+01   -5.7542786202e+00
1.8040000000e+01   -5.6635314692e+00
1.8060000000e+01   -5.0910030317e+00
1.8080000000e+01   -7.8207604336e+00
1.8100000000e+01   -5.4672907231e+00
1.8120000000e+01   -5.1161119540e+00
1.8140000000e+01   -5.7149110789e+00
1.8160000000e+01   -5.3709112126e+00
1.8180000000e+01   -5.1706611313e+00
1.8200000000e+01   -5.4156326470e+00
1.8220000000e+01   -5.3337332966e+00
1.8240000000e+01   -5.2615761933e+00
1.8260000000e+01   -5.2506371719e+00
1.8280000000e+01   -5.3456761800e+00
1.8300000000e+01   -5.4051385611e+00
1.8320000000e+01   -5.1471581525e+00
1.8340000000e+01   -5.4114001906e+00
1.8360000000e+01   -5.6471689005e+00
1.8380000000e+01   -5.0826837156e+00
1.8400000000e+01   -5.5570366994e+00
1.8420000000e+01   -6.2432982957e+00
1.8440000000e+01   -5.0477480133e+00
1.8460000000e+01   -5.8965339490e+00
1.8480000000e+01   -6.0118177637e+00
1.8500000000e+01   -5.0380987485e+00
1.8520000000e+01   -6.2738859936e+00
1.8540000000e+01   -5.6479488491e+00
1.8560000000e+01   -5.0523173250e+00
1.8580000000e+01   -5.6009600255e+00
1.8600000000e+01   -5.5021519772e+00
1.8620000000e+01   -5.0911324210e+00
1.8640000000e+01   -5.3452428743e+00
1.8660000000e+01   -5.4458592231e+00
1.8680000000e+01   -5.1576456179e+00
1.8700000000e+01   -5.1923511430e+00
1.8720000000e+01   -5.4550809267e+00
1.8740000000e+01   -5.2586819214e+00
1.8760000000e+01   -5.0919489120e+00
1.8780000000e+01   -5.5361219744e+00
1.8800000000e+01   -5.4089366688e+00
1.8820000000e+01   -5.0262396722e+00
1.8840000000e+01   -5.7401415686e+00
1.8860000000e+01   -5.6462669272e+00
1.8880000000e+01   -4.9871151710e+00
1.8900000000e+01   -6.5240673144e+00
1.8920000000e+01   -6.1375174720e+00
1.8940000000e+01   -4.9705314562e+00
1.8960000000e+01   -5.8087647347e+00
1.8980000000e+01   -6.2572279125e+00
1.9000000000e+01   -4.9745940931e+00
1.9020000000e+01   -5.4416753718e+00
1.9040000000e+01   -5.8330317078e+00
1.9060000000e+01   -4.9988149603e+00
1.9080000000e+01   -5.2399715781e+00
1.9100000000e+01   -5.7151503336e+00
1.9120000000e+01   -5.0438577886e+00
1.9140000000e+01   -5.1064948451e+00
1.9160000000e+01   -5.7284772035e+00
1.9180000000e+01   -5.1115626839e+00
1.9200000000e+01   -5.0135567496e+00
1.9220000000e+01   -5.8950391248e+00
1.9240000000e+01   -5.2052020798e+00
1.9260000000e+01   -4.9493484678e+00
1.9280000000e+01   -6.7962392199e+00
1.9300000000e+01   -5.3299754929e+00
1.9320000000e+01   -4.9078257831e+00
1.9340000000e+01   -5.8492191444e+00
1.9360000000e+01   -5.4936079391e+00
1.9380000000e+01   -4.8855957790e+00
1.9400000000e+01   -5.4735665205e+00
1.9420000000e+01   -5.7055981008e+00
1.9440000000e+01   -4.8806806130e+00
1.9460000000e+01   -5.2549762873e+00
1.9480000000e+01   -5.9646654172e+00
1.9500000000e+01   -4.8919260251e+00
1.9520000000e+01   -5.1037416156e+00
1.9540000000e+01   -6.1836135992e+00
1.9560000000e+01   -4.9186482516e+00
1.9580000000e+01   -4.9929076153e+00
1.9600000000e+01   -6.1251418039e+00
1.9620000000e+01   -4.9603306451e+00
1.9640000000e+01   -4.9105279611e+00
1.9660000000e+01   -5.8541690851e+00
1.9680000000e+01   -5.0162194127e+00
1.9700000000e+01   -4.8502128304e+00
1.9720000000e+01   -5.5859655144e+00
1.9740000000e+01   -5.0846189783e+00
1.9760000000e+01   -4.8081355708e+00
1.9780000000e+01   -5.3678174577e+00
1.9800000000e+01   -5.1615970080e+00
1.9820000000e+01   -4.7818114043e+00
1.9840000000e+01   -5.1942537613e+00
1.9860000000e+01   -5.2388822632e+00
1.9880000000e+01   -4.7694971485e+00
1.9900000000e+01   -5.0555241253e+00
1.9920000000e+01   -5.3017463222e+00
1.9940000000e+01   -4.7698345150e+00
1.9960000000e+01   -4.9441691404e+00
1.9980000000e+01   -5.3306064577e+00
2.0000000000e+01   -4.7815804907e+00
2.0020000000e+01   -4.8549605440e+00
2.0040000000e+01   -5.3110896850e+00
2.0060000000e+01   -4.8033409044e+00
2.0080000000e+01   -4.7842214427e+00
2.0100000000e+01   -5.2458285596e+00
2.0120000000e+01   -4.8332510468e+00
2.0140000000e+01   -4.7292967082e+00
2.0160000000e+01   -5.1518870659e+00
2.0180000000e+01   -4.8685738671e+00
2.0200000000e+01   -4.6881951757e+00
2.0220000000e+01   -5.0477110559e+00
2.0240000000e+01   -4.9052560804e+00
2.0260000000e+01   -4.6593444007e+00
2.0280000000e+01   -4.9456360912e+00
2.0300000000e+01   -4.9376510604e+00
2.0320000000e+01   -4.6414090000e+00
2.0340000000e+01   -4.8519529302e+00
2.0360000000e+01   -4.9588757413e+00
2.0380000000e+01   -4.6331390793e+00
2.0400000000e+01   -4.7692113500e+00
2.0420000000e+01   -4.9623231478e+00
2.0440000000e+01   -4.6332263119e+00
2.0460000000e+01   -4.6980503025e+00
2.0480000000e+01   -4.9441113539e+00
2.0500000000e+01   -4.6401544149e+00
2.0520000000e+01   -4.6382280101e+00
2.0540000000e+01   -4.9049013463e+00
2.0560000000e+01   -4.6520432173e+00
2.0580000000e+01   -4.5891260140e+00
2.0600000000e+01   -4.8494602896e+00
2.0620000000e+01   -4.6665076473e+00
2.0640000000e+01   -4.5499722805e+00
2.0660000000e+01   -4.7843782297e+00
2.0680000000e+01   -4.6805893354e+00
2.0700000000e+01   -4.5199232571e+00
2.0720000000e+01   -4.7158145782e+00
2.0740000000e+01   -4.6908606262e+00
2.0760000000e+01   -4.4980748216e+00
2.0780000000e+01   -4.6484001383e+00
2.0800000000e+01   -4.6938084499e+00
2.0820000000e+01   -4.4834357605e+00
2.0840000000e+01   -4.5851412655e+00
2.0860000000e+01   -4.6865093328e+00
2.0880000000e+01   -4.4748810421e+00
2.0900000000e+01   -4.5277612710e+00
2.0920000000e+01   -4.6673887633e+00
2.0940000000e+01   -4.4710971510e+00
2.0960000000e+01   -4.4770978663e+00
2.0980000000e+01   -4.6366748858e+00
2.1000000000e+01   -4.4705340765e+00
2.1020000000e+01   -4.4334134569e+00
2.1040000000e+01   -4.5962586850e+00
2.1060000000e+01   -4.4713858370e+00
2.1080000000e+01   -4.3965997029e+00
2.1100000000e+01   -4.5490476643e+00
2.1120000000e+01   -4.4716297555e+00
2.1140000000e+01   -4.3662980727e+00
2.1160000000e+01   -4.4981881489e+00
2.1180000000e+01   -4.4691556718e+00
2.1200000000e+01   -4.3419627063e+00
2.1220000000e+01   -4.4464888589e+00
2.1240000000e+01   -4.4619974032e+00
2.1260000000e+01   -4.3228868115e+00
2.1280000000e+01   -4.3961485659e+00
2.1300000000e+01   -4.4486330413e+00
2.1320000000e+01   -4.3082086770e+00
2.1340000000e+01   -4.3487174388e+00
2.1360000000e+01   -4.4282641139e+00
2.1380000000e+01   -4.2969106812e+00
2.1400000000e+01   -4.3051777762e+00
2.1420000000e+01   -4.4009596829e+00
2.1440000000e+01   -4.2878242708e+00
2.1460000000e+01   -4.2660590954e+00
2.1480000000e+01   -4.3675966451e+00
2.1500000000e+01   -4.2796544217e+00
2.1520000000e+01   -4.2315438834e+00
2.1540000000e+01   -4.3296222655e+00
2.1560000000e+01   -4.2710362082e+00
2.1580000000e+01   -4.2015489500e+00
2.1600000000e+01   -4.2887402655e+00
2.1620000000e+01   -4.2606306659e+00
2.1640000000e+01   -4.1757819500e+00
2.1660000000e+01   -4.2466286216e+00
2.1680000000e+01   -4.2472549036e+00
2.1700000000e+01   -4.1537785789e+00
2.1720000000e+01   -4.2047498651e+00
2.1740000000e+01   -4.2300240723e+00
2.1760000000e+01   -4.1349278296e+00
2.1780000000e+01   -4.1642599671e+00
2.1800000000e+01   -4.2084681323e+00
2.1820000000e+01   -4.1184930863e+00
2.1840000000e+01   -4.1259903902e+00
2.1860000000e+01   -4.1825854239e+00
2.1880000000e+01   -4.1036366582e+00
2.1900000000e+01   -4.0904714505e+00
2.1920000000e+01   -4.1528131636e+00
2.1940000000e+01   -4.0894545122e+00
2.1960000000e+01   -4.0579721820e+00
2.1980000000e+01   -4.1199243793e+00
2.2000000000e+01   -4.0750258041e+00
2.2020000000e+01   -4.0285419971e+00
2.2040000000e+01   -4.0848847335e+00
2.2060000000e+01   -4.0594776809e+00
2.2080000000e+01   -4.0020476359e+00
2.2100000000e+01   -4.0487088758e+00
2.2120000000e+01   -4.0420598219e+00
2.2140000000e+01   -3.9782041649e+00
2.2160000000e+01   -4.0123453139e+00
2.2180000000e+01   -4.0222168495e+00
2.2200000000e+01   -3.9566016980e+00
2.2220000000e+01   -3.9766014749e+00
2.2240000000e+01   -3.9996429480e+00
2.2260000000e+01   -3.9367308594e+00
2.2280000000e+01   -3.9421064259e+00
2.2300000000e+01   -3.9743046243e+00
2.2320000000e+01   -3.9180103028e+00
2.2340000000e+01   -3.9093016109e+00
2.2360000000e+01   -3.9464250558e+00
2.2380000000e+01   -3.8998190084e+00
2.2400000000e+01   -3.8784489098e+00
2.2420000000e+01   -3.9164340425e+00
2.2440000000e+01   -3.8815346191e+00
2.2460000000e+01   -3.8496475389e+00
2.2480000000e+01   -3.8848963708e+00
2.2500000000e+01   -3.8625768036e+00
2.2520000000e+01   -3.8228544340e+00
2.2540000000e+01   -3.8524347689e+00
2.2560000000e+01   -3.8424519427e+00
2.2580000000e+01   -3.7979055134e+00
2.2600000000e+01   -3.8196612386e+00
2.2620000000e+01   -3.8207931278e+00
2.2640000000e+01   -3.7745371742e+00
2.2660000000e+01   -3.7871248310e+00
2.2680000000e+01   -3.7973885571e+00
2.2700000000e+01   -3.7524085027e+00
2.2720000000e+01   -3.7552780036e+00
2.2740000000e+01   -3.7721926728e+00
2.2760000000e+01   -3.7311250827e+00
2.2780000000e+01   -3.7244595543e+00
2.2800000000e+01   -3.7453176840e+00
2.2820000000e+01   -3.7102650666e+00
2.2840000000e+01   -3.6948902431e+00
2.2860000000e+01   -3.7170073814e+00
2.2880000000e+01   -3.6894074459e+00
2.2900000000e+01   -3.6666770758e+00
2.2920000000e+01   -3.6875987595e+00
2.2940000000e+01   -3.6681613837e+00
2.2960000000e+01   -3.6398230357e+00
2.2980000000e+01   -3.6574787001e+00
2.3000000000e+01   -3.6461943375e+00
2.3020000000e+01   -3.6142401332e+00
2.3040000000e+01   -3.6270425399e+00
2.3060000000e+01   -3.6232558815e+00
2.3080000000e+01   -3.5897646170e+00
2.3100000000e+01   -3.5966593802e+00
2.3120000000e+01   -3.5991940138e+00
2.3140000000e+01   -3.5661738499e+00
2.3160000000e+01   -3.5666465272e+00
2.3180000000e+01   -3.5739615115e+00
2.3200000000e+01   -3.5432046579e+00
2.3220000000e+01   -3.5372533290e+00
2.3240000000e+01   -3.5476114383e+00
2.3260000000e+01   -3.5205729291e+00
2.3280000000e+01   -3.5086533185e+00
2.3300000000e+01   -3.5202828001e+00
2.3320000000e+01   -3.4979939407e+00
2.3340000000e+01   -3.4809430035e+00
2.3360000000e+01   -3.4921789651e+00
2.3380000000e+01   -3.4752024443e+00
2.3400000000e+01   -3.4541456340e+00
2.3420000000e+01   -3.4635423760e+00
2.3440000000e+01   -3.4519710989e+00
2.3460000000e+01   -3.4282185748e+00
2.3480000000e+01   -3.4346291033e+00
2.3500000000e+01   -3.4281255875e+00
2.3520000000e+01   -3.4030632777e+00
2.3540000000e+01   -3.4056861010e+00
2.3560000000e+01   -3.4035548257e+00
2.3580000000e+01   -3.3785371567e+00
2.3600000000e+01   -3.3769329749e+00
2.3620000000e+01   -3.3782151376e+00
2.3640000000e+01   -3.3544668367e+00
2.3660000000e+01   -3.3485490204e+00
2.3680000000e+01   -3.3521280448e+00
2.3700000000e+01   -3.3306622692e+00
2.3720000000e+01   -3.3206654665e+00
2.3740000000e+01   -3.3253722240e+00
2.3760000000e+01   -3.3069311059e+00
2.3780000000e+01   -3.2933623634e+00
2.3800000000e+01   -3.2980709760e+00
2.3820000000e+01   -3.2830925627e+00
2.3840000000e+01   -3.2666693365e+00
2.3860000000e+01   -3.2703770442e+00
2.3880000000e+01   -3.2589898601e+00
2.3900000000e+01   -3.2405694181e+00
2.3920000000e+01   -3.2424567236e+00
2.3940000000e+01   -3.2345002815e+00
2.3960000000e+01   -3.2150052460e+00
2.3980000000e+01   -3.2144749605e+00
2.4000000000e+01   -3.2095420028e+00
2.4020000000e+01   -3.1898870223e+00
2.4040000000e+01   -3.1865826889e+00
2.4060000000e+01   -3.1840771271e+00
2.4080000000e+01   -3.1651016941e+00
2.4100000000e+01   -3.1589071230e+00
2.4120000000e+01   -3.1581107790e+00
2.4140000000e+01   -3.1405228359e+00
2.4160000000e+01   -3.1315452568e+00
2.4180000000e+01   -3.1316865753e+00
2.4200000000e+01   -3.1160206873e+00
2.4220000000e+01   -3.1045604702e+00
2.4240000000e+01   -3.1048792091e+00
2.4260000000e+01   -3.0914717584e+00
2.4280000000e+01   -3.0779819264e+00
2.4300000000e+01   -3.0777851572e+00
2.4320000000e+01   -3.0667673841e+00
2.4340000000e+01   -3.0518063399e+00
2.4360000000e+01   -3.0505126217e+00
2.4380000000e+01   -3.0418206359e+00
2.4400000000e+01   -3.0260016622e+00
2.4420000000e+01   -3.0231717367e+00
2.4440000000e+01   -3.0165711010e+00
2.4460000000e+01   -3.0005122369e+00
2.4480000000e+01   -2.9958658719e+00
2.4500000000e+01   -2.9909872159e+00
2.4520000000e+01   -2.9752649856e+00
2.4540000000e+01   -2.9686845984e+00
2.4560000000e+01   -2.9650660832e+00
2.4580000000e+01   -2.9501761915e+00
2.4600000000e+01   -2.9416986155e+00
2.4620000000e+01   -2.9388309572e+00
2.4640000000e+01   -2.9251584410e+00
2.4660000000e+01   -2.9149567124e+00
2.4680000000e+01   -2.9123268165e+00
2.4700000000e+01   -2.9001272835e+00
2.4720000000e+01   -2.8884846690e+00
2.4740000000e+01   -2.8856146069e+00
2.4760000000e+01   -2.8750071781e+00
2.4780000000e+01   -2.8622858886e+00
2.4800000000e+01   -2.8587648106e+00
2.4820000000e+01   -2.8497363405e+00
2.4840000000e+01   -2.8363434918e+00
2.4860000000e+01   -2.8318509835e+00
2.4880000000e+01   -2.8242701795e+00
2.4900000000e+01   -2.8106235666e+00
2.4920000000e+01   -2.8049438098e+00
2.4940000000e+01   -2.7985831351e+00
2.4960000000e+01   -2.7850792526e+00
2.4980000000e+01   -2.7781060898e+00
2.5000000000e+01   -2.7726688706e+00
2.5020000000e+01   -2.7596553308e+00
2.5040000000e+01   -2.7513889223e+00
2.5060000000e+01   -2.7465389258e+00
2.5080000000e+01   -2.7342929875e+00
2.5100000000e+01   -2.7248292057e+00
2.5120000000e+01   -2.7202200756e+00
2.5140000000e+01   -2.7089344281e+00
2.5160000000e+01   -2.6984484562e+00
2.5180000000e+01   -2.6937507397e+00
2.5200000000e+01   -2.6835270362e+00
2.5220000000e+01   -2.6722528558e+00
2.5240000000e+01   -2.6671768445e+00
2.5260000000e+01   -2.6580268119e+00
2.5280000000e+01   -2.6462343734e+00
2.5300000000e+01   -2.6405475417e+00
2.5320000000e+01   -2.6324008825e+00
2.5340000000e+01   -2.6203727641e+00
2.5360000000e+01   -2.6139111492e+00
2.5380000000e+01   -2.6066289576e+00
2.5400000000e+01   -2.5946382225e+00
2.5420000000e+01   -2.5873116098e+00
2.5440000000e+01   -2.5807036922e+00
2.5460000000e+01   -2.5689944554e+00
2.5480000000e+01   -2.5607856761e+00
2.5500000000e+01   -2.5546300154e+00
2.5520000000e+01   -2.5434019298e+00
2.5540000000e+01   -2.5343609425e+00
2.5560000000e+01   -2.5284235696e+00
2.5580000000e+01   -2.5178210664e+00
2.5600000000e+01   -2.5080547619e+00
2.5620000000e+01   -2.5021084679e+00
2.5640000000e+01   -2.4922151564e+00
2.5660000000e+01   -2.4818740196e+00
2.5680000000e+01   -2.4757146214e+00
2.5700000000e+01   -2.4665528181e+00
2.5720000000e+01   -2.4558156788e+00
2.5740000000e+01   -2.4492748943e+00
2.5760000000e+01   -2.4408098451e+00
2.5780000000e+01   -2.4298679786e+00
2.5800000000e+01   -2.4228223322e+00
2.5820000000e+01   -2.4149703562e+00
2.5840000000e+01   -2.4040121334e+00
2.5860000000e+01   -2.3963876705e+00
2.5880000000e+01   -2.3890272121e+00
2.5900000000e+01   -2.3782243706e+00
2.5920000000e+01   -2.3699972812e+00
2.5940000000e+01   -2.3629817305e+00
2.5960000000e+01   -2.3524781361e+00
2.5980000000e+01   -2.3436716608e+00
2.6000000000e+01   -2.3368427812e+00
2.6020000000e+01   -2.3267463001e+00
2.6040000000e+01   -2.3174245085e+00
2.6060000000e+01   -2.3106253902e+00
2.6080000000e+01   -2.3010032074e+00
2.6100000000e+01   -2.2912623936e+00
2.6120000000e+01   -2.2843490114e+00
2.6140000000e+01   -2.2752264386e+00
2.6160000000e+01   -2.2651849735e+00
2.6180000000e+01   -2.2580356321e+00
2.6200000000e+01   -2.2493981771e+00
2.6220000000e+01   -2.2391856859e+00
2.6240000000e+01   -2.2317078792e+00
2.6260000000e+01   -2.2235061118e+00
2.6280000000e+01   -2.2132528226e+00
2.6300000000e+01   -2.2053872682e+00
2.6320000000e+01   -2.1975438472e+00
2.6340000000e+01   -2.1873708700e+00
2.6360000000e+01   -2.1790927152e+00
2.6380000000e+01   -2.1715108317e+00
2.6400000000e+01   -2.1615220003e+00
2.6420000000e+01   -2.1528393912e+00
2.6440000000e+01   -2.1454118507e+00
2.6460000000e+01   -2.1356875934e+00
2.6480000000e+01   -2.1266379680e+00
2.6500000000e+01   -2.1192561664e+00
2.6520000000e+01   -2.1098496800e+00
2.6540000000e+01   -2.1004942676e+00
2.6560000000e+01   -2.0930563999e+00
2.6580000000e+01   -2.0839922081e+00
2.6600000000e+01   -2.0744092993e+00
2.6620000000e+01   -2.0668272696e+00
2.6640000000e+01   -2.0581020552e+00
2.6660000000e+01   -2.0483796407e+00
2.6680000000e+01   -2.0405842949e+00
2.6700000000e+01   -2.0321697348e+00
2.6720000000e+01   -2.0223981035e+00
2.6740000000e+01   -2.0143425668e+00
2.6760000000e+01   -2.0061897687e+00
2.6780000000e+01   -1.9964546091e+00
2.6800000000e+01   -1.9881156708e+00
2.6820000000e+01   -1.9801607278e+00
2.6840000000e+01   -1.9705371925e+00
2.6860000000e+01   -1.9619148268e+00
2.6880000000e+01   -1.9540849664e+00
2.6900000000e+01   -1.9446330521e+00
2.6920000000e+01   -1.9357482857e+00
2.6940000000e+01   -1.9279680989e+00
2.6960000000e+01   -1.9187295661e+00
2.6980000000e+01   -1.9096210020e+00
2.7000000000e+01   -1.9018182805e+00
2.7020000000e+01   -1.8928152051e+00
2.7040000000e+01   -1.8835345772e+00
2.7060000000e+01   -1.8756453674e+00
2.7080000000e+01   -1.8668802841e+00
2.7100000000e+01   -1.8574874518e+00
2.7120000000e+01   -1.8494600280e+00
2.7140000000e+01   -1.8409175124e+00
2.7160000000e+01   -1.8314753089e+00
2.7180000000e+01   -1.8232728787e+00
2.7200000000e+01   -1.8149223177e+00
2.7220000000e+01   -1.8054916401e+00
2.7240000000e+01   -1.7970937054e+00
2.7260000000e+01   -1.7888929411e+00
2.7280000000e+01   -1.7795284192e+00
2.7300000000e+01   -1.7709308190e+00
2.7320000000e+01   -1.7628303149e+00
2.7340000000e+01   -1.7535768249e+00
2.7360000000e+01   -1.7447905797e+00
2.7380000000e+01   -1.7367377524e+00
2.7400000000e+01   -1.7276279587e+00
2.7420000000e+01   -1.7186771081e+00
2.7440000000e+01   -1.7106204895e+00
2.7460000000e+01   -1.7016735037e+00
2.7480000000e+01   -1.6925921857e+00
2.7500000000e+01   -1.6844851251e+00
2.7520000000e+01   -1.6757062845e+00
2.7540000000e+01   -1.6665353340e+00
2.7560000000e+01   -1.6583390131e+00
2.7580000000e+01   -1.6497206946e+00
2.7600000000e+01   -1.6405040509e+00
2.7620000000e+01   -1.6321896529e+00
2.7640000000e+01   -1.6237129718e+00
2.7660000000e+01   -1.6144941710e+00
2.7680000000e+01   -1.6060441259e+00
2.7700000000e+01   -1.5976813140e+00
2.7720000000e+01   -1.5885003155e+00
2.7740000000e+01   -1.5799086133e+00
2.7760000000e+01   -1.5716258415e+00
2.7780000000e+01   -1.5625163899e+00
2.7800000000e+01   -1.5537880228e+00
2.7820000000e+01   -1.5455484213e+00
2.7840000000e+01   -1.5365360905e+00
2.7860000000e+01   -1.5276857423e+00
2.7880000000e+01   -1.5194523786e+00
2.7900000000e+01   -1.5105533828e+00
2.7920000000e+01   -1.5016035244e+00
2.7940000000e+01   -1.4933421266e+00
2.7960000000e+01   -1.4845629190e+00
2.7980000000e+01   -1.4755415009e+00
2.8000000000e+01   -1.4672227498e+00
2.8020000000e+01   -1.4585603707e+00
2.8040000000e+01   -1.4494983112e+00
2.8060000000e+01   -1.4410995739e+00
2.8080000000e+01   -1.4325426591e+00
2.8100000000e+01   -1.4234713285e+00
2.8120000000e+01   -1.4149777566e+00
2.8140000000e+01   -1.4065080751e+00
2.8160000000e+01   -1.3974569570e+00
2.8180000000e+01   -1.3888619261e+00
2.8200000000e+01   -1.3804562894e+00
2.8220000000e+01   -1.3714509737e+00
2.8240000000e+01   -1.3627558887e+00
2.8260000000e+01   -1.3543882616e+00
2.8280000000e+01   -1.3454488871e+00
2.8300000000e+01   -1.3366624218e+00
2.8320000000e+01   -1.3283060635e+00
2.8340000000e+01   -1.3194462846e+00
2.8360000000e+01   -1.3105831580e+00
2.8380000000e+01   -1.3022126366e+00
2.8400000000e+01   -1.2934391462e+00
2.8420000000e+01   -1.2845185613e+00
2.8440000000e+01   -1.2761115064e+00
2.8460000000e+01   -1.2674241041e+00
2.8480000000e+01   -1.2584679893e+00
2.8500000000e+01   -1.2500064795e+00
2.8520000000e+01   -1.2413986338e+00
2.8540000000e+01   -1.2324298288e+00
2.8560000000e+01   -1.2239013452e+00
2.8580000000e+01   -1.2153611695e+00
2.8600000000e+01   -1.2064016900e+00
2.8620000000e+01   -1.1977996029e+00
2.8640000000e+01   -1.1893111414e+00
2.8660000000e+01   -1.1803806398e+00
2.8680000000e+01   -1.1717042332e+00
2.8700000000e+01   -1.1632489378e+00
2.8720000000e+01   -1.1543634557e+00
2.8740000000e+01   -1.1456175247e+00
2.8760000000e+01   -1.1371758024e+00
2.8780000000e+01   -1.1283468793e+00
2.8800000000e+01   -1.1195409640e+00
2.8820000000e+01   -1.1110936784e+00
2.8840000000e+01   -1.1023278526e+00
2.8860000000e+01   -1.0934751915e+00
2.8880000000e+01   -1.0850050143e+00
2.8900000000e+01   -1.0763037221e+00
2.8920000000e+01   -1.0674200206e+00
2.8940000000e+01   -1.0589125507e+00
2.8960000000e+01   -1.0502723978e+00
2.8980000000e+01   -1.0413745135e+00
2.9000000000e+01   -1.0328191021e+00
2.9020000000e+01   -1.0242324600e+00
2.9040000000e+01   -1.0153371044e+00
2.9060000000e+01   -1.0067273504e+00
2.9080000000e+01   -9.9818321094e-01
2.9100000000e+01   -9.8930575676e-01
2.9120000000e+01   -9.8063966491e-01
2.9140000000e+01   -9.7212467165e-01
2.9160000000e+01   -9.6327814208e-01
2.9180000000e+01   -9.5455795734e-01
2.9200000000e+01   -9.4605752809e-01
2.9220000000e+01   -9.3725182509e-01
2.9240000000e+01   -9.2848357981e-01
2.9260000000e+01   -9.1998303507e-01
2.9280000000e+01   -9.1122444304e-01
2.9300000000e+01   -9.0241726988e-01
2.9320000000e+01   -8.9390288752e-01
2.9340000000e+01   -8.8519386649e-01
2.9360000000e+01   -8.7635914209e-01
2.9380000000e+01   -8.6781907077e-01
2.9400000000e+01   -8.5915833232e-01
2.9420000000e+01   -8.5030872303e-01
2.9440000000e+01   -8.4173370169e-01
2.9460000000e+01   -8.3311654178e-01
2.9480000000e+01   -8.2426502437e-01
2.9500000000e+01   -8.1564887246e-01
2.9520000000e+01   -8.0706771959e-01
2.9540000000e+01   -7.9822664574e-01
2.9560000000e+01   -7.8956650735e-01
2.9580000000e+01   -7.8101163296e-01
2.9600000000e+01   -7.7219189840e-01
2.9620000000e+01   -7.6348824123e-01
2.9640000000e+01   -7.5494857229e-01
2.9660000000e+01   -7.4615893967e-01
2.9680000000e+01   -7.3741532636e-01
2.9700000000e+01   -7.2887929775e-01
2.9720000000e+01   -7.2012590846e-01
2.9740000000e+01   -7.1134857148e-01
2.9760000000e+01   -7.0280495787e-01
2.9780000000e+01   -6.9409105263e-01
2.9800000000e+01   -6.8528831479e-01
2.9820000000e+01   -6.7672698786e-01
2.9840000000e+01   -6.6805284039e-01
2.9860000000e+01   -6.5923443005e-01
2.9880000000e+01   -6.5064699582e-01
2.9900000000e+01   -6.4201004955e-01
2.9920000000e+01   -6.3318636284e-01
2.9940000000e+01   -6.2456664545e-01
2.9960000000e+01   -6.1596183033e-01
2.9980000000e+01   -6.0714319229e-01
3.0000000000e+01   -5.9848754311e-01
3.0020000000e+01   -5.8990773968e-01
3.0040000000e+01   -5.8110371239e-01
3.0060000000e+01   -5.7241113643e-01
3.0080000000e+01   -5.6384774689e-01
3.0100000000e+01   -5.5506652612e-01
3.0120000000e+01   -5.4633863005e-01
3.0140000000e+01   -5.3778221244e-01
3.0160000000e+01   -5.2903014526e-01
3.0180000000e+01   -5.2027092263e-01
3.0200000000e+01   -5.1171184341e-01
3.0220000000e+01   -5.0299308913e-01
3.0240000000e+01   -4.9420856759e-01
3.0260000000e+01   -4.8563763024e-01
3.0280000000e+01   -4.7695397591e-01
3.0300000000e+01   -4.6815175806e-01
3.0320000000e+01   -4.5956077035e-01
3.0340000000e+01   -4.5091160129e-01
3.0360000000e+01   -4.4210033530e-01
3.0380000000e+01   -4.3348258470e-01
3.0400000000e+01   -4.2486500025e-01
3.0420000000e+01   -4.1605381803e-01
3.0440000000e+01   -4.0740443318e-01
3.0460000000e+01   -3.9881348931e-01
3.0480000000e+01   -3.9001144921e-01
3.0500000000e+01   -3.8132763461e-01
3.0520000000e+01   -3.7275668784e-01
3.0540000000e+01   -3.6397225586e-01
3.0560000000e+01   -3.5525339643e-01
3.0580000000e+01   -3.4669451829e-01
3.0600000000e+01   -3.3793511714e-01
3.0620000000e+01   -3.2918275821e-01
3.0640000000e+01   -3.2062718662e-01
3.0660000000e+01   -3.1189883539e-01
3.0680000000e+01   -3.0311655262e-01
3.0700000000e+01   -2.9455514456e-01
3.0720000000e+01   -2.8586220531e-01
3.0740000000e+01   -2.7705538652e-01
3.0760000000e+01   -2.6847903596e-01
3.0780000000e+01   -2.5982407640e-01
3.0800000000e+01   -2.5099964513e-01
3.0820000000e+01   -2.4239962886e-01
3.0840000000e+01   -2.3378340411e-01
3.0860000000e+01   -2.2494952288e-01
3.0880000000e+01   -2.1631773312e-01
3.0900000000e+01   -2.0773928542e-01
3.0920000000e+01   -1.9890508863e-01
3.0940000000e+01   -1.9023409819e-01
3.0960000000e+01   -1.8169097371e-01
3.0980000000e+01   -1.7286640271e-01
3.1000000000e+01   -1.6414927406e-01
3.1020000000e+01   -1.5563786577e-01
3.1040000000e+01   -1.4683372961e-01
3.1060000000e+01   -1.3806338507e-01
3.1080000000e+01   -1.2957944784e-01
3.1100000000e+01   -1.2080796585e-01
3.1120000000e+01   -1.1197566583e-01
3.1140000000e+01   -1.0351517666e-01
3.1160000000e+01   -9.4791650367e-02
3.1180000000e+01   -8.5883235071e-02
3.1200000000e+01   -7.7444273673e-02
3.1220000000e+01   -6.8791914445e-02
3.1240000000e+01   -5.9776786763e-02
3.1260000000e+01   -5.1365798272e-02
3.1280000000e+01   -4.2832024575e-02
3.1300000000e+01   -3.3617756594e-02
3.1320000000e+01   -2.5288341653e-02
3.1340000000e+01   -1.7023159547e-02
3.1360000000e+01   -7.0505673497e-03
3.1380000000e+01   -2.7741453976e-04
3.1400000000e+01   -3.0874429494e-03
3.1420000000e+01   -1.2628708954e-02
3.1440000000e+01   -2.1741324847e-02
3.1460000000e+01   -2.9694030626e-02
3.1480000000e+01   -3.8680648806e-02
3.1500000000e+01   -4.7626189680e-02
3.1520000000e+01   -5.5899264230e-02
3.1540000000e+01   -6.4703278092e-02
3.1560000000e+01   -7.3625573216e-02
3.1580000000e+01   -8.2030680128e-02
3.1600000000e+01   -9.0737923763e-02
3.1620000000e+01   -9.9647859437e-02
3.1640000000e+01   -1.0813746483e-01
3.1660000000e+01   -1.1678142742e-01
3.1680000000e+01   -1.2567669886e-01
3.1700000000e+01   -1.3423240388e-01
3.1720000000e+01   -1.4283190984e-01
3.1740000000e+01   -1.5170747976e-01
3.1760000000e+01   -1.6031977989e-01
3.1780000000e+01   -1.6888843475e-01
3.1800000000e+01   -1.7773882344e-01
3.1820000000e+01   -1.8640110799e-01
3.1840000000e+01   -1.9495040265e-01
3.1860000000e+01   -2.0377058232e-01
3.1880000000e+01   -2.1247684574e-01
3.1900000000e+01   -2.2101726140e-01
3.1920000000e+01   -2.2980318213e-01
3.1940000000e+01   -2.3854704796e-01
3.1960000000e+01   -2.4708837295e-01
3.1980000000e+01   -2.5583733844e-01
3.2000000000e+01   -2.6461167042e-01
3.2020000000e+01   -2.7316295695e-01
3.2040000000e+01   -2.8187389835e-01
3.2060000000e+01   -2.9067073235e-01
3.2080000000e+01   -2.9924007776e-01
3.2100000000e+01   -3.0791373014e-01
3.2120000000e+01   -3.1672441044e-01
3.2140000000e+01   -3.2531866051e-01
3.2160000000e+01   -3.3395763454e-01
3.2180000000e+01   -3.4277309201e-01
3.2200000000e+01   -3.5139752806e-01
3.2220000000e+01   -3.6000626923e-01
3.2240000000e+01   -3.6881739854e-01
3.2260000000e+01   -3.7747545388e-01
3.2280000000e+01   -3.8606008504e-01
3.2300000000e+01   -3.9485818445e-01
3.2320000000e+01   -4.0355122614e-01
3.2340000000e+01   -4.1211927524e-01
3.2360000000e+01   -4.2089651397e-01
3.2380000000e+01   -4.2962371834e-01
3.2400000000e+01   -4.3818374040e-01
3.2420000000e+01   -4.4693361821e-01
3.2440000000e+01   -4.5569196153e-01
3.2460000000e+01   -4.6425307126e-01
3.2480000000e+01   -4.7297083544e-01
3.2500000000e+01   -4.8175521295e-01
3.2520000000e+01   -4.9032655165e-01
3.2540000000e+01   -4.9900953782e-01
3.2560000000e+01   -5.0781301577e-01
3.2580000000e+01   -5.1640318260e-01
3.2600000000e+01   -5.2505104923e-01
3.2620000000e+01   -5.3386524502e-01
3.2640000000e+01   -5.4248172750e-01
3.2660000000e+01   -5.5109655915e-01
3.2680000000e+01   -5.5991213512e-01
3.2700000000e+01   -5.6856077682e-01
3.2720000000e+01   -5.7714703861e-01
3.2740000000e+01   -5.8595428575e-01
3.2760000000e+01   -5.9463882967e-01
3.2780000000e+01   -6.0320316398e-01
3.2800000000e+01   -6.1199264357e-01
3.2820000000e+01   -6.2071438776e-01
3.2840000000e+01   -6.2926525486e-01
3.2860000000e+01   -6.3802845917e-01
3.2880000000e+01   -6.4678605628e-01
3.2900000000e+01   -6.5533323144e-01
3.2920000000e+01   -6.6406322014e-01
3.2940000000e+01   -6.7285264532e-01
3.2960000000e+01   -6.8140659591e-01
3.2980000000e+01   -6.9009856305e-01
3.3000000000e+01   -6.9891326458e-01
3.3020000000e+01   -7.0748444136e-01
3.3040000000e+01   -7.1613616869e-01
3.3060000000e+01   -7.2496740423e-01
3.3080000000e+01   -7.3356548971e-01
3.3100000000e+01   -7.4217764666e-01
3.3120000000e+01   -7.5101499497e-01
3.3140000000e+01   -7.5964815854e-01
3.3160000000e+01   -7.6822441661e-01
3.3180000000e+01   -7.7705644133e-01
3.3200000000e+01   -7.8573065429e-01
3.3220000000e+01   -7.9427759417e-01
3.3240000000e+01   -8.0309262359e-01
3.3260000000e+01   -8.1181108766e-01
3.3280000000e+01   -8.2033789026e-01
3.3300000000e+01   -8.2912486576e-01
3.3320000000e+01   -8.3788760438e-01
3.3340000000e+01   -8.4640553190e-01
3.3360000000e+01   -8.5515486902e-01
3.3380000000e+01   -8.6395852356e-01
3.3400000000e+01   -8.7248021211e-01
3.3420000000e+01   -8.8118461274e-01
3.3440000000e+01   -8.9002247375e-01
3.3460000000e+01   -8.9856107483e-01
3.3480000000e+01   -9.0721622776e-01
3.3500000000e+01   -9.1607851693e-01
3.3520000000e+01   -9.2464673894e-01
3.3540000000e+01   -9.3325184880e-01
3.3560000000e+01   -9.4212624998e-01
3.3580000000e+01   -9.5073536287e-01
3.3600000000e+01   -9.5929345523e-01
3.3620000000e+01   -9.6816587430e-01
3.3640000000e+01   -9.7682474844e-01
3.3660000000e+01   -9.8534271094e-01
3.3680000000e+01   -9.9419822588e-01
3.3700000000e+01   -1.0029124797e+00
3.3720000000e+01   -1.0114008151e+00
3.3740000000e+01   -1.0202247600e+00
3.3760000000e+01   -1.0289960893e+00
3.3780000000e+01   -1.0374683759e+00
3.3800000000e+01   -1.0462474882e+00
3.3820000000e+01   -1.0550732425e+00
3.3840000000e+01   -1.0635453179e+00
3.3860000000e+01   -1.0722688679e+00
3.3880000000e+01   -1.0811419256e+00
3.3900000000e+01   -1.0896308344e+00
3.3920000000e+01   -1.0982916498e+00
3.3940000000e+01   -1.1072006270e+00
3.3960000000e+01   -1.1157233903e+00
3.3980000000e+01   -1.1243186896e+00
3.4000000000e+01   -1.1332484934e+00
3.4020000000e+01   -1.1418207809e+00
3.4040000000e+01   -1.1503527372e+00
3.4060000000e+01   -1.1592854498e+00
3.4080000000e+01   -1.1679202474e+00
3.4100000000e+01   -1.1763962152e+00
3.4120000000e+01   -1.1853122693e+00
3.4140000000e+01   -1.1940186439e+00
3.4160000000e+01   -1.2024510050e+00
3.4180000000e+01   -1.2113305832e+00
3.4200000000e+01   -1.2201126501e+00
3.4220000000e+01   -1.2285182554e+00
3.4240000000e+01   -1.2373428259e+00
3.4260000000e+01   -1.2461990147e+00
3.4280000000e+01   -1.2545982310e+00
3.4300000000e+01   -1.2633521128e+00
3.4320000000e+01   -1.2722748157e+00
3.4340000000e+01   -1.2806902161e+00
3.4360000000e+01   -1.2893620546e+00
3.4380000000e+01   -1.2983377184e+00
3.4400000000e+01   -1.3067924858e+00
3.4420000000e+01   -1.3153765168e+00
3.4440000000e+01   -1.3243862100e+00
3.4460000000e+01   -1.3329023526e+00
3.4480000000e+01   -1.3413993389e+00
3.4500000000e+01   -1.3504197908e+00
3.4520000000e+01   -1.3590162924e+00
3.4540000000e+01   -1.3674340305e+00
3.4560000000e+01   -1.3764391029e+00
3.4580000000e+01   -1.3851301480e+00
3.4600000000e+01   -1.3934834656e+00
3.4620000000e+01   -1.4024459810e+00
3.4640000000e+01   -1.4112394002e+00
3.4660000000e+01   -1.4195496002e+00
3.4680000000e+01   -1.4284434136e+00
3.4700000000e+01   -1.4373394933e+00
3.4720000000e+01   -1.4456332345e+00
3.4740000000e+01   -1.4544354090e+00
3.4760000000e+01   -1.4634261932e+00
3.4780000000e+01   -1.4717338450e+00
3.4800000000e+01   -1.4804267696e+00
3.4820000000e+01   -1.4894959548e+00
3.4840000000e+01   -1.4978495044e+00
3.4860000000e+01   -1.5064227825e+00
3.4880000000e+01   -1.5155462676e+00
3.4900000000e+01   -1.5239769042e+00
3.4920000000e+01   -1.5324288435e+00
3.4940000000e+01   -1.5415759528e+00
3.4960000000e+01   -1.5501114893e+00
3.4980000000e+01   -1.5584500384e+00
3.5000000000e+01   -1.5675853815e+00
3.5020000000e+01   -1.5762477035e+00
3.5040000000e+01   -1.5844907089e+00
3.5060000000e+01   -1.5935765892e+00
3.5080000000e+01   -1.6023793387e+00
3.5100000000e+01   -1.6105540379e+00
3.5120000000e+01   -1.6195532688e+00
3.5140000000e+01   -1.6284999706e+00
3.5160000000e+01   -1.6366416863e+00
3.5180000000e+01   -1.6455206294e+00
3.5200000000e+01   -1.6546034538e+00
3.5220000000e+01   -1.6627535153e+00
3.5240000000e+01   -1.6714851219e+00
3.5260000000e+01   -1.6806844436e+00
3.5280000000e+01   -1.6888874251e+00
3.5300000000e+01   -1.6974540379e+00
3.5320000000e+01   -1.7067389047e+00
3.5340000000e+01   -1.7150393329e+00
3.5360000000e+01   -1.7234350056e+00
3.5380000000e+01   -1.7327645636e+00
3.5400000000e+01   -1.7412033066e+00
3.5420000000e+01   -1.7494354096e+00
3.5440000000e+01   -1.7587612638e+00
3.5460000000e+01   -1.7673718606e+00
3.5480000000e+01   -1.7754617754e+00
3.5500000000e+01   -1.7847311839e+00
3.5520000000e+01   -1.7935364051e+00
3.5540000000e+01   -1.8015191627e+00
3.5560000000e+01   -1.8106788874e+00
3.5580000000e+01   -1.8196878309e+00
3.5600000000e+01   -1.8276106159e+00
3.5620000000e+01   -1.8366111854e+00
3.5640000000e+01   -1.8458171959e+00
3.5660000000e+01   -1.8537367213e+00
3.5680000000e+01   -1.8625368042e+00
3.5700000000e+01   -1.8719164685e+00
3.5720000000e+01   -1.8798953150e+00
3.5740000000e+01   -1.8884658658e+00
3.5760000000e+01   -1.8979792724e+00
3.5780000000e+01   -1.9060813813e+00
3.5800000000e+01   -1.9144092075e+00
3.5820000000e+01   -1.9240015735e+00
3.5840000000e+01   -1.9322871687e+00
3.5860000000e+01   -1.9403775768e+00
3.5880000000e+01   -1.9499822437e+00
3.5900000000e+01   -1.9585025378e+00
3.5920000000e+01   -1.9663807566e+00
3.5940000000e+01   -1.9759234440e+00
3.5960000000e+01   -1.9847155395e+00
3.5980000000e+01   -1.9924266803e+00
3.6000000000e+01   -2.0018307772e+00
3.6020000000e+01   -2.0109132004e+00
3.6040000000e+01   -2.0185206069e+00
3.6060000000e+01   -2.0277131737e+00
3.6080000000e+01   -2.0370824763e+00
3.6100000000e+01   -2.0446644261e+00
3.6120000000e+01   -2.0535824954e+00
3.6140000000e+01   -2.0632113130e+00
3.6160000000e+01   -2.0708561607e+00
3.6180000000e+01   -2.0794528624e+00
3.6200000000e+01   -2.0892897384e+00
3.6220000000e+01   -2.0970897263e+00
3.6240000000e+01   -2.1053397320e+00
3.6260000000e+01   -2.1153108985e+00
3.6280000000e+01   -2.1233549954e+00
3.6300000000e+01   -2.1312587789e+00
3.6320000000e+01   -2.1412719436e+00
3.6340000000e+01   -2.1496381941e+00
3.6360000000e+01   -2.1572246495e+00
3.6380000000e+01   -2.1671746751e+00
3.6400000000e+01   -2.1759226380e+00
3.6420000000e+01   -2.1832496737e+00
3.6440000000e+01   -2.1930258725e+00
3.6460000000e+01   -2.2021897878e+00
3.6480000000e+01   -2.2093426325e+00
3.6500000000e+01   -2.2188372432e+00
3.6520000000e+01   -2.2284205731e+00
3.6540000000e+01   -2.2355076815e+00
3.6560000000e+01   -2.2446249614e+00
3.6580000000e+01   -2.2545969095e+00
3.6600000000e+01   -2.2617435309e+00
3.6620000000e+01   -2.2704087960e+00
3.6640000000e+01   -2.2807032995e+00
3.6660000000e+01   -2.2880429714e+00
3.6680000000e+01   -2.2962108617e+00
3.6700000000e+01   -2.3067283947e+00
3.6720000000e+01   -2.3143928235e+00
3.6740000000e+01   -2.3220540577e+00
3.6760000000e+01   -2.3326663780e+00
3.6780000000e+01   -2.3407743624e+00
3.6800000000e+01   -2.3479602921e+00
3.6820000000e+01   -2.3585180293e+00
3.6840000000e+01   -2.3671642424e+00
3.6860000000e+01   -2.3739486087e+00
3.6880000000e+01   -2.3842913486e+00
3.6900000000e+01   -2.3935359059e+00
3.6920000000e+01   -2.4000333537e+00
3.6940000000e+01   -2.4100016387e+00
3.6960000000e+01   -2.4198614225e+00
3.6980000000e+01   -2.4262225253e+00
3.7000000000e+01   -2.4356709899e+00
3.7020000000e+01   -2.4461136578e+00
3.7040000000e+01   -2.4525164505e+00
3.7060000000e+01   -2.4613271530e+00
3.7080000000e+01   -2.4722686245e+00
3.7100000000e+01   -2.4789069264e+00
3.7120000000e+01   -2.4870018420e+00
3.7140000000e+01   -2.4983078374e+00
3.7160000000e+01   -2.5053769452e+00
3.7180000000e+01   -2.5127285521e+00
3.7200000000e+01   -2.5242204629e+00
3.7220000000e+01   -2.5319010937e+00
3.7240000000e+01   -2.5385400266e+00
3.7260000000e+01   -2.5500050509e+00
3.7280000000e+01   -2.5584466843e+00
3.7300000000e+01   -2.5644655373e+00
3.7320000000e+01   -2.5756706511e+00
3.7340000000e+01   -2.5849756199e+00
3.7360000000e+01   -2.5905281684e+00
3.7380000000e+01   -2.6012371509e+00
3.7400000000e+01   -2.6114469386e+00
3.7420000000e+01   -2.6167423082e+00
3.7440000000e+01   -2.6267347360e+00
3.7460000000e+01   -2.6378199124e+00
3.7480000000e+01   -2.6431115524e+00
3.7500000000e+01   -2.6522024383e+00
3.7520000000e+01   -2.6640575057e+00
3.7540000000e+01   -2.6696272219e+00
3.7560000000e+01   -2.6776858210e+00
3.7580000000e+01   -2.6901299295e+00
3.7600000000e+01   -2.6962676753e+00
3.7620000000e+01   -2.7032339202e+00
3.7640000000e+01   -2.7160179833e+00
3.7660000000e+01   -2.7229985720e+00
3.7680000000e+01   -2.7288956277e+00
3.7700000000e+01   -2.7417158506e+00
3.7720000000e+01   -2.7497741934e+00
3.7740000000e+01   -2.7547157482e+00
3.7760000000e+01   -2.7672330307e+00
3.7780000000e+01   -2.7765398705e+00
3.7800000000e+01   -2.7807309975e+00
3.7820000000e+01   -2.7925951429e+00
3.7840000000e+01   -2.8032354782e+00
3.7860000000e+01   -2.8069662221e+00
3.7880000000e+01   -2.8178434249e+00
3.7900000000e+01   -2.8297998560e+00
3.7920000000e+01   -2.8334311303e+00
3.7940000000e+01   -2.8430328651e+00
3.7960000000e+01   -2.8561758962e+00
3.7980000000e+01   -2.8601178176e+00
3.8000000000e+01   -2.8682290258e+00
3.8020000000e+01   -2.8823159263e+00
3.8040000000e+01   -2.8869993574e+00
3.8060000000e+01   -2.8935037346e+00
3.8080000000e+01   -2.9081869144e+00
3.8100000000e+01   -2.9140297053e+00
3.8120000000e+01   -2.9189299098e+00
3.8140000000e+01   -2.9337749749e+00
3.8160000000e+01   -2.9411451185e+00
3.8180000000e+01   -2.9445758576e+00
3.8200000000e+01   -2.9590886526e+00
3.8220000000e+01   -2.9682672221e+00
3.8240000000e+01   -2.9704994091e+00
3.8260000000e+01   -2.9841605465e+00
3.8280000000e+01   -2.9953077444e+00
3.8300000000e+01   -2.9967422863e+00
3.8320000000e+01   -3.0090469684e+00
3.8340000000e+01   -3.0221747892e+00
3.8360000000e+01   -3.0233250835e+00
3.8380000000e+01   -3.0338255249e+00
3.8400000000e+01   -3.0487803255e+00
3.8420000000e+01   -3.0502432511e+00
3.8440000000e+01   -3.0585907097e+00
3.8460000000e+01   -3.0750483680e+00
3.8480000000e+01   -3.0774644655e+00
3.8500000000e+01   -3.0834477799e+00
3.8520000000e+01   -3.1009231312e+00
3.8540000000e+01   -3.1049277644e+00
3.8560000000e+01   -3.1085053289e+00
3.8580000000e+01   -3.1263763135e+00
3.8600000000e+01   -3.1325448023e+00
3.8620000000e+01   -3.1338670513e+00
3.8640000000e+01   -3.1514126422e+00
3.8660000000e+01   -3.1602035232e+00
3.8680000000e+01   -3.1596232237e+00
3.8700000000e+01   -3.1760729217e+00
3.8720000000e+01   -3.1877744197e+00
3.8740000000e+01   -3.1858424182e+00
3.8760000000e+01   -3.2004340603e+00
3.8780000000e+01   -3.2151193388e+00
3.8800000000e+01   -3.2125639434e+00
3.8820000000e+01   -3.2246058828e+00
3.8840000000e+01   -3.2421024895e+00
3.8860000000e+01   -3.2397915021e+00
3.8880000000e+01   -3.2487248854e+00
3.8900000000e+01   -3.2686029375e+00
3.8920000000e+01   -3.2674885667e+00
3.8940000000e+01   -3.2729454036e+00
3.8960000000e+01   -3.2945274909e+00
3.8980000000e+01   -3.2955760198e+00
3.9000000000e+01   -3.2974288743e+00
3.9020000000e+01   -3.3198225855e+00
3.9040000000e+01   -3.3239326486e+00
3.9060000000e+01   -3.3223319631e+00
3.9080000000e+01   -3.3444836686e+00
3.9100000000e+01   -3.3523990900e+00
3.9120000000e+01   -3.3477943094e+00
3.9140000000e+01   -3.3685607268e+00
3.9160000000e+01   -3.3807857310e+00
3.9180000000e+01   -3.3739265583e+00
3.9200000000e+01   -3.3921590229e+00
3.9220000000e+01   -3.4088848119e+00
3.9240000000e+01   -3.4007992572e+00
3.9260000000e+01   -3.4154347153e+00
3.9280000000e+01   -3.4364865152e+00
3.9300000000e+01   -3.4284331483e+00
3.9320000000e+01   -3.4385856947e+00
3.9340000000e+01   -3.4633981519e+00
3.9360000000e+01   -3.4567914254e+00
3.9380000000e+01   -3.4618385295e+00
3.9400000000e+01   -3.4894647863e+00
3.9420000000e+01   -3.4857746578e+00
3.9440000000e+01   -3.4854327398e+00
3.9460000000e+01   -3.5145889464e+00
3.9480000000e+01   -3.5152192886e+00
3.9500000000e+01   -3.5096036772e+00
3.9520000000e+01   -3.5387467071e+00
3.9540000000e+01   -3.5449008167e+00
3.9560000000e+01   -3.5345651284e+00
3.9580000000e+01   -3.5619976081e+00
3.9600000000e+01   -3.5745428607e+00
3.9620000000e+01   -3.5604924710e+00
3.9640000000e+01   -3.5844866395e+00
3.9660000000e+01   -3.6038331001e+00
3.9680000000e+01   -3.5875069325e+00
3.9700000000e+01   -3.6064377507e+00
3.9720000000e+01   -3.6324464492e+00
3.9740000000e+01   -3.6156613416e+00
3.9760000000e+01   -3.6281396623e+00
3.9780000000e+01   -3.6600746426e+00
3.9800000000e+01   -3.6449277968e+00
3.9820000000e+01   -3.6499258261e+00
3.9840000000e+01   -3.6864598142e+00
3.9860000000e+01   -3.6751879602e+00
3.9880000000e+01   -3.6721508928e+00
3.9900000000e+01   -3.7114280024e+00
3.9920000000e+01   -3.7062271998e+00
3.9940000000e+01   -3.6951659563e+00
3.9960000000e+01   -3.7349174252e+00
3.9980000000e+01   -3.7377344679e+00
4.0000000000e+01   -3.7192942936e+00
