X    Y
0.0000000000e+00   -1.2000000000e+01
2.0000000000e-02   -1.7208208789e+00
4.0000000000e-02   -1.4436648129e+00
6.0000000000e-02   -1.2935411355e+00
8.0000000000e-02   -1.1967337415e+00
1.0000000000e-01   -1.1301874702e+00
1.2000000000e-01   -1.0836680486e+00
1.4000000000e-01   -1.0517417229e+00
1.6000000000e-01   -1.0311811909e+00
1.8000000000e-01   -1.0199106945e+00
2.0000000000e-01   -1.0165066940e+00
2.2000000000e-01   -1.0199325107e+00
2.4000000000e-01   -1.0293821125e+00
2.6000000000e-01   -1.0441779988e+00
2.8000000000e-01   -1.0636962983e+00
3.0000000000e-01   -1.0873049148e+00
3.2000000000e-01   -1.1143072187e+00
3.4000000000e-01   -1.1438883620e+00
3.6000000000e-01   -1.1750658468e+00
3.8000000000e-01   -1.2066516630e+00
4.0000000000e-01   -1.2372402376e+00
4.2000000000e-01   -1.2652427014e+00
4.4000000000e-01   -1.2889885069e+00
4.6000000000e-01   -1.3069027582e+00
4.8000000000e-01   -1.3177375963e+00
5.0000000000e-01   -1.3207977574e+00
5.2000000000e-01   -1.3160798489e+00
5.4000000000e-01   -1.3042670596e+00
5.6000000000e-01   -1.2865810353e+00
5.8000000000e-01   -1.2645514175e+00
6.0000000000e-01   -1.2397831805e+00
6.2000000000e-01   -1.2137795695e+00
6.4000000000e-01   -1.1878400576e+00
6.6000000000e-01   -1.1630234819e+00
6.8000000000e-01   -1.1401545689e+00
7.0000000000e-01   -1.1198528486e+00
7.2000000000e-01   -1.1025689762e+00
7.4000000000e-01   -1.0886197668e+00
7.6000000000e-01   -1.0782178364e+00
7.8000000000e-01   -1.0714944785e+00
8.0000000000e-01   -1.0685157581e+00
8.2000000000e-01   -1.0692923072e+00
8.4000000000e-01   -1.0737833584e+00
8.6000000000e-01   -1.0818953994e+00
8.8000000000e-01   -1.0934756399e+00
9.0000000000e-01   -1.1083003528e+00
9.2000000000e-01   -1.1260582239e+00
9.4000000000e-01   -1.1463292573e+00
9.6000000000e-01   -1.1685607807e+00
9.8000000000e-01   -1.1920439108e+00
1.0000000000e+00   -1.2158966369e+00
1.0200000000e+00   -1.2390631848e+00
1.0400000000e+00   -1.2603423223e+00
1.0600000000e+00   -1.2784571515e+00
1.0800000000e+00   -1.2921721183e+00
1.1000000000e+00   -1.3004473091e+00
1.1200000000e+00   -1.3025990806e+00
1.1400000000e+00   -1.2984209545e+00
1.1600000000e+00   -1.2882230288e+00
1.1800000000e+00   -1.2727751691e+00
1.2000000000e+00   -1.2531750723e+00
1.2200000000e+00   -1.2306856222e+00
1.2400000000e+00   -1.2065859084e+00
1.2600000000e+00   -1.1820629430e+00
1.2800000000e+00   -1.1581504530e+00
1.3000000000e+00   -1.1357070827e+00
1.3200000000e+00   -1.1154210402e+00
1.3400000000e+00   -1.0978289492e+00
1.3600000000e+00   -1.0833399129e+00
1.3800000000e+00   -1.0722592249e+00
1.4000000000e+00   -1.0648087718e+00
1.4200000000e+00   -1.0611428137e+00
1.4400000000e+00   -1.0613586856e+00
1.4600000000e+00   -1.0655022867e+00
1.4800000000e+00   -1.0735682221e+00
1.5000000000e+00   -1.0854942840e+00
1.5200000000e+00   -1.1011497184e+00
1.5400000000e+00   -1.1203165370e+00
1.5600000000e+00   -1.1426631894e+00
1.5800000000e+00   -1.1677105010e+00
1.6000000000e+00   -1.1947914221e+00
1.6200000000e+00   -1.2230094816e+00
1.6400000000e+00   -1.2512065208e+00
1.6600000000e+00   -1.2779580220e+00
1.6800000000e+00   -1.3016214731e+00
1.7000000000e+00   -1.3204630032e+00
1.7200000000e+00   -1.3328704005e+00
1.7400000000e+00   -1.3376221471e+00
1.7600000000e+00   -1.3341362219e+00
1.7800000000e+00   -1.3226035866e+00
1.8000000000e+00   -1.3039477727e+00
1.8200000000e+00   -1.2796289667e+00
1.8400000000e+00   -1.2513748537e+00
1.8600000000e+00   -1.2209306200e+00
1.8800000000e+00   -1.1898846172e+00
1.9000000000e+00   -1.1595803660e+00
1.9200000000e+00   -1.1310964187e+00
1.9400000000e+00   -1.1052672720e+00
1.9600000000e+00   -1.0827227327e+00
1.9800000000e+00   -1.0639311096e+00
2.0000000000e+00   -1.0492385489e+00
2.0200000000e+00   -1.0389013989e+00
2.0400000000e+00   -1.0331109452e+00
2.0600000000e+00   -1.0320108889e+00
2.0800000000e+00   -1.0357081374e+00
2.1000000000e+00   -1.0442772037e+00
2.1200000000e+00   -1.0577579651e+00
2.1400000000e+00   -1.0761457773e+00
2.1600000000e+00   -1.0993719916e+00
2.1800000000e+00   -1.1272718051e+00
2.2000000000e+00   -1.1595352507e+00
2.2200000000e+00   -1.1956365511e+00
2.2400000000e+00   -1.2347383999e+00
2.2600000000e+00   -1.2755738989e+00
2.2800000000e+00   -1.3163247045e+00
2.3000000000e+00   -1.3545442866e+00
2.3200000000e+00   -1.3872165058e+00
2.3400000000e+00   -1.4110623893e+00
2.3600000000e+00   -1.4231477468e+00
2.3800000000e+00   -1.4216556495e+00
2.4000000000e+00   -1.4064703352e+00
2.4200000000e+00   -1.3792228891e+00
2.4400000000e+00   -1.3427692018e+00
2.4600000000e+00   -1.3004201813e+00
2.4800000000e+00   -1.2552968426e+00
2.5000000000e+00   -1.2099810877e+00
2.5200000000e+00   -1.1664291392e+00
2.5400000000e+00   -1.1260366214e+00
2.5600000000e+00   -1.0897595184e+00
2.5800000000e+00   -1.0582365604e+00
2.6000000000e+00   -1.0318911608e+00
2.6200000000e+00   -1.0110087477e+00
2.6400000000e+00   -9.9579258900e-01
2.6600000000e+00   -9.8640305974e-01
2.6800000000e+00   -9.8298491018e-01
2.7000000000e+00   -9.8568600723e-01
2.7200000000e+00   -9.9466983978e-01
2.7400000000e+00   -1.0101229273e+00
2.7600000000e+00   -1.0322570456e+00
2.7800000000e+00   -1.0613046188e+00
2.8000000000e+00   -1.0975032550e+00
2.8200000000e+00   -1.1410614406e+00
2.8400000000e+00   -1.1920905723e+00
2.8600000000e+00   -1.2504769549e+00
2.8800000000e+00   -1.3156495968e+00
2.9000000000e+00   -1.3861789094e+00
2.9200000000e+00   -1.4591420058e+00
2.9400000000e+00   -1.5292962235e+00
2.9600000000e+00   -1.5884900179e+00
2.9800000000e+00   -1.6264593807e+00
3.0000000000e+00   -1.6342632694e+00
3.0200000000e+00   -1.6091536438e+00
3.0400000000e+00   -1.5563941550e+00
3.0600000000e+00   -1.4859349234e+00
3.0800000000e+00   -1.4076239208e+00
3.1000000000e+00   -1.3286904353e+00
3.1200000000e+00   -1.2535715572e+00
3.1400000000e+00   -1.1846686276e+00
3.1600000000e+00   -1.1231330198e+00
3.1800000000e+00   -1.0694223239e+00
3.2000000000e+00   -1.0236410345e+00
3.2200000000e+00   -9.8573615974e-01
3.2400000000e+00   -9.5560660063e-01
3.2600000000e+00   -9.3316439998e-01
3.2800000000e+00   -9.1837044450e-01
3.3000000000e+00   -9.1125771077e-01
3.3200000000e+00   -9.1194987074e-01
3.3400000000e+00   -9.2068042164e-01
3.3600000000e+00   -9.3781652776e-01
3.3800000000e+00   -9.6389204383e-01
3.4000000000e+00   -9.9965578649e-01
3.4200000000e+00   -1.0461446460e+00
3.4400000000e+00   -1.1047981912e+00
3.4600000000e+00   -1.1776458542e+00
3.4800000000e+00   -1.2676291731e+00
3.5000000000e+00   -1.3791962804e+00
3.5200000000e+00   -1.5195064349e+00
3.5400000000e+00   -1.7012192631e+00
3.5600000000e+00   -1.9504410257e+00
3.5800000000e+00   -2.3398436113e+00
3.6000000000e+00   -3.4969228271e+00
3.6200000000e+00   -2.8827127906e+00
3.6400000000e+00   -3.7709022718e+00
3.6600000000e+00   -2.4230523847e+00
3.6800000000e+00   -1.9810461787e+00
3.7000000000e+00   -1.7066016669e+00
3.7200000000e+00   -1.5073571729e+00
3.7400000000e+00   -1.3529515738e+00
3.7600000000e+00   -1.2292397755e+00
3.7800000000e+00   -1.1284236463e+00
3.8000000000e+00   -1.0457576027e+00
3.8200000000e+00   -9.7816998746e-01
3.8400000000e+00   -9.2359905431e-01
3.8600000000e+00   -8.8064190455e-01
3.8800000000e+00   -8.4835769959e-01
3.9000000000e+00   -8.2615498525e-01
3.9200000000e+00   -8.1372997138e-01
3.9400000000e+00   -8.1104023418e-01
3.9600000000e+00   -8.1830834391e-01
3.9800000000e+00   -8.3605770924e-01
4.0000000000e+00   -8.6519221252e-01
4.0200000000e+00   -9.0714711917e-01
4.0400000000e+00   -9.6417270156e-01
4.0600000000e+00   -1.0398962140e+00
4.0800000000e+00   -1.1405502622e+00
4.1000000000e+00   -1.2781020308e+00
4.1200000000e+00   -1.4804738145e+00
4.1400000000e+00   -1.8461054639e+00
4.1600000000e+00   -2.5273411999e+00
4.1800000000e+00   -1.7486916131e+00
4.2000000000e+00   -1.5276955451e+00
4.2200000000e+00   -1.4214712384e+00
4.2400000000e+00   -1.3762066482e+00
4.2600000000e+00   -1.3782006975e+00
4.2800000000e+00   -1.4296337369e+00
4.3000000000e+00   -1.5516262832e+00
4.3200000000e+00   -1.8304893413e+00
4.3400000000e+00   -2.6354004745e+00
4.3600000000e+00   -1.6456756972e+00
4.3800000000e+00   -1.3430852115e+00
4.4000000000e+00   -1.1562369193e+00
4.4200000000e+00   -1.0228907126e+00
4.4400000000e+00   -9.2218093350e-01
4.4600000000e+00   -8.4454406322e-01
4.4800000000e+00   -7.8485697686e-01
4.5000000000e+00   -7.4014277053e-01
4.5200000000e+00   -7.0862920707e-01
4.5400000000e+00   -6.8931582129e-01
4.5600000000e+00   -6.8177076315e-01
4.5800000000e+00   -6.8605419700e-01
4.6000000000e+00   -7.0273474666e-01
4.6200000000e+00   -7.3300668381e-01
4.6400000000e+00   -7.7896315662e-01
4.6600000000e+00   -8.4417865055e-01
4.6800000000e+00   -9.3502823184e-01
4.7000000000e+00   -1.0641444091e+00
4.7200000000e+00   -1.2621357053e+00
4.7400000000e+00   -1.6455337968e+00
4.7600000000e+00   -2.0637913428e+00
4.7800000000e+00   -1.4228500769e+00
4.8000000000e+00   -1.1970079098e+00
4.8200000000e+00   -1.0718201753e+00
4.8400000000e+00   -9.9811687973e-01
4.8600000000e+00   -9.5962493262e-01
4.8800000000e+00   -9.5041038267e-01
4.9000000000e+00   -9.6991255329e-01
4.9200000000e+00   -1.0225455319e+00
4.9400000000e+00   -1.1211232354e+00
4.9600000000e+00   -1.3019445750e+00
4.9800000000e+00   -1.7332393449e+00
5.0000000000e+00   -1.7575853498e+00
5.0200000000e+00   -1.2467560211e+00
5.0400000000e+00   -1.0107114294e+00
5.0600000000e+00   -8.5828884587e-01
5.0800000000e+00   -7.4947815958e-01
5.1000000000e+00   -6.6902818524e-01
5.1200000000e+00   -6.0959972900e-01
5.1400000000e+00   -5.6724514735e-01
5.1600000000e+00   -5.3978113391e-01
5.1800000000e+00   -5.2611041624e-01
5.2000000000e+00   -5.2593858831e-01
5.2200000000e+00   -5.3970668596e-01
5.2400000000e+00   -5.6870199521e-01
5.2600000000e+00   -6.1541075852e-01
5.2800000000e+00   -6.8434864955e-01
5.3000000000e+00   -7.8410495910e-01
5.3200000000e+00   -9.3334333199e-01
5.3400000000e+00   -1.1857552573e+00
5.3600000000e+00   -1.9131947227e+00
5.3800000000e+00   -1.3951381391e+00
5.4000000000e+00   -1.0455053593e+00
5.4200000000e+00   -8.6952810069e-01
5.4400000000e+00   -7.6137171164e-01
5.4600000000e+00   -6.9286280407e-01
5.4800000000e+00   -6.5296668397e-01
5.5000000000e+00   -6.3705437278e-01
5.5200000000e+00   -6.4394912825e-01
5.5400000000e+00   -6.7530420092e-01
5.5600000000e+00   -7.3648235177e-01
5.5800000000e+00   -8.4014182546e-01
5.6000000000e+00   -1.0197224872e+00
5.6200000000e+00   -1.4167079545e+00
5.6400000000e+00   -1.5986662976e+00
5.6600000000e+00   -1.0335539721e+00
5.6800000000e+00   -7.9271017390e-01
5.7000000000e+00   -6.4158269727e-01
5.7200000000e+00   -5.3608603923e-01
5.7400000000e+00   -4.5999358220e-01
5.7600000000e+00   -4.0569412418e-01
5.7800000000e+00   -3.6922341633e-01
5.8000000000e+00   -3.4852555483e-01
5.8200000000e+00   -3.4276168829e-01
5.8400000000e+00   -3.5206837312e-01
5.8600000000e+00   -3.7759793072e-01
5.8800000000e+00   -4.2186746567e-01
5.9000000000e+00   -4.8967189016e-01
5.9200000000e+00   -5.9043202223e-01
5.9400000000e+00   -7.4540002235e-01
5.9600000000e+00   -1.0201578680e+00
5.9800000000e+00   -2.1416678058e+00
6.0000000000e+00   -1.0885903034e+00
6.0200000000e+00   -7.7672944043e-01
6.0400000000e+00   -6.0876288316e-01
6.0600000000e+00   -5.0174055791e-01
6.0800000000e+00   -4.3129541455e-01
6.1000000000e+00   -3.8737939193e-01
6.1200000000e+00   -3.6546637254e-01
6.1400000000e+00   -3.6394251596e-01
6.1600000000e+00   -3.8335806843e-01
6.1800000000e+00   -4.2666916648e-01
6.2000000000e+00   -5.0073206537e-01
6.2200000000e+00   -6.2106545292e-01
6.2400000000e+00   -8.3056503553e-01
6.2600000000e+00   -1.3546469496e+00
6.2800000000e+00   -1.1709963452e+00
6.3000000000e+00   -7.3771620858e-01
6.3200000000e+00   -5.2630721698e-01
6.3400000000e+00   -3.9054720580e-01
6.3600000000e+00   -2.9589206226e-01
6.3800000000e+00   -2.2878932494e-01
6.4000000000e+00   -1.8275230363e-01
6.4200000000e+00   -1.5446231624e-01
6.4400000000e+00   -1.4236806401e-01
6.4600000000e+00   -1.4615964791e-01
6.4800000000e+00   -1.6667397897e-01
6.5000000000e+00   -2.0616259951e-01
6.5200000000e+00   -2.6912636732e-01
6.5400000000e+00   -3.6451435922e-01
6.5600000000e+00   -5.1241941869e-01
6.5800000000e+00   -7.7337786440e-01
6.6000000000e+00   -1.6822739179e+00
6.6200000000e+00   -8.8564637162e-01
6.6400000000e+00   -5.5572969701e-01
6.6600000000e+00   -3.7973703873e-01
6.6800000000e+00   -2.6675978310e-01
6.7000000000e+00   -1.9088124912e-01
6.7200000000e+00   -1.4142995935e-01
6.7400000000e+00   -1.1344522258e-01
6.7600000000e+00   -1.0483879679e-01
6.7800000000e+00   -1.1546962691e-01
6.8000000000e+00   -1.4708581720e-01
6.8200000000e+00   -2.0407722819e-01
6.8400000000e+00   -2.9585513555e-01
6.8600000000e+00   -4.4455413853e-01
6.8800000000e+00   -7.2125026736e-01
6.9000000000e+00   -2.3704187025e+00
6.9200000000e+00   -7.1922309145e-01
6.9400000000e+00   -4.1140743468e-01
6.9600000000e+00   -2.3774535603e-01
6.9800000000e+00   -1.2216253891e-01
7.0000000000e+00   -4.1344968445e-02
7.0200000000e+00   1.4726287423e-02
7.0400000000e+00   5.0983246230e-02
7.0600000000e+00   6.9848300305e-02
7.0800000000e+00   7.2183638723e-02
7.1000000000e+00   5.7580955386e-02
7.1200000000e+00   2.4226072229e-02
7.1400000000e+00   -3.1767530408e-02
7.1600000000e+00   -1.1817105787e-01
7.1800000000e+00   -2.5197764309e-01
7.2000000000e+00   -4.8075535320e-01
7.2200000000e+00   -1.0834464364e+00
7.2400000000e+00   -7.5739356863e-01
7.2600000000e+00   -3.6525321002e-01
7.2800000000e+00   -1.6987874042e-01
7.3000000000e+00   -4.6045370332e-02
7.3200000000e+00   3.7727886710e-02
7.3400000000e+00   9.3903825827e-02
7.3600000000e+00   1.2829091882e-01
7.3800000000e+00   1.4355473775e-01
7.4000000000e+00   1.4041180831e-01
7.4200000000e+00   1.1790858923e-01
7.4400000000e+00   7.3047968534e-02
7.4600000000e+00   -5.9370365398e-04
7.4800000000e+00   -1.1696351336e-01
7.5000000000e+00   -3.1263683814e-01
7.5200000000e+00   -7.5146078395e-01
7.5400000000e+00   -8.1440951820e-01
7.5600000000e+00   -3.0800760846e-01
7.5800000000e+00   -8.3374645523e-02
7.6000000000e+00   5.6660203735e-02
7.6200000000e+00   1.5246686052e-01
7.6400000000e+00   2.1914511221e-01
7.6600000000e+00   2.6370955833e-01
7.6800000000e+00   2.8963457938e-01
7.7000000000e+00   2.9842522387e-01
7.7200000000e+00   2.9016771062e-01
7.7400000000e+00   2.6355821115e-01
7.7600000000e+00   2.1543304655e-01
7.7800000000e+00   1.3938568540e-01
7.8000000000e+00   2.1836256575e-02
7.8200000000e+00   -1.7213054551e-01
7.8400000000e+00   -5.9221176618e-01
7.8600000000e+00   -7.3558239710e-01
7.8800000000e+00   -2.0154848537e-01
7.9000000000e+00   2.5663405981e-02
7.9200000000e+00   1.6499416246e-01
7.9400000000e+00   2.5888300487e-01
7.9600000000e+00   3.2290133774e-01
7.9800000000e+00   3.6415102564e-01
8.0000000000e+00   3.8602471856e-01
8.0200000000e+00   3.8980658336e-01
8.0400000000e+00   3.7517280739e-01
8.0600000000e+00   3.4007121828e-01
8.0800000000e+00   2.7987243060e-01
8.1000000000e+00   1.8489860387e-01
8.1200000000e+00   3.2494352892e-02
8.1400000000e+00   -2.5062653896e-01
8.1600000000e+00   -2.9422758861e+00
8.1800000000e+00   -2.3500720561e-01
8.2000000000e+00   6.6361602313e-02
8.2200000000e+00   2.3652914171e-01
8.2400000000e+00   3.4926720663e-01
8.2600000000e+00   4.2738576707e-01
8.2800000000e+00   4.8068233433e-01
8.3000000000e+00   5.1392650917e-01
8.3200000000e+00   5.2936682544e-01
8.3400000000e+00   5.2763093384e-01
8.3600000000e+00   5.0794595952e-01
8.3800000000e+00   4.6786459604e-01
8.4000000000e+00   4.0226365968e-01
8.4200000000e+00   3.0055046423e-01
8.4400000000e+00   1.3752261679e-01
8.4600000000e+00   -1.7306085455e-01
8.4800000000e+00   -1.0980387123e+00
8.5000000000e+00   -6.9631080990e-02
8.5200000000e+00   2.0789948232e-01
8.5400000000e+00   3.6820746061e-01
8.5600000000e+00   4.7459518426e-01
8.5800000000e+00   5.4763959427e-01
8.6000000000e+00   5.9631403523e-01
8.6200000000e+00   6.2494416054e-01
8.6400000000e+00   6.3543181634e-01
8.6600000000e+00   6.2802171288e-01
8.6800000000e+00   6.0139125244e-01
8.7000000000e+00   5.5214218748e-01
8.7200000000e+00   4.7321317438e-01
8.7400000000e+00   3.4918867906e-01
8.7600000000e+00   1.3828229587e-01
8.7800000000e+00   -3.7143986641e-01
8.8000000000e+00   -2.3725572574e-01
8.8200000000e+00   2.0374972364e-01
8.8400000000e+00   4.1367576713e-01
8.8600000000e+00   5.4632618015e-01
8.8800000000e+00   6.3711395324e-01
8.9000000000e+00   6.9973482494e-01
8.9200000000e+00   7.4060898533e-01
8.9400000000e+00   7.6286297529e-01
8.9600000000e+00   7.6771639456e-01
8.9800000000e+00   7.5493098214e-01
9.0000000000e+00   7.2272662810e-01
9.0200000000e+00   6.6709391481e-01
9.0400000000e+00   5.7983714365e-01
9.0600000000e+00   4.4265096339e-01
9.0800000000e+00   2.0237025176e-01
9.1000000000e+00   -5.0753205678e-01
9.1200000000e+00   1.2191200675e-02
9.1400000000e+00   3.7499777143e-01
9.1600000000e+00   5.6383337686e-01
9.1800000000e+00   6.8560622109e-01
9.2000000000e+00   7.6904204917e-01
9.2200000000e+00   8.2581808884e-01
9.2400000000e+00   8.6147987410e-01
9.2600000000e+00   8.7864340971e-01
9.2800000000e+00   8.7811622469e-01
9.3000000000e+00   8.5919576158e-01
9.3200000000e+00   8.1941128203e-01
9.3400000000e+00   7.5348084844e-01
9.3600000000e+00   6.5033852394e-01
9.3800000000e+00   4.8319966547e-01
9.4000000000e+00   1.5677432242e-01
9.4200000000e+00   -5.3323541105e-01
9.4400000000e+00   3.1686815554e-01
9.4600000000e+00   5.8413209788e-01
9.4800000000e+00   7.4129707885e-01
9.5000000000e+00   8.4653472375e-01
9.5200000000e+00   9.1930870812e-01
9.5400000000e+00   9.6822918565e-01
9.5600000000e+00   9.9749390054e-01
9.5800000000e+00   1.0089849237e+00
9.6000000000e+00   1.0030062788e+00
9.6200000000e+00   9.7839170939e-01
9.6400000000e+00   9.3207378301e-01
9.6600000000e+00   8.5772574126e-01
9.6800000000e+00   7.4186135548e-01
9.7000000000e+00   5.4977410401e-01
9.7200000000e+00   1.3316045346e-01
9.7400000000e+00   -1.7020813628e-02
9.7600000000e+00   5.2173593773e-01
9.7800000000e+00   7.5088431096e-01
9.8000000000e+00   8.9186148472e-01
9.8200000000e+00   9.8736769481e-01
9.8400000000e+00   1.0530730317e+00
9.8600000000e+00   1.0961541398e+00
9.8800000000e+00   1.1200890184e+00
9.9000000000e+00   1.1262816411e+00
9.9200000000e+00   1.1145978482e+00
9.9400000000e+00   1.0833171169e+00
9.9600000000e+00   1.0284587911e+00
9.9800000000e+00   9.4182228260e-01
1.0000000000e+01   8.0502397107e-01
1.0020000000e+01   5.6448606551e-01
1.0040000000e+01   -1.5418016715e-01
1.0060000000e+01   3.8139514838e-01
1.0080000000e+01   7.4291208839e-01
1.0100000000e+01   9.3190549385e-01
1.0120000000e+01   1.0541576248e+00
1.0140000000e+01   1.1382276134e+00
1.0160000000e+01   1.1957584823e+00
1.0180000000e+01   1.2323030856e+00
1.0200000000e+01   1.2505104341e+00
1.0220000000e+01   1.2512503274e+00
1.0240000000e+01   1.2339299121e+00
1.0260000000e+01   1.1962805955e+00
1.0280000000e+01   1.1334316750e+00
1.0300000000e+01   1.0352974392e+00
1.0320000000e+01   8.7814428090e-01
1.0340000000e+01   5.8341606438e-01
1.0360000000e+01   -7.4235313777e-01
1.0380000000e+01   6.3663142651e-01
1.0400000000e+01   9.2707579787e-01
1.0420000000e+01   1.0926989444e+00
1.0440000000e+01   1.2024480458e+00
1.0460000000e+01   1.2781184020e+00
1.0480000000e+01   1.3291277174e+00
1.0500000000e+01   1.3600318101e+00
1.0520000000e+01   1.3729014732e+00
1.0540000000e+01   1.3681578270e+00
1.0560000000e+01   1.3447242762e+00
1.0580000000e+01   1.2996262168e+00
1.0600000000e+01   1.2266760668e+00
1.0620000000e+01   1.1126910076e+00
1.0640000000e+01   9.2397080988e-01
1.0660000000e+01   5.1978918992e-01
1.0680000000e+01   3.2241319749e-01
1.0700000000e+01   8.8241186169e-01
1.0720000000e+01   1.1155821004e+00
1.0740000000e+01   1.2585904626e+00
1.0760000000e+01   1.3555225379e+00
1.0780000000e+01   1.4224198667e+00
1.0800000000e+01   1.4666139999e+00
1.0820000000e+01   1.4916751108e+00
1.0840000000e+01   1.4990860681e+00
1.0860000000e+01   1.4888066421e+00
1.0880000000e+01   1.4592591503e+00
1.0900000000e+01   1.4067233657e+00
1.0920000000e+01   1.3235638716e+00
1.0940000000e+01   1.1929422773e+00
1.0960000000e+01   9.6765169786e-01
1.0980000000e+01   3.7276468056e-01
1.1000000000e+01   6.9145990428e-01
1.1020000000e+01   1.0882370726e+00
1.1040000000e+01   1.2868579913e+00
1.1060000000e+01   1.4137906796e+00
1.1080000000e+01   1.5007538755e+00
1.1100000000e+01   1.5603471765e+00
1.1120000000e+01   1.5985185780e+00
1.1140000000e+01   1.6181183275e+00
1.1160000000e+01   1.6201412409e+00
1.1180000000e+01   1.6040941596e+00
1.1200000000e+01   1.5678180225e+00
1.1220000000e+01   1.5066107891e+00
1.1240000000e+01   1.4107397242e+00
1.1260000000e+01   1.2574960082e+00
1.1280000000e+01   9.7347936815e-01
1.1300000000e+01   -1.9402147185e+00
1.1320000000e+01   9.8842414292e-01
1.1340000000e+01   1.2889401291e+00
1.1360000000e+01   1.4583441390e+00
1.1380000000e+01   1.5702985936e+00
1.1400000000e+01   1.6475684315e+00
1.1420000000e+01   1.6999094593e+00
1.1440000000e+01   1.7320392880e+00
1.1460000000e+01   1.7461328101e+00
1.1480000000e+01   1.7427043487e+00
1.1500000000e+01   1.7207925957e+00
1.1520000000e+01   1.6776076199e+00
1.1540000000e+01   1.6073257425e+00
1.1560000000e+01   1.4976553794e+00
1.1580000000e+01   1.3179143354e+00
1.1600000000e+01   9.4869866325e-01
1.1620000000e+01   5.8280147135e-01
1.1640000000e+01   1.2266670621e+00
1.1660000000e+01   1.4723137752e+00
1.1680000000e+01   1.6205968028e+00
1.1700000000e+01   1.7205983423e+00
1.1720000000e+01   1.7896202503e+00
1.1740000000e+01   1.8354679772e+00
1.1760000000e+01   1.8619390600e+00
1.1780000000e+01   1.8706516323e+00
1.1800000000e+01   1.8616694511e+00
1.1820000000e+01   1.8335247117e+00
1.1840000000e+01   1.7826581037e+00
1.1860000000e+01   1.7017477187e+00
1.1880000000e+01   1.5747649459e+00
1.1900000000e+01   1.3576591353e+00
1.1920000000e+01   8.1412129415e-01
1.1940000000e+01   1.0264120789e+00
1.1960000000e+01   1.4468351041e+00
1.1980000000e+01   1.6516085994e+00
1.2000000000e+01   1.7816237236e+00
1.2020000000e+01   1.8706068401e+00
1.2040000000e+01   1.9317530270e+00
1.2060000000e+01   1.9712607213e+00
1.2080000000e+01   1.9921179621e+00
1.2100000000e+01   1.9954209131e+00
1.2120000000e+01   1.9807800008e+00
1.2140000000e+01   1.9461802234e+00
1.2160000000e+01   1.8871759240e+00
1.2180000000e+01   1.7946029178e+00
1.2200000000e+01   1.6474105403e+00
1.2220000000e+01   1.3801990739e+00
1.2240000000e+01   2.6718330364e-01
1.2260000000e+01   1.3263665104e+00
1.2280000000e+01   1.6458464425e+00
1.2300000000e+01   1.8217045553e+00
1.2320000000e+01   1.9371032308e+00
1.2340000000e+01   2.0166500424e+00
1.2360000000e+01   2.0707153765e+00
1.2380000000e+01   2.1042897379e+00
1.2400000000e+01   2.1197000106e+00
1.2420000000e+01   2.1175693889e+00
1.2440000000e+01   2.0970429398e+00
1.2460000000e+01   2.0554748276e+00
1.2480000000e+01   1.9873006999e+00
1.2500000000e+01   1.8808339094e+00
1.2520000000e+01   1.7073566157e+00
1.2540000000e+01   1.3600746373e+00
1.2560000000e+01   8.5403894609e-01
1.2580000000e+01   1.5802532242e+00
1.2600000000e+01   1.8359280762e+00
1.2620000000e+01   1.9884171733e+00
1.2640000000e+01   2.0909196130e+00
1.2660000000e+01   2.1617358511e+00
1.2680000000e+01   2.2090440360e+00
1.2700000000e+01   2.2368246497e+00
1.2720000000e+01   2.2468124450e+00
1.2740000000e+01   2.2391722175e+00
1.2760000000e+01   2.2125576681e+00
1.2780000000e+01   2.1636034864e+00
1.2800000000e+01   2.0853792033e+00
1.2820000000e+01   1.9628673252e+00
1.2840000000e+01   1.7558419286e+00
1.2860000000e+01   1.2681330217e+00
1.2880000000e+01   1.3447403145e+00
1.2900000000e+01   1.8020529655e+00
1.2920000000e+01   2.0154402220e+00
1.2940000000e+01   2.1495294474e+00
1.2960000000e+01   2.2410432682e+00
1.2980000000e+01   2.3040328773e+00
1.3000000000e+01   2.3450432399e+00
1.3020000000e+01   2.3672410221e+00
1.3040000000e+01   2.3718398693e+00
1.3060000000e+01   2.3585542532e+00
1.3080000000e+01   2.3254971971e+00
1.3100000000e+01   2.2684344278e+00
1.3120000000e+01   2.1786511382e+00
1.3140000000e+01   2.0363638154e+00
1.3160000000e+01   1.7819472618e+00
1.3180000000e+01   9.0399115869e-01
1.3200000000e+01   1.6702803706e+00
1.3220000000e+01   2.0076255090e+00
1.3240000000e+01   2.1893099613e+00
1.3260000000e+01   2.3078125654e+00
1.3280000000e+01   2.3894370289e+00
1.3300000000e+01   2.4451075000e+00
1.3320000000e+01   2.4800599475e+00
1.3340000000e+01   2.4967608901e+00
1.3360000000e+01   2.4959385940e+00
1.3380000000e+01   2.4768475635e+00
1.3400000000e+01   2.4369975686e+00
1.3420000000e+01   2.3711099965e+00
1.3440000000e+01   2.2681629807e+00
1.3460000000e+01   2.1015483912e+00
1.3480000000e+01   1.7770519413e+00
1.3500000000e+01   1.0648114639e+00
1.3520000000e+01   1.9308750877e+00
1.3540000000e+01   2.1993147926e+00
1.3560000000e+01   2.3568853297e+00
1.3580000000e+01   2.4622990917e+00
1.3600000000e+01   2.5351339810e+00
1.3620000000e+01   2.5840313340e+00
1.3640000000e+01   2.6131910696e+00
1.3660000000e+01   2.6244798762e+00
1.3680000000e+01   2.6181675513e+00
1.3700000000e+01   2.5930236008e+00
1.3720000000e+01   2.5458566371e+00
1.3740000000e+01   2.4700743882e+00
1.3760000000e+01   2.3515085262e+00
1.3780000000e+01   2.1530194414e+00
1.3800000000e+01   1.7064541328e+00
1.3820000000e+01   1.6632066121e+00
1.3840000000e+01   2.1605954862e+00
1.3860000000e+01   2.3824333918e+00
1.3880000000e+01   2.5204441558e+00
1.3900000000e+01   2.6143888846e+00
1.3920000000e+01   2.6791588601e+00
1.3940000000e+01   2.7216344711e+00
1.3960000000e+01   2.7451551475e+00
1.3980000000e+01   2.7510496799e+00
1.4000000000e+01   2.7391370107e+00
1.4020000000e+01   2.7076615213e+00
1.4040000000e+01   2.6526076622e+00
1.4060000000e+01   2.5657232030e+00
1.4080000000e+01   2.4285047736e+00
1.4100000000e+01   2.1868944637e+00
1.4120000000e+01   1.4576035584e+00
1.4140000000e+01   2.0099992250e+00
1.4160000000e+01   2.3694016630e+00
1.4180000000e+01   2.5578090174e+00
1.4200000000e+01   2.6797792502e+00
1.4220000000e+01   2.7636673177e+00
1.4240000000e+01   2.8210473552e+00
1.4260000000e+01   2.8574363006e+00
1.4280000000e+01   2.8754551284e+00
1.4300000000e+01   2.8759424957e+00
1.4320000000e+01   2.8582611100e+00
1.4340000000e+01   2.8200670973e+00
1.4360000000e+01   2.7563419011e+00
1.4380000000e+01   2.6566538808e+00
1.4400000000e+01   2.4962116374e+00
1.4420000000e+01   2.1908734337e+00
1.4440000000e+01   1.1896482407e+00
1.4460000000e+01   2.2832773354e+00
1.4480000000e+01   2.5650486002e+00
1.4500000000e+01   2.7277321314e+00
1.4520000000e+01   2.8360400649e+00
1.4540000000e+01   2.9108747802e+00
1.4560000000e+01   2.9613477731e+00
1.4580000000e+01   2.9918792983e+00
1.4600000000e+01   3.0044680251e+00
1.4620000000e+01   2.9994889801e+00
1.4640000000e+01   2.9758280708e+00
1.4660000000e+01   2.9304684986e+00
1.4680000000e+01   2.8571548016e+00
1.4700000000e+01   2.7425506254e+00
1.4720000000e+01   2.5524406316e+00
1.4740000000e+01   2.1422408996e+00
1.4760000000e+01   1.9698393102e+00
1.4780000000e+01   2.5189379337e+00
1.4800000000e+01   2.7503540972e+00
1.4820000000e+01   2.8926545670e+00
1.4840000000e+01   2.9892006090e+00
1.4860000000e+01   3.0558424290e+00
1.4880000000e+01   3.0998345562e+00
1.4900000000e+01   3.1247045734e+00
1.4920000000e+01   3.1319025357e+00
1.4940000000e+01   3.1213527225e+00
1.4960000000e+01   3.0914265929e+00
1.4980000000e+01   3.0383139259e+00
1.5000000000e+01   2.9541870746e+00
1.5020000000e+01   2.8216887888e+00
1.5040000000e+01   2.5915171236e+00
1.5060000000e+01   1.9596384213e+00
1.5080000000e+01   2.3488785704e+00
1.5100000000e+01   2.7328121627e+00
1.5120000000e+01   2.9282085340e+00
1.5140000000e+01   3.0537090015e+00
1.5160000000e+01   3.1398798332e+00
1.5180000000e+01   3.1989760844e+00
1.5200000000e+01   3.2368043074e+00
1.5220000000e+01   3.2561428933e+00
1.5240000000e+01   3.2579419532e+00
1.5260000000e+01   3.2416724678e+00
1.5280000000e+01   3.2051356539e+00
1.5300000000e+01   3.1435679511e+00
1.5320000000e+01   3.0471077173e+00
1.5340000000e+01   2.8926731161e+00
1.5360000000e+01   2.6050084542e+00
1.5380000000e+01   8.1608759672e-01
1.5400000000e+01   2.6346323298e+00
1.5420000000e+01   2.9315821645e+00
1.5440000000e+01   3.0998151177e+00
1.5460000000e+01   3.2111933762e+00
1.5480000000e+01   3.2881162504e+00
1.5500000000e+01   3.3402132834e+00
1.5520000000e+01   3.3721426300e+00
1.5540000000e+01   3.3860420276e+00
1.5560000000e+01   3.3823938286e+00
1.5580000000e+01   3.3601985655e+00
1.5600000000e+01   3.3166065582e+00
1.5620000000e+01   3.2456779334e+00
1.5640000000e+01   3.1348394013e+00
1.5660000000e+01   2.9524679309e+00
1.5680000000e+01   2.5727713194e+00
1.5700000000e+01   2.2643612349e+00
1.5720000000e+01   2.8781069806e+00
1.5740000000e+01   3.1197706745e+00
1.5760000000e+01   3.2665175024e+00
1.5780000000e+01   3.3657213106e+00
1.5800000000e+01   3.4342600176e+00
1.5820000000e+01   3.4797810438e+00
1.5840000000e+01   3.5060066524e+00
1.5860000000e+01   3.5145105947e+00
1.5880000000e+01   3.5053229421e+00
1.5900000000e+01   3.4769408222e+00
1.5920000000e+01   3.4257541984e+00
1.5940000000e+01   3.3443431679e+00
1.5960000000e+01   3.2164278452e+00
1.5980000000e+01   2.9969893196e+00
1.6000000000e+01   2.4384626527e+00
1.6020000000e+01   2.6838908104e+00
1.6040000000e+01   3.0967189145e+00
1.6060000000e+01   3.2997168570e+00
1.6080000000e+01   3.4289538517e+00
1.6100000000e+01   3.5175020112e+00
1.6120000000e+01   3.5783641871e+00
1.6140000000e+01   3.6176586297e+00
1.6160000000e+01   3.6383297865e+00
1.6180000000e+01   3.6414423509e+00
1.6200000000e+01   3.6265752760e+00
1.6220000000e+01   3.5916705495e+00
1.6240000000e+01   3.5322068390e+00
1.6260000000e+01   3.4388535840e+00
1.6280000000e+01   3.2900799131e+00
1.6300000000e+01   3.0182199370e+00
1.6320000000e+01   1.7628337852e+00
1.6340000000e+01   2.9854688892e+00
1.6360000000e+01   3.2992114074e+00
1.6380000000e+01   3.4732872970e+00
1.6400000000e+01   3.5878353547e+00
1.6420000000e+01   3.6668902268e+00
1.6440000000e+01   3.7206332188e+00
1.6460000000e+01   3.7539715978e+00
1.6480000000e+01   3.7691864137e+00
1.6500000000e+01   3.7668686074e+00
1.6520000000e+01   3.7461324373e+00
1.6540000000e+01   3.7042911594e+00
1.6560000000e+01   3.6357077672e+00
1.6580000000e+01   3.5285276873e+00
1.6600000000e+01   3.3534935602e+00
1.6620000000e+01   3.0004395269e+00
1.6640000000e+01   2.5365880357e+00
1.6660000000e+01   3.2371641383e+00
1.6680000000e+01   3.4901059207e+00
1.6700000000e+01   3.6415707894e+00
1.6720000000e+01   3.7435436790e+00
1.6740000000e+01   3.8140345771e+00
1.6760000000e+01   3.8611140751e+00
1.6780000000e+01   3.8887102831e+00
1.6800000000e+01   3.8985249551e+00
1.6820000000e+01   3.8906947411e+00
1.6840000000e+01   3.8638400092e+00
1.6860000000e+01   3.8145428232e+00
1.6880000000e+01   3.7357674007e+00
1.6900000000e+01   3.6122265647e+00
1.6920000000e+01   3.4026895272e+00
1.6940000000e+01   2.9010669268e+00
1.6960000000e+01   3.0145530713e+00
1.6980000000e+01   3.4612318258e+00
1.7000000000e+01   3.6723667064e+00
1.7020000000e+01   3.8054977295e+00
1.7040000000e+01   3.8964888475e+00
1.7060000000e+01   3.9591491343e+00
1.7080000000e+01   3.9999264411e+00
1.7100000000e+01   4.0219379150e+00
1.7120000000e+01   4.0263651838e+00
1.7140000000e+01   4.0128950272e+00
1.7160000000e+01   3.9796071770e+00
1.7180000000e+01   3.9222132804e+00
1.7200000000e+01   3.8318847768e+00
1.7220000000e+01   3.6885205827e+00
1.7240000000e+01   3.4310746078e+00
1.7260000000e+01   2.5059341483e+00
1.7280000000e+01   3.3347699270e+00
1.7300000000e+01   3.6674833336e+00
1.7320000000e+01   3.8478019450e+00
1.7340000000e+01   3.9656619794e+00
1.7360000000e+01   4.0469146542e+00
1.7380000000e+01   4.1023378150e+00
1.7400000000e+01   4.1371030662e+00
1.7420000000e+01   4.1536406511e+00
1.7440000000e+01   4.1526518974e+00
1.7460000000e+01   4.1333636711e+00
1.7480000000e+01   4.0932469297e+00
1.7500000000e+01   4.0269524226e+00
1.7520000000e+01   3.9232952567e+00
1.7540000000e+01   3.7551558607e+00
1.7560000000e+01   3.4253594609e+00
1.7580000000e+01   2.7712651504e+00
1.7600000000e+01   3.5960425341e+00
1.7620000000e+01   3.8613178466e+00
1.7640000000e+01   4.0177478299e+00
1.7660000000e+01   4.1225837737e+00
1.7680000000e+01   4.1950711327e+00
1.7700000000e+01   4.2437318915e+00
1.7720000000e+01   4.2727099776e+00
1.7740000000e+01   4.2838389010e+00
1.7760000000e+01   4.2773626195e+00
1.7780000000e+01   4.2520228153e+00
1.7800000000e+01   4.2045870794e+00
1.7820000000e+01   4.1283843204e+00
1.7840000000e+01   4.0090502167e+00
1.7860000000e+01   3.8087427503e+00
1.7880000000e+01   3.3532360672e+00
1.7900000000e+01   3.3385872775e+00
1.7920000000e+01   3.8259484001e+00
1.7940000000e+01   4.0458821436e+00
1.7960000000e+01   4.1831023759e+00
1.7980000000e+01   4.2766191586e+00
1.8000000000e+01   4.3411188311e+00
1.8020000000e+01   4.3834006192e+00
1.8040000000e+01   4.4067625007e+00
1.8060000000e+01   4.4125059638e+00
1.8080000000e+01   4.4004255531e+00
1.8100000000e+01   4.3687354099e+00
1.8120000000e+01   4.3133701581e+00
1.8140000000e+01   4.2259730542e+00
1.8160000000e+01   4.0877542810e+00
1.8180000000e+01   3.8434337289e+00
1.8200000000e+01   3.0855664130e+00
1.8220000000e+01   3.6821077349e+00
1.8240000000e+01   4.0362999460e+00
1.8260000000e+01   4.2232646362e+00
1.8280000000e+01   4.3445711851e+00
1.8300000000e+01   4.4280813384e+00
1.8320000000e+01   4.4852147709e+00
1.8340000000e+01   4.5214222667e+00
1.8360000000e+01   4.5392888693e+00
1.8380000000e+01   4.5396280253e+00
1.8400000000e+01   4.5217782934e+00
1.8420000000e+01   4.4833637824e+00
1.8440000000e+01   4.4193098038e+00
1.8460000000e+01   4.3190585638e+00
1.8480000000e+01   4.1574348407e+00
1.8500000000e+01   3.8482249502e+00
1.8520000000e+01   2.9243606592e+00
1.8540000000e+01   3.9542857193e+00
1.8560000000e+01   4.2331697468e+00
1.8580000000e+01   4.3948526225e+00
1.8600000000e+01   4.5026605915e+00
1.8620000000e+01   4.5771959190e+00
1.8640000000e+01   4.6274645843e+00
1.8660000000e+01   4.6578377975e+00
1.8680000000e+01   4.6702851623e+00
1.8700000000e+01   4.6651588728e+00
1.8720000000e+01   4.6413199810e+00
1.8740000000e+01   4.5957148773e+00
1.8760000000e+01   4.5220177317e+00
1.8780000000e+01   4.4067199006e+00
1.8800000000e+01   4.2150089149e+00
1.8820000000e+01   3.7977028731e+00
1.8840000000e+01   3.6534813145e+00
1.8860000000e+01   4.1907037002e+00
1.8880000000e+01   4.4201514309e+00
1.8900000000e+01   4.5616585153e+00
1.8920000000e+01   4.6577816447e+00
1.8940000000e+01   4.7241599740e+00
1.8960000000e+01   4.7679664660e+00
1.8980000000e+01   4.7926881032e+00
1.9000000000e+01   4.7997491697e+00
1.9020000000e+01   4.7890520224e+00
1.9040000000e+01   4.7589422181e+00
1.9060000000e+01   4.7055683068e+00
1.9080000000e+01   4.6210182660e+00
1.9100000000e+01   4.4877094032e+00
1.9120000000e+01   4.2554211225e+00
1.9140000000e+01   3.6063682023e+00
1.9160000000e+01   4.0266301223e+00
1.9180000000e+01   4.4054344316e+00
1.9200000000e+01   4.5995058055e+00
1.9220000000e+01   4.7244091692e+00
1.9240000000e+01   4.8102430039e+00
1.9260000000e+01   4.8691200517e+00
1.9280000000e+01   4.9067868470e+00
1.9300000000e+01   4.9259894738e+00
1.9320000000e+01   4.9276554826e+00
1.9340000000e+01   4.9112343043e+00
1.9360000000e+01   4.8744987046e+00
1.9380000000e+01   4.8126356510e+00
1.9400000000e+01   4.7156738792e+00
1.9420000000e+01   4.5602064709e+00
1.9440000000e+01   4.2693309678e+00
1.9460000000e+01   2.7713770106e+00
1.9480000000e+01   4.3115794291e+00
1.9500000000e+01   4.6055334663e+00
1.9520000000e+01   4.7727736369e+00
1.9540000000e+01   4.8836646872e+00
1.9560000000e+01   4.9602992979e+00
1.9580000000e+01   5.0122020319e+00
1.9600000000e+01   5.0439832823e+00
1.9620000000e+01   5.0577532156e+00
1.9640000000e+01   5.0539732929e+00
1.9660000000e+01   5.0316221924e+00
1.9680000000e+01   4.9878188968e+00
1.9700000000e+01   4.9165650220e+00
1.9720000000e+01   4.8051471613e+00
1.9740000000e+01   4.6214728098e+00
1.9760000000e+01   4.2364818443e+00
1.9780000000e+01   3.9548999608e+00
1.9800000000e+01   4.5552350750e+00
1.9820000000e+01   4.7950189142e+00
1.9840000000e+01   4.9410308984e+00
1.9860000000e+01   5.0398479909e+00
1.9880000000e+01   5.1081473301e+00
1.9900000000e+01   5.1535002958e+00
1.9920000000e+01   5.1795918111e+00
1.9940000000e+01   5.1879721944e+00
1.9960000000e+01   5.1786518062e+00
1.9980000000e+01   5.1501047483e+00
2.0000000000e+01   5.0986847626e+00
2.0020000000e+01   5.0168988525e+00
2.0040000000e+01   4.8882758962e+00
2.0060000000e+01   4.6670500232e+00
2.0080000000e+01   4.0966178943e+00
2.0100000000e+01   4.3674242525e+00
2.0120000000e+01   4.7747305795e+00
2.0140000000e+01   4.9764125639e+00
2.0160000000e+01   5.1050703192e+00
2.0180000000e+01   5.1932956622e+00
2.0200000000e+01   5.2539500160e+00
2.0220000000e+01   5.2930932240e+00
2.0240000000e+01   5.3136389477e+00
2.0260000000e+01   5.3166309666e+00
2.0280000000e+01   5.3016289136e+00
2.0300000000e+01   5.2665500368e+00
2.0320000000e+01   5.2068309698e+00
2.0340000000e+01   5.1130498782e+00
2.0360000000e+01   4.9634123567e+00
2.0380000000e+01   4.6889937024e+00
2.0400000000e+01   3.3284602271e+00
2.0420000000e+01   4.6674957071e+00
2.0440000000e+01   4.9782536473e+00
2.0460000000e+01   5.1513877217e+00
2.0480000000e+01   5.2654816344e+00
2.0500000000e+01   5.3442702293e+00
2.0520000000e+01   5.3978347795e+00
2.0540000000e+01   5.4310377860e+00
2.0560000000e+01   5.4461348254e+00
2.0580000000e+01   5.4436978343e+00
2.0600000000e+01   5.4228215166e+00
2.0620000000e+01   5.3807915185e+00
2.0640000000e+01   5.3119200427e+00
2.0660000000e+01   5.2042330989e+00
2.0680000000e+01   5.0280855204e+00
2.0700000000e+01   4.6708431476e+00
2.0720000000e+01   4.2355292012e+00
2.0740000000e+01   4.9193163813e+00
2.0760000000e+01   5.1703674288e+00
2.0780000000e+01   5.3211178539e+00
2.0800000000e+01   5.4227203500e+00
2.0820000000e+01   5.4929842593e+00
2.0840000000e+01   5.5399059234e+00
2.0860000000e+01   5.5673776774e+00
2.0880000000e+01   5.5770793211e+00
2.0900000000e+01   5.5691295539e+00
2.0920000000e+01   5.5421283748e+00
2.0940000000e+01   5.4926265480e+00
2.0960000000e+01   5.4135263404e+00
2.0980000000e+01   5.2893820790e+00
2.1000000000e+01   5.0783683649e+00
2.1020000000e+01   4.5683282734e+00
2.1040000000e+01   4.7032149843e+00
2.1060000000e+01   5.1440104785e+00
2.1080000000e+01   5.3538679364e+00
2.1100000000e+01   5.4864503547e+00
2.1120000000e+01   5.5771392806e+00
2.1140000000e+01   5.6396064502e+00
2.1160000000e+01   5.6802440841e+00
2.1180000000e+01   5.7021404661e+00
2.1200000000e+01   5.7064579489e+00
2.1220000000e+01   5.6928658497e+00
2.1240000000e+01   5.6594219548e+00
2.1260000000e+01   5.6018012332e+00
2.1280000000e+01   5.5110968283e+00
2.1300000000e+01   5.3669871254e+00
2.1320000000e+01   5.1074281072e+00
2.1340000000e+01   4.1458508805e+00
2.1360000000e+01   5.0215760864e+00
2.1380000000e+01   5.3512000108e+00
2.1400000000e+01   5.5305957892e+00
2.1420000000e+01   5.6480193437e+00
2.1440000000e+01   5.7290188629e+00
2.1460000000e+01   5.7842738646e+00
2.1480000000e+01   5.8189127814e+00
2.1500000000e+01   5.8353417629e+00
2.1520000000e+01   5.8342445953e+00
2.1540000000e+01   5.8148305851e+00
2.1560000000e+01   5.7745464880e+00
2.1580000000e+01   5.7079993861e+00
2.1600000000e+01   5.6039037297e+00
2.1620000000e+01   5.4348228395e+00
2.1640000000e+01   5.1017190970e+00
2.1660000000e+01   4.4806103502e+00
2.1680000000e+01   5.2826889342e+00
2.1700000000e+01   5.5460788207e+00
2.1720000000e+01   5.7018220587e+00
2.1740000000e+01   5.8063073152e+00
2.1760000000e+01   5.8785816499e+00
2.1780000000e+01   5.9270953113e+00
2.1800000000e+01   5.9559582432e+00
2.1820000000e+01   5.9669834581e+00
2.1840000000e+01   5.9603984951e+00
2.1860000000e+01   5.9349267986e+00
2.1880000000e+01   5.8873084474e+00
2.1900000000e+01   5.8108188072e+00
2.1920000000e+01   5.6909594015e+00
2.1940000000e+01   5.4894035860e+00
2.1960000000e+01   5.0276339868e+00
2.1980000000e+01   5.0322714152e+00
2.2000000000e+01   5.5131076150e+00
2.2020000000e+01   5.7317723280e+00
2.2040000000e+01   5.8684619513e+00
2.2060000000e+01   5.9616901908e+00
2.2080000000e+01   6.0260070991e+00
2.2100000000e+01   6.0681578377e+00
2.2120000000e+01   6.0914128362e+00
2.2140000000e+01   6.0970555759e+00
2.2160000000e+01   6.0848647027e+00
2.2180000000e+01   6.0530348684e+00
2.2200000000e+01   5.9974687727e+00
2.2220000000e+01   5.9097427711e+00
2.2240000000e+01   5.7708831623e+00
2.2260000000e+01   5.5248185624e+00
2.2280000000e+01   4.7474373827e+00
2.2300000000e+01   5.3732562952e+00
2.2320000000e+01   5.7242405078e+00
2.2340000000e+01   5.9103041328e+00
2.2360000000e+01   6.0311930553e+00
2.2380000000e+01   6.1144635496e+00
2.2400000000e+01   6.1714389978e+00
2.2420000000e+01   6.2075286817e+00
2.2440000000e+01   6.2252948763e+00
2.2460000000e+01   6.2255347830e+00
2.2480000000e+01   6.2075710641e+00
2.2500000000e+01   6.1690063665e+00
2.2520000000e+01   6.1047279512e+00
2.2540000000e+01   6.0040919369e+00
2.2560000000e+01   5.8416595877e+00
2.2580000000e+01   5.5297772658e+00
2.2600000000e+01   4.6525624032e+00
2.2620000000e+01   5.6450788541e+00
2.2640000000e+01   5.9220467860e+00
2.2660000000e+01   6.0830593542e+00
2.2680000000e+01   6.1905305477e+00
2.2700000000e+01   6.2648632781e+00
2.2720000000e+01   6.3149931862e+00
2.2740000000e+01   6.3452587576e+00
2.2760000000e+01   6.3576102350e+00
2.2780000000e+01   6.3523846687e+00
2.2800000000e+01   6.3284267080e+00
2.2820000000e+01   6.2826585243e+00
2.2840000000e+01   6.2087080020e+00
2.2860000000e+01   6.0929529212e+00
2.2880000000e+01   5.9001849832e+00
2.2900000000e+01   5.4781159498e+00
2.2920000000e+01   5.3520389656e+00
2.2940000000e+01   5.8818464864e+00
2.2960000000e+01   6.1100311641e+00
2.2980000000e+01   6.2510251041e+00
2.3000000000e+01   6.3468728459e+00
2.3020000000e+01   6.4130782167e+00
2.3040000000e+01   6.4567616188e+00
2.3060000000e+01   6.4813837095e+00
2.3080000000e+01   6.4883518933e+00
2.3100000000e+01   6.4775539611e+00
2.3120000000e+01   6.4473180123e+00
2.3140000000e+01   6.3937645355e+00
2.3160000000e+01   6.3089237340e+00
2.3180000000e+01   6.1750577901e+00
2.3200000000e+01   5.9413091056e+00
2.3220000000e+01   5.2799598139e+00
2.3240000000e+01   5.7218442518e+00
2.3260000000e+01   6.0972485482e+00
2.3280000000e+01   6.2904292503e+00
2.3300000000e+01   6.4149286905e+00
2.3320000000e+01   6.5005333408e+00
2.3340000000e+01   6.5592605564e+00
2.3360000000e+01   6.5968165477e+00
2.3380000000e+01   6.6159256715e+00
2.3400000000e+01   6.6175003094e+00
2.3420000000e+01   6.6009754155e+00
2.3440000000e+01   6.5641046522e+00
2.3460000000e+01   6.5020417463e+00
2.3480000000e+01   6.4047416330e+00
2.3500000000e+01   6.2485776646e+00
2.3520000000e+01   5.9555231935e+00
2.3540000000e+01   4.5824347957e+00
2.3560000000e+01   6.0061745366e+00
2.3580000000e+01   6.2981682004e+00
2.3600000000e+01   6.4647523368e+00
2.3620000000e+01   6.5753193591e+00
2.3640000000e+01   6.6517609324e+00
2.3660000000e+01   6.7035324719e+00
2.3680000000e+01   6.7352127724e+00
2.3700000000e+01   6.7488936426e+00
2.3720000000e+01   6.7450224987e+00
2.3740000000e+01   6.7225631639e+00
2.3760000000e+01   6.6786131342e+00
2.3780000000e+01   6.6071336826e+00
2.3800000000e+01   6.4953143867e+00
2.3820000000e+01   6.3107359118e+00
2.3840000000e+01   5.9220286567e+00
2.3860000000e+01   5.6585070281e+00
2.3880000000e+01   6.2500448037e+00
2.3900000000e+01   6.4885573065e+00
2.3920000000e+01   6.6340686252e+00
2.3940000000e+01   6.7326207533e+00
2.3960000000e+01   6.8007551604e+00
2.3980000000e+01   6.8459916810e+00
2.4000000000e+01   6.8719898742e+00
2.4020000000e+01   6.8802841148e+00
2.4040000000e+01   6.8708713319e+00
2.4060000000e+01   6.8422099129e+00
2.4080000000e+01   6.7906288390e+00
2.4100000000e+01   6.7085850444e+00
2.4120000000e+01   6.5794760027e+00
2.4140000000e+01   6.3570193574e+00
2.4160000000e+01   5.7781769493e+00
2.4180000000e+01   6.0664471067e+00
2.4200000000e+01   6.4700960327e+00
2.4220000000e+01   6.6708933707e+00
2.4240000000e+01   6.7991591414e+00
2.4260000000e+01   6.8871646562e+00
2.4280000000e+01   6.9476764646e+00
2.4300000000e+01   6.9867150836e+00
2.4320000000e+01   7.0071733541e+00
2.4340000000e+01   7.0100808180e+00
2.4360000000e+01   6.9949838432e+00
2.4380000000e+01   6.9597825604e+00
2.4400000000e+01   6.8998843666e+00
2.4420000000e+01   6.8058037010e+00
2.4440000000e+01   6.6555613969e+00
2.4460000000e+01   6.3793427373e+00
2.4480000000e+01   4.9254187366e+00
2.4500000000e+01   6.3656172343e+00
2.4520000000e+01   6.6743439039e+00
2.4540000000e+01   6.8468308004e+00
2.4560000000e+01   6.9606108022e+00
2.4580000000e+01   7.0392142821e+00
2.4600000000e+01   7.0926540232e+00
2.4620000000e+01   7.1257617981e+00
2.4640000000e+01   7.1407756579e+00
2.4660000000e+01   7.1382544294e+00
2.4680000000e+01   7.1172792887e+00
2.4700000000e+01   7.0751167322e+00
2.4720000000e+01   7.0060436535e+00
2.4740000000e+01   6.8980028235e+00
2.4760000000e+01   6.7210775663e+00
2.4780000000e+01   6.3608844426e+00
2.4800000000e+01   5.9447460264e+00
2.4820000000e+01   6.6175053285e+00
2.4840000000e+01   6.8672676862e+00
2.4860000000e+01   7.0175274790e+00
2.4880000000e+01   7.1188740904e+00
2.4900000000e+01   7.1889801545e+00
2.4920000000e+01   7.2357912400e+00
2.4940000000e+01   7.2631751354e+00
2.4960000000e+01   7.2727965048e+00
2.4980000000e+01   7.2647615917e+00
2.5000000000e+01   7.2376561645e+00
2.5020000000e+01   7.1880090082e+00
2.5040000000e+01   7.1086787302e+00
2.5060000000e+01   6.9841075788e+00
2.5080000000e+01   6.7720473425e+00
2.5100000000e+01   6.2559320780e+00
2.5120000000e+01   6.4058730121e+00
2.5140000000e+01   6.8426524432e+00
2.5160000000e+01   7.0516242709e+00
2.5180000000e+01   7.1838239206e+00
2.5200000000e+01   7.2743007961e+00
2.5220000000e+01   7.3366316162e+00
2.5240000000e+01   7.3771700045e+00
2.5260000000e+01   7.3989841696e+00
2.5280000000e+01   7.4032230189e+00
2.5300000000e+01   7.3895436449e+00
2.5320000000e+01   7.3559884206e+00
2.5340000000e+01   7.2982064842e+00
2.5360000000e+01   7.2072357016e+00
2.5380000000e+01   7.0625982396e+00
2.5400000000e+01   6.8015381615e+00
2.5420000000e+01   5.8119967713e+00
2.5440000000e+01   6.7229794695e+00
2.5460000000e+01   7.0504757472e+00
2.5480000000e+01   7.2292297113e+00
2.5500000000e+01   7.3463478826e+00
2.5520000000e+01   7.4271691962e+00
2.5540000000e+01   7.4823050004e+00
2.5560000000e+01   7.5168537077e+00
2.5580000000e+01   7.5332046540e+00
2.5600000000e+01   7.5320293222e+00
2.5620000000e+01   7.5125246300e+00
2.5640000000e+01   7.4721201715e+00
2.5660000000e+01   7.4053919551e+00
2.5680000000e+01   7.3009825905e+00
2.5700000000e+01   7.1312281585e+00
2.5720000000e+01   6.7957426546e+00
2.5740000000e+01   6.1970516332e+00
2.5760000000e+01   6.9840109006e+00
2.5780000000e+01   7.2460826558e+00
2.5800000000e+01   7.4013422054e+00
2.5820000000e+01   7.5055790582e+00
2.5840000000e+01   7.5777015874e+00
2.5860000000e+01   7.6261097354e+00
2.5880000000e+01   7.6548895555e+00
2.5900000000e+01   7.6658396097e+00
2.5920000000e+01   7.6591758201e+00
2.5940000000e+01   7.6336086775e+00
2.5960000000e+01   7.5858586597e+00
2.5980000000e+01   7.5091628887e+00
2.6000000000e+01   7.3889268036e+00
2.6020000000e+01   7.1864750142e+00
2.6040000000e+01   6.7201497462e+00
2.6060000000e+01   6.7384565396e+00
2.6080000000e+01   7.2147812017e+00
2.6100000000e+01   7.4325536061e+00
2.6120000000e+01   7.5688677548e+00
2.6140000000e+01   7.6618906215e+00
2.6160000000e+01   7.7260765960e+00
2.6180000000e+01   7.7681327797e+00
2.6200000000e+01   7.7913101531e+00
2.6220000000e+01   7.7968794338e+00
2.6240000000e+01   7.7846079413e+00
2.6260000000e+01   7.7526763743e+00
2.6280000000e+01   7.6969644947e+00
2.6300000000e+01   7.6090004564e+00
2.6320000000e+01   7.4696776517e+00
2.6340000000e+01   7.2223493022e+00
2.6360000000e+01   6.4302257764e+00
2.6380000000e+01   7.0777385344e+00
2.6400000000e+01   7.4264653326e+00
2.6420000000e+01   7.6118885022e+00
2.6440000000e+01   7.7324788572e+00
2.6460000000e+01   7.8155770132e+00
2.6480000000e+01   7.8724381172e+00
2.6500000000e+01   7.9084419680e+00
2.6520000000e+01   7.9261346241e+00
2.6540000000e+01   7.9263016771e+00
2.6560000000e+01   7.9082543838e+00
2.6580000000e+01   7.8695799383e+00
2.6600000000e+01   7.8051381321e+00
2.6620000000e+01   7.7042227826e+00
2.6640000000e+01   7.5412037864e+00
2.6660000000e+01   7.2273730133e+00
2.6680000000e+01   6.3813982435e+00
2.6700000000e+01   7.3493161609e+00
2.6720000000e+01   7.6249244091e+00
2.6740000000e+01   7.7854577555e+00
2.6760000000e+01   7.8926868066e+00
2.6780000000e+01   7.9668729708e+00
2.6800000000e+01   8.0169018051e+00
2.6820000000e+01   8.0470884344e+00
2.6840000000e+01   8.0593692364e+00
2.6860000000e+01   8.0540703701e+00
2.6880000000e+01   8.0300246328e+00
2.6900000000e+01   7.9841366303e+00
2.6920000000e+01   7.9100005851e+00
2.6940000000e+01   7.7939114589e+00
2.6960000000e+01   7.6003711095e+00
2.6980000000e+01   7.1747863415e+00
2.7000000000e+01   7.0617466032e+00
2.7020000000e+01   7.5863367974e+00
2.7040000000e+01   7.8136160856e+00
2.7060000000e+01   7.9542398759e+00
2.7080000000e+01   8.0498878445e+00
2.7100000000e+01   8.1159669584e+00
2.7120000000e+01   8.1595599002e+00
2.7140000000e+01   8.1841083899e+00
2.7160000000e+01   8.1910076534e+00
2.7180000000e+01   8.1801349319e+00
2.7200000000e+01   8.1498056329e+00
2.7220000000e+01   8.0961197853e+00
2.7240000000e+01   8.0110653695e+00
2.7260000000e+01   7.8767908855e+00
2.7280000000e+01   7.6419694737e+00
2.7300000000e+01   6.9713460953e+00
2.7320000000e+01   7.4292358051e+00
2.7340000000e+01   7.8022120492e+00
2.7360000000e+01   7.9947500446e+00
2.7380000000e+01   8.1189563280e+00
2.7400000000e+01   8.2043936682e+00
2.7420000000e+01   8.2630107798e+00
2.7440000000e+01   8.3004847848e+00
2.7460000000e+01   8.3195243253e+00
2.7480000000e+01   8.3210307724e+00
2.7500000000e+01   8.3044285268e+00
2.7520000000e+01   8.2674572703e+00
2.7540000000e+01   8.2052463352e+00
2.7560000000e+01   8.1076963648e+00
2.7580000000e+01   7.9510185618e+00
2.7600000000e+01   7.6563508025e+00
2.7620000000e+01   6.3572098516e+00
2.7640000000e+01   7.7131377688e+00
2.7660000000e+01   8.0037159177e+00
2.7680000000e+01   8.1698227875e+00
2.7700000000e+01   8.2801527623e+00
2.7720000000e+01   8.3564522669e+00
2.7740000000e+01   8.4081266068e+00
2.7760000000e+01   8.4397316263e+00
2.7780000000e+01   8.4533457663e+00
2.7800000000e+01   8.4494061796e+00
2.7820000000e+01   8.4268657926e+00
2.7840000000e+01   8.3828062896e+00
2.7860000000e+01   8.3111591855e+00
2.7880000000e+01   8.1990423276e+00
2.7900000000e+01   8.0137938495e+00
2.7920000000e+01   7.6223118605e+00
2.7940000000e+01   7.3718885061e+00
2.7960000000e+01   7.9571609335e+00
2.7980000000e+01   8.1947484610e+00
2.8000000000e+01   8.3398932290e+00
2.8020000000e+01   8.4382502779e+00
2.8040000000e+01   8.5062624900e+00
2.8060000000e+01   8.5514121463e+00
2.8080000000e+01   8.5773402848e+00
2.8100000000e+01   8.5855696033e+00
2.8120000000e+01   8.5760871561e+00
2.8140000000e+01   8.5473397314e+00
2.8160000000e+01   8.4956379800e+00
2.8180000000e+01   8.4134016840e+00
2.8200000000e+01   8.2839305656e+00
2.8220000000e+01   8.0605563093e+00
2.8240000000e+01   7.4753292402e+00
2.8260000000e+01   7.7766152776e+00
2.8280000000e+01   8.1776113007e+00
2.8300000000e+01   8.3777599260e+00
2.8320000000e+01   8.5057366126e+00
2.8340000000e+01   8.5935790749e+00
2.8360000000e+01   8.6539844689e+00
2.8380000000e+01   8.6929444813e+00
2.8400000000e+01   8.7133366551e+00
2.8420000000e+01   8.7161800388e+00
2.8440000000e+01   8.7010111876e+00
2.8460000000e+01   8.6657175274e+00
2.8480000000e+01   8.6056846990e+00
2.8500000000e+01   8.5113796190e+00
2.8520000000e+01   8.3606849544e+00
2.8540000000e+01   8.0831164165e+00
2.8560000000e+01   6.5428115707e+00
2.8580000000e+01   8.0751408984e+00
2.8600000000e+01   8.3823797104e+00
2.8620000000e+01   8.5543889412e+00
2.8640000000e+01   8.6679359725e+00
2.8660000000e+01   8.7464012473e+00
2.8680000000e+01   8.7997471824e+00
2.8700000000e+01   8.8327829052e+00
2.8720000000e+01   8.8477335188e+00
2.8740000000e+01   8.8451481323e+00
2.8760000000e+01   8.8240978557e+00
2.8780000000e+01   8.7818348905e+00
2.8800000000e+01   8.7126097111e+00
2.8820000000e+01   8.6043026705e+00
2.8840000000e+01   8.4267928351e+00
2.8860000000e+01   8.0643690998e+00
2.8880000000e+01   7.6622556292e+00
2.8900000000e+01   8.3270780992e+00
2.8920000000e+01   8.5758887041e+00
2.8940000000e+01   8.7257838769e+00
2.8960000000e+01   8.8269392710e+00
2.8980000000e+01   8.8969266498e+00
2.9000000000e+01   8.9436540275e+00
2.9020000000e+01   8.9709709985e+00
2.9040000000e+01   8.9805309796e+00
2.9060000000e+01   8.9724309266e+00
2.9080000000e+01   8.9452459596e+00
2.9100000000e+01   8.8954883723e+00
2.9120000000e+01   8.8159839447e+00
2.9140000000e+01   8.6910904609e+00
2.9160000000e+01   8.4782398055e+00
2.9180000000e+01   7.9574765061e+00
2.9200000000e+01   8.1187247172e+00
2.9220000000e+01   8.5525524262e+00
2.9240000000e+01   8.7608657298e+00
2.9260000000e+01   8.8927791539e+00
2.9280000000e+01   8.9830965609e+00
2.9300000000e+01   9.0453241807e+00
2.9320000000e+01   9.0857869413e+00
2.9340000000e+01   9.1075380940e+00
2.9360000000e+01   9.1117164997e+00
2.9380000000e+01   9.0979700845e+00
2.9400000000e+01   9.0643296250e+00
2.9420000000e+01   9.0064247774e+00
2.9440000000e+01   8.9152516307e+00
2.9460000000e+01   8.7702139903e+00
2.9480000000e+01   8.5080137277e+00
2.9500000000e+01   7.4959168837e+00
2.9520000000e+01   8.4349207411e+00
2.9540000000e+01   8.7608367137e+00
2.9560000000e+01   8.9391102528e+00
2.9580000000e+01   9.0559985850e+00
2.9600000000e+01   9.1366849864e+00
2.9620000000e+01   9.1917299532e+00
2.9640000000e+01   9.2262094590e+00
2.9660000000e+01   9.2425002446e+00
2.9680000000e+01   9.2412645484e+00
2.9700000000e+01   9.2216899474e+00
2.9720000000e+01   9.1811930585e+00
2.9740000000e+01   9.1143263408e+00
2.9760000000e+01   9.0096778505e+00
2.9780000000e+01   8.8394106101e+00
2.9800000000e+01   8.5021041305e+00
2.9820000000e+01   7.9198680560e+00
2.9840000000e+01   8.6958899420e+00
2.9860000000e+01   8.9569751758e+00
2.9880000000e+01   9.1118704516e+00
2.9900000000e+01   9.2159192039e+00
2.9920000000e+01   9.2879260739e+00
2.9940000000e+01   9.3362532889e+00
2.9960000000e+01   9.3649689555e+00
2.9980000000e+01   9.3758607548e+00
3.0000000000e+01   9.3691358333e+00
3.0020000000e+01   9.3434948637e+00
3.0040000000e+01   9.2956434270e+00
3.0060000000e+01   9.2187895224e+00
3.0080000000e+01   9.0982652651e+00
3.0100000000e+01   8.8951281993e+00
3.0120000000e+01   8.4252855470e+00
3.0140000000e+01   8.4539486767e+00
3.0160000000e+01   8.9269163827e+00
3.0180000000e+01   9.1440164083e+00
3.0200000000e+01   9.2800460369e+00
3.0220000000e+01   9.3729124072e+00
3.0240000000e+01   9.4369979725e+00
3.0260000000e+01   9.4789811548e+00
3.0280000000e+01   9.5020982500e+00
3.0300000000e+01   9.5076103149e+00
3.0320000000e+01   9.4952760668e+00
3.0340000000e+01   9.4632655760e+00
3.0360000000e+01   9.4074410900e+00
3.0380000000e+01   9.3192938881e+00
3.0400000000e+01   9.1796154568e+00
3.0420000000e+01   8.9313158545e+00
3.0440000000e+01   8.1274973461e+00
3.0460000000e+01   8.7919760050e+00
3.0480000000e+01   9.1390049992e+00
3.0500000000e+01   9.3239426125e+00
3.0520000000e+01   9.4443053896e+00
3.0540000000e+01   9.5272714182e+00
3.0560000000e+01   9.5840442802e+00
3.0580000000e+01   9.6199814513e+00
3.0600000000e+01   9.6376166866e+00
3.0620000000e+01   9.6377267449e+00
3.0640000000e+01   9.6196141772e+00
3.0660000000e+01   9.5808543488e+00
3.0680000000e+01   9.5162859794e+00
3.0700000000e+01   9.4151550055e+00
3.0720000000e+01   9.2516838693e+00
3.0740000000e+01   8.9363468419e+00
3.0760000000e+01   8.1131365362e+00
3.0780000000e+01   9.0633680703e+00
3.0800000000e+01   9.3379458278e+00
3.0820000000e+01   9.4981136871e+00
3.0840000000e+01   9.6051570671e+00
3.0860000000e+01   9.6792301645e+00
3.0880000000e+01   9.7291805030e+00
3.0900000000e+01   9.7593054355e+00
3.0920000000e+01   9.7715307686e+00
3.0940000000e+01   9.7661743330e+00
3.0960000000e+01   9.7420598347e+00
3.0980000000e+01   9.6960783712e+00
3.1000000000e+01   9.6217982294e+00
3.1020000000e+01   9.5054504372e+00
3.1040000000e+01   9.3113124086e+00
3.1060000000e+01   8.8829881743e+00
3.1080000000e+01   8.7799068383e+00
3.1100000000e+01   9.3005729872e+00
3.1120000000e+01   9.5271616817e+00
3.1140000000e+01   9.6675015588e+00
3.1160000000e+01   9.7629954484e+00
3.1180000000e+01   9.8289765689e+00
3.1200000000e+01   9.8724988265e+00
3.1220000000e+01   9.8969894678e+00
3.1240000000e+01   9.9038343882e+00
3.1260000000e+01   9.8929027222e+00
3.1280000000e+01   9.8625000959e+00
3.1300000000e+01   9.8087107334e+00
3.1320000000e+01   9.7234899406e+00
3.1340000000e+01   9.5888980614e+00
3.1360000000e+01   9.3532429150e+00
3.1380000000e+01   8.6752668030e+00
3.1400000000e+01   9.1456697892e+00
3.1420000000e+01   9.5167984311e+00
3.1440000000e+01   9.7088432817e+00
3.1460000000e+01   9.8328234273e+00
3.1480000000e+01   9.9181309642e+00
3.1500000000e+01   9.9766620969e+00
3.1520000000e+01   1.0014071654e+01
3.1540000000e+01   1.0033056213e+01
3.1560000000e+01   1.0034508667e+01
3.1580000000e+01   1.0017845270e+01
3.1600000000e+01   9.9807948784e+00
3.1620000000e+01   9.9184679006e+00
3.1640000000e+01   9.8207227876e+00
3.1660000000e+01   9.6636444350e+00
3.1680000000e+01   9.3677164469e+00
3.1700000000e+01   8.1187890922e+00
3.1720000000e+01   9.4292445180e+00
3.1740000000e+01   9.7187373828e+00
3.1760000000e+01   9.8844759988e+00
3.1780000000e+01   9.9946220956e+00
3.1800000000e+01   1.0070810736e+01
3.1820000000e+01   1.0122408719e+01
3.1840000000e+01   1.0153954223e+01
3.1860000000e+01   1.0167515377e+01
3.1880000000e+01   1.0163521397e+01
3.1900000000e+01   1.0140916756e+01
3.1920000000e+01   1.0096770844e+01
3.1940000000e+01   1.0024991992e+01
3.1960000000e+01   9.9126420684e+00
3.1980000000e+01   9.7268694060e+00
3.2000000000e+01   9.3332053424e+00
3.2020000000e+01   9.0928613612e+00
3.2040000000e+01   9.6733775753e+00
3.2060000000e+01   9.9102514648e+00
3.2080000000e+01   1.0055111856e+01
3.2100000000e+01   1.0153316733e+01
3.2120000000e+01   1.0221233030e+01
3.2140000000e+01   1.0266314045e+01
3.2160000000e+01   1.0292186497e+01
3.2180000000e+01   1.0300364036e+01
3.2200000000e+01   1.0290826044e+01
3.2220000000e+01   1.0262010271e+01
3.2240000000e+01   1.0210213055e+01
3.2260000000e+01   1.0127825117e+01
3.2280000000e+01   9.9980695732e+00
3.2300000000e+01   9.7739745965e+00
3.2320000000e+01   9.1836645183e+00
3.2340000000e+01   9.4951695281e+00
3.2360000000e+01   9.8941251394e+00
3.2380000000e+01   1.0093770441e+01
3.2400000000e+01   1.0221521648e+01
3.2420000000e+01   1.0309236211e+01
3.2440000000e+01   1.0369557592e+01
3.2460000000e+01   1.0408455134e+01
3.2480000000e+01   1.0428794499e+01
3.2500000000e+01   1.0431586572e+01
3.2520000000e+01   1.0416360248e+01
3.2540000000e+01   1.0380993010e+01
3.2560000000e+01   1.0320853444e+01
3.2580000000e+01   1.0226371143e+01
3.2600000000e+01   1.0075320040e+01
3.2620000000e+01   9.7966864713e+00
3.2640000000e+01   8.1734162707e+00
3.2660000000e+01   9.7931988086e+00
3.2680000000e+01   1.0099284477e+01
3.2700000000e+01   1.0270921106e+01
3.2720000000e+01   1.0384285453e+01
3.2740000000e+01   1.0462641712e+01
3.2760000000e+01   1.0515913162e+01
3.2780000000e+01   1.0548891307e+01
3.2800000000e+01   1.0563791152e+01
3.2820000000e+01   1.0561154211e+01
3.2840000000e+01   1.0540043704e+01
3.2860000000e+01   1.0497700599e+01
3.2880000000e+01   1.0428354576e+01
3.2900000000e+01   1.0319836776e+01
3.2920000000e+01   1.0141864827e+01
3.2940000000e+01   9.7776711172e+00
3.2960000000e+01   9.3864129889e+00
3.2980000000e+01   1.0045166832e+01
3.3000000000e+01   1.0293235297e+01
3.3020000000e+01   1.0442844572e+01
3.3040000000e+01   1.0543849225e+01
3.3060000000e+01   1.0613742463e+01
3.3080000000e+01   1.0660402999e+01
3.3100000000e+01   1.0687666209e+01
3.3120000000e+01   1.0697176704e+01
3.3140000000e+01   1.0689024146e+01
3.3160000000e+01   1.0661775275e+01
3.3180000000e+01   1.0611929374e+01
3.3200000000e+01   1.0532286286e+01
3.3220000000e+01   1.0407136940e+01
3.3240000000e+01   1.0193659240e+01
3.3260000000e+01   9.6691730826e+00
3.3280000000e+01   9.8393507367e+00
3.3300000000e+01   1.0270885753e+01
3.3320000000e+01   1.0478682765e+01
3.3340000000e+01   1.0610370610e+01
3.3360000000e+01   1.0700561633e+01
3.3380000000e+01   1.0762706939e+01
3.3400000000e+01   1.0803108978e+01
3.3420000000e+01   1.0824809264e+01
3.3440000000e+01   1.0828938759e+01
3.3460000000e+01   1.0815138163e+01
3.3480000000e+01   1.0781429086e+01
3.3500000000e+01   1.0723425756e+01
3.3520000000e+01   1.0632091131e+01
3.3540000000e+01   1.0486734964e+01
3.3560000000e+01   1.0223626562e+01
3.3580000000e+01   9.1926669208e+00
3.3600000000e+01   1.0154839913e+01
3.3620000000e+01   1.0479518733e+01
3.3640000000e+01   1.0657413682e+01
3.3660000000e+01   1.0774119954e+01
3.3680000000e+01   1.0854698863e+01
3.3700000000e+01   1.0909670978e+01
3.3720000000e+01   1.0944094627e+01
3.3740000000e+01   1.0960336629e+01
3.3760000000e+01   1.0959051923e+01
3.3780000000e+01   1.0939420691e+01
3.3800000000e+01   1.0898849254e+01
3.3820000000e+01   1.0831871354e+01
3.3840000000e+01   1.0727031620e+01
3.3860000000e+01   1.0556355008e+01
3.3880000000e+01   1.0217590962e+01
3.3900000000e+01   9.6481264581e+00
3.3920000000e+01   1.0415753470e+01
3.3940000000e+01   1.0676061762e+01
3.3960000000e+01   1.0830668553e+01
3.3980000000e+01   1.0934567549e+01
3.4000000000e+01   1.1006481775e+01
3.4020000000e+01   1.1054743729e+01
3.4040000000e+01   1.1083407352e+01
3.4060000000e+01   1.1094251720e+01
3.4080000000e+01   1.1087477021e+01
3.4100000000e+01   1.1061776124e+01
3.4120000000e+01   1.1013842748e+01
3.4140000000e+01   1.0936861660e+01
3.4160000000e+01   1.0816106393e+01
3.4180000000e+01   1.0612420540e+01
3.4200000000e+01   1.0139741442e+01
3.4220000000e+01   1.0176634464e+01
3.4240000000e+01   1.0646971302e+01
3.4260000000e+01   1.0863539006e+01
3.4280000000e+01   1.0999342210e+01
3.4300000000e+01   1.1092083352e+01
3.4320000000e+01   1.1156088060e+01
3.4340000000e+01   1.1198012066e+01
3.4360000000e+01   1.1221080030e+01
3.4380000000e+01   1.1226545339e+01
3.4400000000e+01   1.1214159863e+01
3.4420000000e+01   1.1182085192e+01
3.4440000000e+01   1.1126169575e+01
3.4460000000e+01   1.1037874773e+01
3.4480000000e+01   1.0897910555e+01
3.4500000000e+01   1.0648830362e+01
3.4520000000e+01   9.8353731299e+00
3.4540000000e+01   1.0513680366e+01
3.4560000000e+01   1.0859367724e+01
3.4580000000e+01   1.1043919031e+01
3.4600000000e+01   1.1164099820e+01
3.4620000000e+01   1.1246959580e+01
3.4640000000e+01   1.1303661007e+01
3.4660000000e+01   1.1339543850e+01
3.4680000000e+01   1.1357132079e+01
3.4700000000e+01   1.1357195413e+01
3.4720000000e+01   1.1339029446e+01
3.4740000000e+01   1.1300200071e+01
3.4760000000e+01   1.1235529106e+01
3.4780000000e+01   1.1134224026e+01
3.4800000000e+01   1.0970388590e+01
3.4820000000e+01   1.0653835758e+01
3.4840000000e+01   9.8482036849e+00
3.4860000000e+01   1.0784919282e+01
3.4880000000e+01   1.1058677882e+01
3.4900000000e+01   1.1218553582e+01
3.4920000000e+01   1.1325447765e+01
3.4940000000e+01   1.1399429459e+01
3.4960000000e+01   1.1449315921e+01
3.4980000000e+01   1.1479390341e+01
3.5000000000e+01   1.1491570086e+01
3.5020000000e+01   1.1486166324e+01
3.5040000000e+01   1.1461995469e+01
3.5060000000e+01   1.1415937762e+01
3.5080000000e+01   1.1341540618e+01
3.5100000000e+01   1.1224983530e+01
3.5120000000e+01   1.1030362561e+01
3.5140000000e+01   1.0599813551e+01
3.5160000000e+01   1.0504694512e+01
3.5180000000e+01   1.1022260658e+01
3.5200000000e+01   1.1248297581e+01
3.5220000000e+01   1.1388409447e+01
3.5240000000e+01   1.1483778923e+01
3.5260000000e+01   1.1549680421e+01
3.5280000000e+01   1.1593144865e+01
3.5300000000e+01   1.1617587928e+01
3.5320000000e+01   1.1624388028e+01
3.5340000000e+01   1.1613407791e+01
3.5360000000e+01   1.1582944967e+01
3.5380000000e+01   1.1529071036e+01
3.5400000000e+01   1.1443714919e+01
3.5420000000e+01   1.1308865658e+01
3.5440000000e+01   1.1072534676e+01
3.5460000000e+01   1.0388504362e+01
3.5480000000e+01   1.0869097932e+01
3.5500000000e+01   1.1238753798e+01
3.5520000000e+01   1.1430402771e+01
3.5540000000e+01   1.1554200463e+01
3.5560000000e+01   1.1639402675e+01
3.5580000000e+01   1.1697863593e+01
3.5600000000e+01   1.1735220178e+01
3.5620000000e+01   1.1754159324e+01
3.5640000000e+01   1.1755567110e+01
3.5660000000e+01   1.1738853221e+01
3.5680000000e+01   1.1701737769e+01
3.5700000000e+01   1.1639315852e+01
3.5720000000e+01   1.1541411739e+01
3.5740000000e+01   1.1384007806e+01
3.5760000000e+01   1.1087054369e+01
3.5780000000e+01   9.8751457064e+00
3.5800000000e+01   1.1152405872e+01
3.5820000000e+01   1.1441028462e+01
3.5840000000e+01   1.1606470113e+01
3.5860000000e+01   1.1716467163e+01
3.5880000000e+01   1.1792565405e+01
3.5900000000e+01   1.1844100717e+01
3.5920000000e+01   1.1875597072e+01
3.5940000000e+01   1.1889114295e+01
3.5960000000e+01   1.1885075197e+01
3.5980000000e+01   1.1862417411e+01
3.6000000000e+01   1.1818200362e+01
3.6020000000e+01   1.1746313567e+01
3.6040000000e+01   1.1633773391e+01
3.6060000000e+01   1.1447573562e+01
3.6080000000e+01   1.1052124797e+01
3.6100000000e+01   1.0819884545e+01
3.6120000000e+01   1.1396617375e+01
3.6140000000e+01   1.1632916156e+01
3.6160000000e+01   1.1777546197e+01
3.6180000000e+01   1.1875627151e+01
3.6200000000e+01   1.1943464856e+01
3.6220000000e+01   1.1988489257e+01
3.6240000000e+01   1.2014315519e+01
3.6260000000e+01   1.2022449981e+01
3.6280000000e+01   1.2012865811e+01
3.6300000000e+01   1.1983993423e+01
3.6320000000e+01   1.1932117515e+01
3.6340000000e+01   1.1849605149e+01
3.6360000000e+01   1.1719616972e+01
3.6380000000e+01   1.1494932982e+01
3.6400000000e+01   1.0900424703e+01
3.6420000000e+01   1.1220276763e+01
3.6440000000e+01   1.1617592705e+01
3.6460000000e+01   1.1816830534e+01
3.6480000000e+01   1.1944398287e+01
3.6500000000e+01   1.2032008206e+01
3.6520000000e+01   1.2092260411e+01
3.6540000000e+01   1.2131106181e+01
3.6560000000e+01   1.2151401565e+01
3.6580000000e+01   1.2154150823e+01
3.6600000000e+01   1.2138876628e+01
3.6620000000e+01   1.2103448365e+01
3.6640000000e+01   1.2043220705e+01
3.6660000000e+01   1.1948592762e+01
3.6680000000e+01   1.1797249509e+01
3.6700000000e+01   1.1517742602e+01
3.6720000000e+01   9.8120925240e+00
3.6740000000e+01   1.1517901991e+01
3.6760000000e+01   1.1823055373e+01
3.6780000000e+01   1.1994389037e+01
3.6800000000e+01   1.2107604088e+01
3.6820000000e+01   1.2185870733e+01
3.6840000000e+01   1.2239080556e+01
3.6860000000e+01   1.2272010766e+01
3.6880000000e+01   1.2286868172e+01
3.6900000000e+01   1.2284188105e+01
3.6920000000e+01   1.2263027349e+01
3.6940000000e+01   1.2220617697e+01
3.6960000000e+01   1.2151171815e+01
3.6980000000e+01   1.2042480527e+01
3.7000000000e+01   1.1864128941e+01
3.7020000000e+01   1.1498477440e+01
3.7040000000e+01   1.1115985197e+01
3.7060000000e+01   1.1769885672e+01
3.7080000000e+01   1.2017351199e+01
3.7100000000e+01   1.2166727013e+01
3.7120000000e+01   1.2267607924e+01
3.7140000000e+01   1.2337423411e+01
3.7160000000e+01   1.2384028380e+01
3.7180000000e+01   1.2411246642e+01
3.7200000000e+01   1.2420715632e+01
3.7220000000e+01   1.2412519059e+01
3.7240000000e+01   1.2385216803e+01
3.7260000000e+01   1.2335297488e+01
3.7280000000e+01   1.2255539670e+01
3.7300000000e+01   1.2130179341e+01
3.7320000000e+01   1.1916185184e+01
3.7340000000e+01   1.1388609933e+01
3.7360000000e+01   1.1566113145e+01
3.7380000000e+01   1.1995791952e+01
3.7400000000e+01   1.2203167656e+01
3.7420000000e+01   1.2334670511e+01
3.7440000000e+01   1.2424757321e+01
3.7460000000e+01   1.2486834324e+01
3.7480000000e+01   1.2527185650e+01
3.7500000000e+01   1.2548843238e+01
3.7520000000e+01   1.2552931593e+01
3.7540000000e+01   1.2539085494e+01
3.7560000000e+01   1.2505319029e+01
3.7580000000e+01   1.2447233744e+01
3.7600000000e+01   1.2355765330e+01
3.7620000000e+01   1.2210146010e+01
3.7640000000e+01   1.1946287387e+01
3.7660000000e+01   1.0899093342e+01
3.7680000000e+01   1.1881025834e+01
3.7700000000e+01   1.2204696738e+01
3.7720000000e+01   1.2382281449e+01
3.7740000000e+01   1.2498837781e+01
3.7760000000e+01   1.2579327653e+01
3.7780000000e+01   1.2634239033e+01
3.7800000000e+01   1.2668615827e+01
3.7820000000e+01   1.2684816731e+01
3.7840000000e+01   1.2683490700e+01
3.7860000000e+01   1.2663811838e+01
3.7880000000e+01   1.2623177989e+01
3.7900000000e+01   1.2556107465e+01
3.7920000000e+01   1.2451109052e+01
3.7940000000e+01   1.2280093539e+01
3.7960000000e+01   1.1940120800e+01
3.7980000000e+01   1.1380990824e+01
3.8000000000e+01   1.2141885265e+01
3.8020000000e+01   1.2401557514e+01
3.8040000000e+01   1.2555926931e+01
3.8060000000e+01   1.2659702064e+01
3.8080000000e+01   1.2731539202e+01
3.8100000000e+01   1.2779746501e+01
3.8120000000e+01   1.2808366285e+01
3.8140000000e+01   1.2819170565e+01
3.8160000000e+01   1.2812353807e+01
3.8180000000e+01   1.2786602446e+01
3.8200000000e+01   1.2738600405e+01
3.8220000000e+01   1.2661513246e+01
3.8240000000e+01   1.2540566010e+01
3.8260000000e+01   1.2336424790e+01
3.8280000000e+01   1.1861379621e+01
3.8300000000e+01   1.1905056593e+01
3.8320000000e+01   1.2373248825e+01
3.8340000000e+01   1.2589378871e+01
3.8360000000e+01   1.2724995005e+01
3.8380000000e+01   1.2817632122e+01
3.8400000000e+01   1.2881569245e+01
3.8420000000e+01   1.2923443469e+01
3.8440000000e+01   1.2946469888e+01
3.8460000000e+01   1.2951895570e+01
3.8480000000e+01   1.2939466735e+01
3.8500000000e+01   1.2907337963e+01
3.8520000000e+01   1.2851345909e+01
3.8540000000e+01   1.2762927865e+01
3.8560000000e+01   1.2622725759e+01
3.8580000000e+01   1.2372996126e+01
3.8600000000e+01   1.1551351832e+01
3.8620000000e+01   1.2241299581e+01
3.8640000000e+01   1.2585886003e+01
3.8660000000e+01   1.2770118412e+01
3.8680000000e+01   1.2890148226e+01
3.8700000000e+01   1.2972919328e+01
3.8720000000e+01   1.3029560776e+01
3.8740000000e+01   1.3065397720e+01
3.8760000000e+01   1.3082946060e+01
3.8780000000e+01   1.3082969698e+01
3.8800000000e+01   1.3064758472e+01
3.8820000000e+01   1.3025870420e+01
3.8840000000e+01   1.2961113324e+01
3.8860000000e+01   1.2859662690e+01
3.8880000000e+01   1.2695523450e+01
3.8900000000e+01   1.2377955719e+01
3.8920000000e+01   1.1586491896e+01
3.8940000000e+01   1.2512404569e+01
3.8960000000e+01   1.2785487728e+01
3.8980000000e+01   1.2945121293e+01
3.9000000000e+01   1.3051891195e+01
3.9020000000e+01   1.3125796298e+01
3.9040000000e+01   1.3175628890e+01
3.9060000000e+01   1.3205660460e+01
3.9080000000e+01   1.3217801398e+01
3.9100000000e+01   1.3212357350e+01
3.9120000000e+01   1.3188138675e+01
3.9140000000e+01   1.3142016589e+01
3.9160000000e+01   1.3067521127e+01
3.9180000000e+01   1.2950788827e+01
3.9200000000e+01   1.2755764284e+01
3.9220000000e+01   1.2323349102e+01
3.9240000000e+01   1.2234824367e+01
3.9260000000e+01   1.2749847934e+01
3.9280000000e+01   1.2975427981e+01
3.9300000000e+01   1.3115350134e+01
3.9320000000e+01   1.3210615542e+01
3.9340000000e+01   1.3276450028e+01
3.9360000000e+01   1.3319865505e+01
3.9380000000e+01   1.3344268055e+01
3.9400000000e+01   1.3351029897e+01
3.9420000000e+01   1.3340008246e+01
3.9440000000e+01   1.3309494297e+01
3.9460000000e+01   1.3255548902e+01
3.9480000000e+01   1.3170078959e+01
3.9500000000e+01   1.3035013910e+01
3.9520000000e+01   1.2798116810e+01
3.9540000000e+01   1.2108950122e+01
3.9560000000e+01   1.2598111698e+01
3.9580000000e+01   1.2966550844e+01
3.9600000000e+01   1.3157870736e+01
3.9620000000e+01   1.3281516022e+01
3.9640000000e+01   1.3366629765e+01
3.9660000000e+01   1.3425031330e+01
3.9680000000e+01   1.3462342861e+01
3.9700000000e+01   1.3481243206e+01
3.9720000000e+01   1.3482612775e+01
3.9740000000e+01   1.3465855778e+01
3.9760000000e+01   1.3428685028e+01
3.9780000000e+01   1.3366182823e+01
3.9800000000e+01   1.3268144822e+01
3.9820000000e+01   1.3110467477e+01
3.9840000000e+01   1.2812652549e+01
3.9860000000e+01   1.1629603965e+01
3.9880000000e+01   1.2881191594e+01
3.9900000000e+01   1.3169091713e+01
3.9920000000e+01   1.3334285564e+01
3.9940000000e+01   1.3444157621e+01
3.9960000000e+01   1.3520179610e+01
3.9980000000e+01   1.3571661720e+01
4.0000000000e+01   1.3603116106e+01
