X    Y
0.0000000000e+00   -1.2000000000e+01
2.0000000000e-02   -2.0626923447e+00
4.0000000000e-02   -2.2407003691e+00
6.0000000000e-02   -2.2336744648e+00
8.0000000000e-02   -2.1418680222e+00
1.0000000000e-01   -2.2129661163e+00
1.2000000000e-01   -2.2206641797e+00
1.4000000000e-01   -2.1616050802e+00
1.6000000000e-01   -2.2005911914e+00
1.8000000000e-01   -2.2175639524e+00
2.0000000000e-01   -2.1715634116e+00
2.2000000000e-01   -2.1933556830e+00
2.4000000000e-01   -2.2157413259e+00
2.6000000000e-01   -2.1784702134e+00
2.8000000000e-01   -2.1884759316e+00
3.0000000000e-01   -2.2138959393e+00
3.2000000000e-01   -2.1840775633e+00
3.4000000000e-01   -2.1850443959e+00
3.6000000000e-01   -2.2117060521e+00
3.8000000000e-01   -2.1889663347e+00
4.0000000000e-01   -2.1827113335e+00
4.2000000000e-01   -2.2091026974e+00
4.4000000000e-01   -2.1933234644e+00
4.6000000000e-01   -2.1813256794e+00
4.8000000000e-01   -2.2061179525e+00
5.0000000000e-01   -2.1971731306e+00
5.2000000000e-01   -2.1808101435e+00
5.4000000000e-01   -2.2028386898e+00
5.6000000000e-01   -2.2004662366e+00
5.8000000000e-01   -2.1811089698e+00
6.0000000000e-01   -2.1993862948e+00
6.2000000000e-01   -2.2031240084e+00
6.4000000000e-01   -2.1821628779e+00
6.6000000000e-01   -2.1959038228e+00
6.8000000000e-01   -2.2050641160e+00
7.0000000000e-01   -2.1838959862e+00
7.2000000000e-01   -2.1925454967e+00
7.4000000000e-01   -2.2062188329e+00
7.6000000000e-01   -2.1862090266e+00
7.8000000000e-01   -2.1894671273e+00
8.0000000000e-01   -2.2065484219e+00
8.2000000000e-01   -2.1889766151e+00
8.4000000000e-01   -2.1868171607e+00
8.6000000000e-01   -2.2060505877e+00
8.8000000000e-01   -2.1920477342e+00
9.0000000000e-01   -2.1847284000e+00
9.2000000000e-01   -2.2047660074e+00
9.4000000000e-01   -2.1952491700e+00
9.6000000000e-01   -2.1833105136e+00
9.8000000000e-01   -2.2027798129e+00
1.0000000000e+00   -2.1983918350e+00
1.0200000000e+00   -2.1826434402e+00
1.0400000000e+00   -2.2002190996e+00
1.0600000000e+00   -2.2012798562e+00
1.0800000000e+00   -2.1827717827e+00
1.1000000000e+00   -2.1972468681e+00
1.1200000000e+00   -2.2037220762e+00
1.1400000000e+00   -2.1837003085e+00
1.1600000000e+00   -2.1940531146e+00
1.1800000000e+00   -2.2055452593e+00
1.2000000000e+00   -2.1853907335e+00
1.2200000000e+00   -2.1908439905e+00
1.2400000000e+00   -2.2066078927e+00
1.2600000000e+00   -2.1877600672e+00
1.2800000000e+00   -2.1878299879e+00
1.3000000000e+00   -2.2068131386e+00
1.3200000000e+00   -2.1906809145e+00
1.3400000000e+00   -2.1852140097e+00
1.3600000000e+00   -2.2061193374e+00
1.3800000000e+00   -2.1939842341e+00
1.4000000000e+00   -2.1831799885e+00
1.4200000000e+00   -2.2045465963e+00
1.4400000000e+00   -2.1974650977e+00
1.4600000000e+00   -2.1818824888e+00
1.4800000000e+00   -2.2021784231e+00
1.5000000000e+00   -2.2008919206e+00
1.5200000000e+00   -2.1814375367e+00
1.5400000000e+00   -2.1991580314e+00
1.5600000000e+00   -2.2040193831e+00
1.5800000000e+00   -2.1819147995e+00
1.6000000000e+00   -2.1956796772e+00
1.6200000000e+00   -2.2066048067e+00
1.6400000000e+00   -2.1833312189e+00
1.6600000000e+00   -2.1919760204e+00
1.6800000000e+00   -2.2084271056e+00
1.7000000000e+00   -2.1856462800e+00
1.7200000000e+00   -2.1883028895e+00
1.7400000000e+00   -2.2093067065e+00
1.7600000000e+00   -2.1887592744e+00
1.7800000000e+00   -2.1849228998e+00
1.8000000000e+00   -2.2091242110e+00
1.8200000000e+00   -2.1925091391e+00
1.8400000000e+00   -2.1820891850e+00
1.8600000000e+00   -2.2078352882e+00
1.8800000000e+00   -2.1966776846e+00
1.9000000000e+00   -2.1800301436e+00
1.9200000000e+00   -2.2054795103e+00
1.9400000000e+00   -2.2009971632e+00
1.9600000000e+00   -2.1789357010e+00
1.9800000000e+00   -2.2021816249e+00
2.0000000000e+00   -2.2051630730e+00
2.0200000000e+00   -2.1789452655e+00
2.0400000000e+00   -2.1981449221e+00
2.0600000000e+00   -2.2088527080e+00
2.0800000000e+00   -2.1801373674e+00
2.1000000000e+00   -2.1936375975e+00
2.1200000000e+00   -2.2117491779e+00
2.1400000000e+00   -2.1825209721e+00
2.1600000000e+00   -2.1889739735e+00
2.1800000000e+00   -2.2135694574e+00
2.2000000000e+00   -2.1860286367e+00
2.2200000000e+00   -2.1844928981e+00
2.2400000000e+00   -2.2140936998e+00
2.2600000000e+00   -2.1905120290e+00
2.2800000000e+00   -2.1805355335e+00
2.3000000000e+00   -2.2131919570e+00
2.3200000000e+00   -2.1957407997e+00
2.3400000000e+00   -2.1774242212e+00
2.3600000000e+00   -2.2108440752e+00
2.3800000000e+00   -2.2014062878e+00
2.4000000000e+00   -2.1754433904e+00
2.4200000000e+00   -2.2071492127e+00
2.4400000000e+00   -2.2071318992e+00
2.4600000000e+00   -2.1748227875e+00
2.4800000000e+00   -2.2023231317e+00
2.5000000000e+00   -2.2124919707e+00
2.5200000000e+00   -2.1757228128e+00
2.5400000000e+00   -2.1966836799e+00
2.5600000000e+00   -2.2170402453e+00
2.5800000000e+00   -2.1782215440e+00
2.6000000000e+00   -2.1906269712e+00
2.6200000000e+00   -2.2203475256e+00
2.6400000000e+00   -2.1823031328e+00
2.6600000000e+00   -2.1845980464e+00
2.6800000000e+00   -2.2220457064e+00
2.7000000000e+00   -2.1878476920e+00
2.7200000000e+00   -2.1790599582e+00
2.7400000000e+00   -2.2218727469e+00
2.7600000000e+00   -2.1946235278e+00
2.7800000000e+00   -2.1744644289e+00
2.8000000000e+00   -2.2197112080e+00
2.8200000000e+00   -2.2022835697e+00
2.8400000000e+00   -2.1712259115e+00
2.8600000000e+00   -2.2156128557e+00
2.8800000000e+00   -2.2103689634e+00
2.9000000000e+00   -2.1696995132e+00
2.9200000000e+00   -2.2098040656e+00
2.9400000000e+00   -2.2183236948e+00
2.9600000000e+00   -2.1701621664e+00
2.9800000000e+00   -2.2026708771e+00
3.0000000000e+00   -2.2255242342e+00
3.0200000000e+00   -2.1727958135e+00
3.0400000000e+00   -2.1947270548e+00
3.0600000000e+00   -2.2313267851e+00
3.0800000000e+00   -2.1776712540e+00
3.1000000000e+00   -2.1865717224e+00
3.1200000000e+00   -2.2351312018e+00
3.1400000000e+00   -2.1847316731e+00
3.1600000000e+00   -2.1788440363e+00
3.1800000000e+00   -2.2364552035e+00
3.2000000000e+00   -2.1937757762e+00
3.2200000000e+00   -2.1721810599e+00
3.2400000000e+00   -2.2350067400e+00
3.2600000000e+00   -2.2044419558e+00
3.2800000000e+00   -2.1671824178e+00
3.3000000000e+00   -2.2307390647e+00
3.3200000000e+00   -2.2161970968e+00
3.3400000000e+00   -2.1643825407e+00
3.3600000000e+00   -2.2238749290e+00
3.3800000000e+00   -2.2283363301e+00
3.4000000000e+00   -2.1642291258e+00
3.4200000000e+00   -2.2148937247e+00
3.4400000000e+00   -2.2400026271e+00
3.4600000000e+00   -2.1670651020e+00
3.4800000000e+00   -2.2044855798e+00
3.5000000000e+00   -2.2502360603e+00
3.5200000000e+00   -2.1731108329e+00
3.5400000000e+00   -2.1934847450e+00
3.5600000000e+00   -2.2580595088e+00
3.5800000000e+00   -2.1824433640e+00
3.6000000000e+00   -2.1827976975e+00
3.6200000000e+00   -2.2625984984e+00
3.6400000000e+00   -2.1949701469e+00
3.6600000000e+00   -2.1733389420e+00
3.6800000000e+00   -2.2632183721e+00
3.7000000000e+00   -2.2103960732e+00
3.7200000000e+00   -2.1659818515e+00
3.7400000000e+00   -2.2596477465e+00
3.7600000000e+00   -2.2281853308e+00
3.7800000000e+00   -2.1615259738e+00
3.8000000000e+00   -2.2520526956e+00
3.8200000000e+00   -2.2475243248e+00
3.8400000000e+00   -2.1606779077e+00
3.8600000000e+00   -2.2410380095e+00
3.8800000000e+00   -2.2672992439e+00
3.9000000000e+00   -2.1640405251e+00
3.9200000000e+00   -2.2275765962e+00
3.9400000000e+00   -2.2861109503e+00
3.9600000000e+00   -2.1721044427e+00
3.9800000000e+00   -2.2128923185e+00
4.0000000000e+00   -2.3023564947e+00
4.0200000000e+00   -2.1852354080e+00
4.0400000000e+00   -2.1983323658e+00
4.0600000000e+00   -2.3144016251e+00
4.0800000000e+00   -2.2036509837e+00
4.1000000000e+00   -2.1852598585e+00
4.1200000000e+00   -2.3208416838e+00
4.1400000000e+00   -2.2273793271e+00
4.1600000000e+00   -2.1749829383e+00
4.1800000000e+00   -2.3207995836e+00
4.2000000000e+00   -2.2561922690e+00
4.2200000000e+00   -2.1687224795e+00
4.2400000000e+00   -2.3141642570e+00
4.2600000000e+00   -2.2895057180e+00
4.2800000000e+00   -2.1676121086e+00
4.3000000000e+00   -2.3016729901e+00
4.3200000000e+00   -2.3262461291e+00
4.3400000000e+00   -2.1727218488e+00
4.3600000000e+00   -2.2848041197e+00
4.3800000000e+00   -2.3646990206e+00
4.4000000000e+00   -2.1850983581e+00
4.4200000000e+00   -2.2655346032e+00
4.4400000000e+00   -2.4023931234e+00
4.4600000000e+00   -2.2058183050e+00
4.4800000000e+00   -2.2460669461e+00
4.5000000000e+00   -2.4361327177e+00
4.5200000000e+00   -2.2360558122e+00
4.5400000000e+00   -2.2286168611e+00
4.5600000000e+00   -2.4623375882e+00
4.5800000000e+00   -2.2771702621e+00
4.6000000000e+00   -2.2153048753e+00
4.6200000000e+00   -2.4777916737e+00
4.6400000000e+00   -2.3308286307e+00
4.6600000000e+00   -2.2081532368e+00
4.6800000000e+00   -2.4806483042e+00
4.7000000000e+00   -2.3991908375e+00
4.7200000000e+00   -2.2091741332e+00
4.7400000000e+00   -2.4712130226e+00
4.7600000000e+00   -2.4852172901e+00
4.7800000000e+00   -2.2205461534e+00
4.8000000000e+00   -2.4520120263e+00
4.8200000000e+00   -2.5932328833e+00
4.8400000000e+00   -2.2449109723e+00
4.8600000000e+00   -2.4271242287e+00
4.8800000000e+00   -2.7300933876e+00
4.9000000000e+00   -2.2858984426e+00
4.9200000000e+00   -2.4012562036e+00
4.9400000000e+00   -2.9080184687e+00
4.9600000000e+00   -2.3491838270e+00
4.9800000000e+00   -2.3790797085e+00
5.0000000000e+00   -3.1533687173e+00
5.0200000000e+00   -2.4450157113e+00
5.0400000000e+00   -2.3650526203e+00
5.0600000000e+00   -3.5493519401e+00
5.0800000000e+00   -2.5958891241e+00
5.1000000000e+00   -2.3637155219e+00
5.1200000000e+00   -4.8369069767e+00
5.1400000000e+00   -2.8718776309e+00
5.1600000000e+00   -2.3804913803e+00
5.1800000000e+00   -3.7191678866e+00
5.2000000000e+00   -4.3147877572e+00
5.2200000000e+00   -2.4233887034e+00
5.2400000000e+00   -3.5772622887e+00
5.2600000000e+00   -2.8846723064e+00
5.2800000000e+00   -2.5073046689e+00
5.3000000000e+00   -3.5691881979e+00
5.3200000000e+00   -2.5739951354e+00
5.3400000000e+00   -2.6691133276e+00
5.3600000000e+00   -3.5929190449e+00
5.3800000000e+00   -2.3987454398e+00
5.4000000000e+00   -3.0701594626e+00
5.4200000000e+00   -3.5442007318e+00
5.4400000000e+00   -2.2807297360e+00
5.4600000000e+00   -3.1138513097e+00
5.4800000000e+00   -3.3599967377e+00
5.5000000000e+00   -2.1955200108e+00
5.5200000000e+00   -2.5676521706e+00
5.5400000000e+00   -3.1010938093e+00
5.5600000000e+00   -2.1317846142e+00
5.5800000000e+00   -2.3070871667e+00
5.6000000000e+00   -2.8412511683e+00
5.6200000000e+00   -2.0827882473e+00
5.6400000000e+00   -2.1307752902e+00
5.6600000000e+00   -2.6072527259e+00
5.6800000000e+00   -2.0436068091e+00
5.7000000000e+00   -1.9974649294e+00
5.7200000000e+00   -2.4023678097e+00
5.7400000000e+00   -2.0099788277e+00
5.7600000000e+00   -1.8912728307e+00
5.7800000000e+00   -2.2235520040e+00
5.8000000000e+00   -1.9778299256e+00
5.8200000000e+00   -1.8042203557e+00
5.8400000000e+00   -2.0669069057e+00
5.8600000000e+00   -1.9432210505e+00
5.8800000000e+00   -1.7315607627e+00
5.9000000000e+00   -1.9289956788e+00
5.9200000000e+00   -1.9026450549e+00
5.9400000000e+00   -1.6700655460e+00
5.9600000000e+00   -1.8070243417e+00
5.9800000000e+00   -1.8535492447e+00
6.0000000000e+00   -1.6172608172e+00
6.0200000000e+00   -1.6987531243e+00
6.0400000000e+00   -1.7948249876e+00
6.0600000000e+00   -1.5710391572e+00
6.0800000000e+00   -1.6023672590e+00
6.1000000000e+00   -1.7269626453e+00
6.1200000000e+00   -1.5294495862e+00
6.1400000000e+00   -1.5163620619e+00
6.1600000000e+00   -1.6517490277e+00
6.1800000000e+00   -1.4905934982e+00
6.2000000000e+00   -1.4394505185e+00
6.2200000000e+00   -1.5716665240e+00
6.2400000000e+00   -1.4526025032e+00
6.2600000000e+00   -1.3704904010e+00
6.2800000000e+00   -1.4892852816e+00
6.3000000000e+00   -1.4136905215e+00
6.3200000000e+00   -1.3084265603e+00
6.3400000000e+00   -1.4068504324e+00
6.3600000000e+00   -1.3722693893e+00
6.3800000000e+00   -1.2522452446e+00
6.4000000000e+00   -1.3261008095e+00
6.4200000000e+00   -1.3271005025e+00
6.4400000000e+00   -1.2009391151e+00
6.4600000000e+00   -1.2482536783e+00
6.4800000000e+00   -1.2774353295e+00
6.5000000000e+00   -1.1534834938e+00
6.5200000000e+00   -1.1740723719e+00
6.5400000000e+00   -1.2230914837e+00
6.5600000000e+00   -1.1088260240e+00
6.5800000000e+00   -1.1039576990e+00
6.6000000000e+00   -1.1644302114e+00
6.6200000000e+00   -1.0658929281e+00
6.6400000000e+00   -1.0380327300e+00
6.6600000000e+00   -1.1022394765e+00
6.6800000000e+00   -1.0236147754e+00
6.7000000000e+00   -9.7621019141e-01
6.7200000000e+00   -1.0375618815e+00
6.7400000000e+00   -9.8097239514e-01
6.7600000000e+00   -9.1824188931e-01
6.7800000000e+00   -9.7151865136e-01
6.8000000000e+00   -9.3705901768e-01
6.8200000000e+00   -8.6375378809e-01
6.8400000000e+00   -9.0516851956e-01
6.8600000000e+00   -8.9114875416e-01
6.8800000000e+00   -8.1227158824e-01
6.9000000000e+00   -8.3941736026e-01
6.9200000000e+00   -8.4275651093e-01
6.9400000000e+00   -7.6324161223e-01
6.9600000000e+00   -7.7497519556e-01
6.9800000000e+00   -7.9167347939e-01
7.0000000000e+00   -7.1605127585e-01
7.0200000000e+00   -7.1234773811e-01
7.0400000000e+00   -7.3796731213e-01
7.0600000000e+00   -6.7005256561e-01
7.0800000000e+00   -6.5184845860e-01
7.1000000000e+00   -6.8194574468e-01
7.1200000000e+00   -6.2459067404e-01
7.1400000000e+00   -5.9362026104e-01
7.1600000000e+00   -6.2409257853e-01
7.1800000000e+00   -5.7903815057e-01
7.2000000000e+00   -5.3765994859e-01
7.2200000000e+00   -5.6499109751e-01
7.2400000000e+00   -5.3283268705e-01
7.2600000000e+00   -4.8384212715e-01
7.2800000000e+00   -5.0525017719e-01
7.3000000000e+00   -4.8551439016e-01
7.3200000000e+00   -4.3194156526e-01
7.3400000000e+00   -4.4544388628e-01
7.3600000000e+00   -4.3675683389e-01
7.3800000000e+00   -3.8165439547e-01
7.4000000000e+00   -3.8606929810e-01
7.4200000000e+00   -3.8638611012e-01
7.4400000000e+00   -3.3261913588e-01
7.4600000000e+00   -3.2752215248e-01
7.4800000000e+00   -3.3438386394e-01
7.5000000000e+00   -2.8443852533e-01
7.5200000000e+00   -2.7008709089e-01
7.5400000000e+00   -2.8087350859e-01
7.5600000000e+00   -2.3670273796e-01
7.5800000000e+00   -2.1393830215e-01
7.6000000000e+00   -2.2609236101e-01
7.6200000000e+00   -1.8901379231e-01
7.6400000000e+00   -1.5914683816e-01
7.6600000000e+00   -1.7035505652e-01
7.6800000000e+00   -1.4101005398e-01
7.7000000000e+00   -1.0569184465e-01
7.7200000000e+00   -1.1401450791e-01
7.7400000000e+00   -9.2388881496e-02
7.7600000000e+00   -5.3473989165e-02
7.7800000000e+00   -5.7425886145e-02
7.8000000000e+00   -4.2924959363e-02
7.8200000000e+00   -2.3301919157e-03
7.8400000000e+00   -9.1726403258e-04
7.8600000000e+00   7.5180609493e-03
7.8800000000e+00   4.7950717280e-02
7.9000000000e+00   5.5231493497e-02
7.9200000000e+00   5.8984251079e-02
7.9400000000e+00   9.7611580571e-02
7.9600000000e+00   1.1080167209e-01
7.9800000000e+00   1.1143081199e-01
8.0000000000e+00   1.4690994382e-01
8.0200000000e+00   1.6564157299e-01
8.0400000000e+00   1.6474116643e-01
8.0600000000e+00   1.9610098159e-01
8.0800000000e+00   2.1966678353e-01
8.1000000000e+00   2.1874354652e-01
8.1200000000e+00   2.4542107634e-01
8.1400000000e+00   2.7285630091e-01
8.1600000000e+00   2.7323228312e-01
8.1800000000e+00   2.9507310066e-01
8.2000000000e+00   3.2524570406e-01
8.2200000000e+00   3.2798904147e-01
8.2400000000e+00   3.4521459151e-01
8.2600000000e+00   3.7691826409e-01
8.2800000000e+00   3.8280179273e-01
8.3000000000e+00   3.9594991084e-01
8.3200000000e+00   4.2799463300e-01
8.3400000000e+00   4.3748010886e-01
8.3600000000e+00   4.4732713373e-01
8.3800000000e+00   4.7862160059e-01
8.4000000000e+00   4.9186616886e-01
8.4200000000e+00   4.9933985110e-01
8.4400000000e+00   5.2896036709e-01
8.4600000000e+00   5.4584149863e-01
8.4800000000e+00   5.5193344466e-01
8.5000000000e+00   5.7917482022e-01
8.5200000000e+00   5.9932986995e-01
8.5400000000e+00   6.0501484079e-01
8.5600000000e+00   6.2942038936e-01
8.5800000000e+00   6.5229697422e-01
8.6000000000e+00   6.5846440015e-01
8.6200000000e+00   6.7983412127e-01
8.6400000000e+00   7.0474752305e-01
8.6600000000e+00   7.1214850887e-01
8.6800000000e+00   7.3052663392e-01
8.7000000000e+00   7.5672038071e-01
8.7200000000e+00   7.6593158279e-01
8.7400000000e+00   7.8157651979e-01
8.7600000000e+00   8.0828226009e-01
8.7800000000e+00   8.1968650203e-01
8.8000000000e+00   8.3302757898e-01
8.8200000000e+00   8.5952045169e-01
8.8400000000e+00   8.7330286189e-01
8.8600000000e+00   8.8488898906e-01
8.8800000000e+00   9.1053502163e-01
8.9000000000e+00   9.2669277457e-01
8.9200000000e+00   9.3713820966e-01
8.9400000000e+00   9.6143090746e-01
8.9600000000e+00   9.7979423298e-01
8.9800000000e+00   9.8972613833e-01
9.0000000000e+00   1.0123103475e+00
9.0200000000e+00   1.0325722345e+00
9.0400000000e+00   1.0425838319e+00
9.0600000000e+00   1.0632660795e+00
9.0800000000e+00   1.0850179685e+00
9.1000000000e+00   1.0956300172e+00
9.1200000000e+00   1.1143757168e+00
9.1400000000e+00   1.1371464166e+00
9.1600000000e+00   1.1487786373e+00
9.1800000000e+00   1.1656976433e+00
9.2000000000e+00   1.1889927240e+00
9.2200000000e+00   1.2019457940e+00
9.2400000000e+00   1.2172686510e+00
9.2600000000e+00   1.2406076944e+00
9.2800000000e+00   1.2550556138e+00
9.3000000000e+00   1.2691033991e+00
9.3200000000e+00   1.2920527506e+00
9.3400000000e+00   1.3080447468e+00
9.3600000000e+00   1.3211956042e+00
9.3800000000e+00   1.3433946967e+00
9.4000000000e+00   1.3608653799e+00
9.4200000000e+00   1.3735207173e+00
9.4400000000e+00   1.3947006047e+00
9.4600000000e+00   1.4134867773e+00
9.4800000000e+00   1.4260397231e+00
9.5000000000e+00   1.4460331347e+00
9.5200000000e+00   1.4658954642e+00
9.5400000000e+00   1.4787036284e+00
9.5600000000e+00   1.4974465651e+00
9.5800000000e+00   1.5180942309e+00
9.6000000000e+00   1.5314581910e+00
9.6200000000e+00   1.5489837572e+00
9.6400000000e+00   1.5701001749e+00
9.6600000000e+00   1.5842484825e+00
9.6800000000e+00   1.6006742069e+00
9.7000000000e+00   1.6219420137e+00
9.7200000000e+00   1.6370229486e+00
9.7400000000e+00   1.6525332489e+00
9.7600000000e+00   1.6736569131e+00
9.7800000000e+00   1.6897367293e+00
9.8000000000e+00   1.7045623798e+00
9.8200000000e+00   1.7252870720e+00
9.8400000000e+00   1.7423540952e+00
9.8600000000e+00   1.7567505793e+00
9.8800000000e+00   1.7768762986e+00
9.9000000000e+00   1.7948499472e+00
9.9200000000e+00   1.8090764291e+00
9.9400000000e+00   1.8284667992e+00
9.9600000000e+00   1.8472104036e+00
9.9800000000e+00   1.8615107834e+00
1.0000000000e+01   1.8800963724e+00
1.0020000000e+01   1.8994325500e+00
1.0040000000e+01   1.9140197216e+00
1.0060000000e+01   1.9317961708e+00
1.0080000000e+01   1.9515234740e+00
1.0100000000e+01   1.9665675234e+00
1.0120000000e+01   1.9835891385e+00
1.0140000000e+01   2.0034987279e+00
1.0160000000e+01   2.0191194382e+00
1.0180000000e+01   2.0354891851e+00
1.0200000000e+01   2.0553803815e+00
1.0220000000e+01   2.0716440678e+00
1.0240000000e+01   2.0875010914e+00
1.0260000000e+01   2.1071948308e+00
1.0280000000e+01   2.1241152366e+00
1.0300000000e+01   2.1396210893e+00
1.0320000000e+01   2.1589705292e+00
1.0340000000e+01   2.1765132812e+00
1.0360000000e+01   2.1918380085e+00
1.0380000000e+01   2.2107357948e+00
1.0400000000e+01   2.2288257391e+00
1.0420000000e+01   2.2441348470e+00
1.0440000000e+01   2.2625168366e+00
1.0460000000e+01   2.2810474631e+00
1.0480000000e+01   2.2964906022e+00
1.0500000000e+01   2.3143361127e+00
1.0520000000e+01   2.3331802203e+00
1.0540000000e+01   2.3488821992e+00
1.0560000000e+01   2.3662111071e+00
1.0580000000e+01   2.3852318590e+00
1.0600000000e+01   2.4012863595e+00
1.0620000000e+01   2.4181535757e+00
1.0640000000e+01   2.4372151470e+00
1.0660000000e+01   2.4536812834e+00
1.0680000000e+01   2.4701692727e+00
1.0700000000e+01   2.4891463890e+00
1.0720000000e+01   2.5060480431e+00
1.0740000000e+01   2.5222581349e+00
1.0760000000e+01   2.5410439391e+00
1.0780000000e+01   2.5583716230e+00
1.0800000000e+01   2.5744148666e+00
1.0820000000e+01   2.5929267151e+00
1.0840000000e+01   2.6106415741e+00
1.0860000000e+01   2.6266298431e+00
1.0880000000e+01   2.6448128168e+00
1.0900000000e+01   2.6628522804e+00
1.0920000000e+01   2.6788902348e+00
1.0940000000e+01   2.6967183316e+00
1.0960000000e+01   2.7150028631e+00
1.0980000000e+01   2.7311812465e+00
1.1000000000e+01   2.7486563940e+00
1.1020000000e+01   2.7670967679e+00
1.1040000000e+01   2.7834873699e+00
1.1060000000e+01   2.8006365419e+00
1.1080000000e+01   2.8191410956e+00
1.1100000000e+01   2.8357935568e+00
1.1120000000e+01   2.8526643885e+00
1.1140000000e+01   2.8711457476e+00
1.1160000000e+01   2.8880862382e+00
1.1180000000e+01   2.9047416039e+00
1.1200000000e+01   2.9231224627e+00
1.1220000000e+01   2.9403541335e+00
1.1240000000e+01   2.9568661798e+00
1.1260000000e+01   2.9750838181e+00
1.1280000000e+01   2.9925888166e+00
1.1300000000e+01   3.0090329297e+00
1.1320000000e+01   3.0270422687e+00
1.1340000000e+01   3.0447850242e+00
1.1360000000e+01   3.0612341674e+00
1.1380000000e+01   3.0790092844e+00
1.1400000000e+01   3.0969407147e+00
1.1420000000e+01   3.1134604960e+00
1.1440000000e+01   3.1309946373e+00
1.1460000000e+01   3.1490568967e+00
1.1480000000e+01   3.1657016398e+00
1.1500000000e+01   3.1830058741e+00
1.1520000000e+01   3.2011372651e+00
1.1540000000e+01   3.2179472569e+00
1.1560000000e+01   3.2350479942e+00
1.1580000000e+01   3.2531876864e+00
1.1600000000e+01   3.2701876740e+00
1.1620000000e+01   3.2871233368e+00
1.1640000000e+01   3.3052155835e+00
1.1660000000e+01   3.3224145026e+00
1.1680000000e+01   3.3392316667e+00
1.1700000000e+01   3.3572292712e+00
1.1720000000e+01   3.3746211043e+00
1.1740000000e+01   3.3913704331e+00
1.1760000000e+01   3.4092372922e+00
1.1780000000e+01   3.4268028885e+00
1.1800000000e+01   3.4435351677e+00
1.1820000000e+01   3.4612477986e+00
1.1840000000e+01   3.4789574388e+00
1.1860000000e+01   3.4957199798e+00
1.1880000000e+01   3.5132680171e+00
1.1900000000e+01   3.5310844779e+00
1.1920000000e+01   3.5479181046e+00
1.1940000000e+01   3.5653038282e+00
1.1960000000e+01   3.5831856869e+00
1.1980000000e+01   3.6001224599e+00
1.2000000000e+01   3.6173594771e+00
1.2020000000e+01   3.6352644078e+00
1.2040000000e+01   3.6523261729e+00
1.2060000000e+01   3.6694374248e+00
1.2080000000e+01   3.6873252586e+00
1.2100000000e+01   3.7045230417e+00
1.2120000000e+01   3.7215383379e+00
1.2140000000e+01   3.7393736959e+00
1.2160000000e+01   3.7567079067e+00
1.2180000000e+01   3.7736612047e+00
1.2200000000e+01   3.7914155603e+00
1.2220000000e+01   3.8088769145e+00
1.2240000000e+01   3.8258035575e+00
1.2260000000e+01   3.8434566349e+00
1.2280000000e+01   3.8610276679e+00
1.2300000000e+01   3.8779617766e+00
1.2320000000e+01   3.8955022489e+00
1.2340000000e+01   3.9131592605e+00
1.2360000000e+01   3.9301314467e+00
1.2380000000e+01   3.9475569460e+00
1.2400000000e+01   3.9652722069e+00
1.2420000000e+01   3.9823077361e+00
1.2440000000e+01   3.9996242381e+00
1.2460000000e+01   4.0173682804e+00
1.2480000000e+01   4.0344857699e+00
1.2500000000e+01   4.0517064504e+00
1.2520000000e+01   4.0694502808e+00
1.2540000000e+01   4.0866609734e+00
1.2560000000e+01   4.1038046633e+00
1.2580000000e+01   4.1215217507e+00
1.2600000000e+01   4.1388293622e+00
1.2620000000e+01   4.1559187447e+00
1.2640000000e+01   4.1735866668e+00
1.2660000000e+01   4.1909877672e+00
1.2680000000e+01   4.2080474639e+00
1.2700000000e+01   4.2256491285e+00
1.2720000000e+01   4.2431339830e+00
1.2740000000e+01   4.2601886707e+00
1.2760000000e+01   4.2777130646e+00
1.2780000000e+01   4.2952668372e+00
1.2800000000e+01   4.3123395224e+00
1.2820000000e+01   4.3297819764e+00
1.2840000000e+01   4.3473861836e+00
1.2860000000e+01   4.3644967392e+00
1.2880000000e+01   4.3818587320e+00
1.2900000000e+01   4.3994928262e+00
1.2920000000e+01   4.4166568665e+00
1.2940000000e+01   4.4339454219e+00
1.2960000000e+01   4.4515883853e+00
1.2980000000e+01   4.4688165278e+00
1.3000000000e+01   4.4860432782e+00
1.3020000000e+01   4.5036751188e+00
1.3040000000e+01   4.5209726492e+00
1.3060000000e+01   4.5381526605e+00
1.3080000000e+01   4.5557557169e+00
1.3100000000e+01   4.5731226459e+00
1.3120000000e+01   4.5902731017e+00
1.3140000000e+01   4.6078330829e+00
1.3160000000e+01   4.6252645586e+00
1.3180000000e+01   4.6424034062e+00
1.3200000000e+01   4.6599101189e+00
1.3220000000e+01   4.6773971370e+00
1.3240000000e+01   4.6945417893e+00
1.3260000000e+01   4.7119895283e+00
1.3280000000e+01   4.7295198686e+00
1.3300000000e+01   4.7466860454e+00
1.3320000000e+01   4.7640736473e+00
1.3340000000e+01   4.7816329560e+00
1.3360000000e+01   4.7988337305e+00
1.3380000000e+01   4.8161643153e+00
1.3400000000e+01   4.8337372474e+00
1.3420000000e+01   4.8509823460e+00
1.3440000000e+01   4.8682627879e+00
1.3460000000e+01   4.8858341311e+00
1.3480000000e+01   4.9031295119e+00
1.3500000000e+01   4.9203696965e+00
1.3520000000e+01   4.9379254009e+00
1.3540000000e+01   4.9552731173e+00
1.3560000000e+01   4.9724850520e+00
1.3580000000e+01   4.9900131066e+00
1.3600000000e+01   5.0074114422e+00
1.3620000000e+01   5.0246082896e+00
1.3640000000e+01   5.0420993978e+00
1.3660000000e+01   5.0595432439e+00
1.3680000000e+01   5.0767383487e+00
1.3700000000e+01   5.0941863739e+00
1.3720000000e+01   5.1116678044e+00
1.3740000000e+01   5.1288737787e+00
1.3760000000e+01   5.1462759485e+00
1.3780000000e+01   5.1637849415e+00
1.3800000000e+01   5.1810128626e+00
1.3820000000e+01   5.1983697359e+00
1.3840000000e+01   5.2158949826e+00
1.3860000000e+01   5.2331537487e+00
1.3880000000e+01   5.2504689654e+00
1.3900000000e+01   5.2679987091e+00
1.3920000000e+01   5.2852945816e+00
1.3940000000e+01   5.3025744269e+00
1.3960000000e+01   5.3200972741e+00
1.3980000000e+01   5.3374336227e+00
1.4000000000e+01   5.3546864489e+00
1.4020000000e+01   5.3721921035e+00
1.4040000000e+01   5.3895693553e+00
1.4060000000e+01   5.4068049071e+00
1.4080000000e+01   5.4242847867e+00
1.4100000000e+01   5.4417005677e+00
1.4120000000e+01   5.4589292619e+00
1.4140000000e+01   5.4763769641e+00
1.4160000000e+01   5.4938264109e+00
1.4180000000e+01   5.5110586186e+00
1.4200000000e+01   5.5284702202e+00
1.4220000000e+01   5.5459464295e+00
1.4240000000e+01   5.5631918066e+00
1.4260000000e+01   5.5805659874e+00
1.4280000000e+01   5.5980605660e+00
1.4300000000e+01   5.6153274688e+00
1.4320000000e+01   5.6326654658e+00
1.4340000000e+01   5.6501691404e+00
1.4360000000e+01   5.6674641570e+00
1.4380000000e+01   5.6847695634e+00
1.4400000000e+01   5.7022728081e+00
1.4420000000e+01   5.7196004262e+00
1.4440000000e+01   5.7368788576e+00
1.4460000000e+01   5.7543725008e+00
1.4480000000e+01   5.7717349206e+00
1.4500000000e+01   5.7889935805e+00
1.4520000000e+01   5.8064693548e+00
1.4540000000e+01   5.8238664492e+00
1.4560000000e+01   5.8411136244e+00
1.4580000000e+01   5.8585646326e+00
1.4600000000e+01   5.8759940455e+00
1.4620000000e+01   5.8932385688e+00
1.4640000000e+01   5.9106596434e+00
1.4660000000e+01   5.9281170091e+00
1.4680000000e+01   5.9453677219e+00
1.4700000000e+01   5.9627556664e+00
1.4720000000e+01   5.9802349286e+00
1.4740000000e+01   5.9975001766e+00
1.4760000000e+01   6.0148538826e+00
1.4780000000e+01   6.0323476852e+00
1.4800000000e+01   6.0496348726e+00
1.4820000000e+01   6.0669553186e+00
1.4840000000e+01   6.0844554391e+00
1.4860000000e+01   6.1017706635e+00
1.4880000000e+01   6.1190608046e+00
1.4900000000e+01   6.1365585994e+00
1.4920000000e+01   6.1539063818e+00
1.4940000000e+01   6.1711709501e+00
1.4960000000e+01   6.1886577803e+00
1.4980000000e+01   6.2060408988e+00
1.5000000000e+01   6.2232861370e+00
1.5020000000e+01   6.2407537478e+00
1.5040000000e+01   6.2581731752e+00
1.5060000000e+01   6.2754065335e+00
1.5080000000e+01   6.2928473565e+00
1.5100000000e+01   6.3103022978e+00
1.5120000000e+01   6.3275321288e+00
1.5140000000e+01   6.3449394812e+00
1.5160000000e+01   6.3624274999e+00
1.5180000000e+01   6.3796627949e+00
1.5200000000e+01   6.3970309382e+00
1.5220000000e+01   6.4145481585e+00
1.5240000000e+01   6.4317983850e+00
1.5260000000e+01   6.4491223924e+00
1.5280000000e+01   6.4666637596e+00
1.5300000000e+01   6.4839388976e+00
1.5320000000e+01   6.5012142239e+00
1.5340000000e+01   6.5187738127e+00
1.5360000000e+01   6.5360847796e+00
1.5380000000e+01   6.5533062883e+00
1.5400000000e+01   6.5708776635e+00
1.5420000000e+01   6.5882375802e+00
1.5440000000e+01   6.6053973500e+00
1.5460000000e+01   6.6229740771e+00
1.5480000000e+01   6.6404016729e+00
1.5500000000e+01   6.6574833268e+00
1.5520000000e+01   6.6750602197e+00
1.5540000000e+01   6.6925900781e+00
1.5560000000e+01   6.7095497083e+00
1.5580000000e+01   6.7271293706e+00
1.5600000000e+01   6.7448532129e+00
1.5620000000e+01   6.7615138369e+00
1.5640000000e+01   6.7791963661e+00
1.5660000000e+01   6.7975559538e+00
1.5680000000e+01   6.8095744723e+00
1.5700000000e+01   6.8118809756e+00
1.5720000000e+01   6.8105742429e+00
1.5740000000e+01   6.8109193320e+00
1.5760000000e+01   6.8113340111e+00
1.5780000000e+01   6.8108093682e+00
1.5800000000e+01   6.8109211798e+00
1.5820000000e+01   6.8112224940e+00
1.5840000000e+01   6.8109035881e+00
1.5860000000e+01   6.8109091649e+00
1.5880000000e+01   6.8111689822e+00
1.5900000000e+01   6.8109592302e+00
1.5920000000e+01   6.8109011926e+00
1.5940000000e+01   6.8111316388e+00
1.5960000000e+01   6.8109985574e+00
1.5980000000e+01   6.8108982669e+00
1.6000000000e+01   6.8111002049e+00
1.6020000000e+01   6.8110285066e+00
1.6040000000e+01   6.8109002303e+00
1.6060000000e+01   6.8110714006e+00
1.6080000000e+01   6.8110516060e+00
1.6100000000e+01   6.8109067857e+00
1.6120000000e+01   6.8110442377e+00
1.6140000000e+01   6.8110687985e+00
1.6160000000e+01   6.8109175378e+00
1.6180000000e+01   6.8110186808e+00
1.6200000000e+01   6.8110804122e+00
1.6220000000e+01   6.8109319595e+00
1.6240000000e+01   6.8109951444e+00
1.6260000000e+01   6.8110865689e+00
1.6280000000e+01   6.8109493722e+00
1.6300000000e+01   6.8109742542e+00
1.6320000000e+01   6.8110873863e+00
1.6340000000e+01   6.8109689465e+00
1.6360000000e+01   6.8109567055e+00
1.6380000000e+01   6.8110830876e+00
1.6400000000e+01   6.8109897223e+00
1.6420000000e+01   6.8109431644e+00
1.6440000000e+01   6.8110740625e+00
1.6460000000e+01   6.8110106429e+00
1.6480000000e+01   6.8109341897e+00
1.6500000000e+01   6.8110608965e+00
1.6520000000e+01   6.8110306023e+00
1.6540000000e+01   6.8109301706e+00
1.6560000000e+01   6.8110443754e+00
1.6580000000e+01   6.8110485007e+00
1.6600000000e+01   6.8109312771e+00
1.6620000000e+01   6.8110254702e+00
1.6640000000e+01   6.8110633065e+00
1.6660000000e+01   6.8109374254e+00
1.6680000000e+01   6.8110053032e+00
1.6700000000e+01   6.8110741193e+00
1.6720000000e+01   6.8109482587e+00
1.6740000000e+01   6.8109850997e+00
1.6760000000e+01   6.8110802311e+00
1.6780000000e+01   6.8109631457e+00
1.6800000000e+01   6.8109661263e+00
1.6820000000e+01   6.8110811803e+00
1.6840000000e+01   6.8109811969e+00
1.6860000000e+01   6.8109496203e+00
1.6880000000e+01   6.8110767953e+00
1.6900000000e+01   6.8110013002e+00
1.6920000000e+01   6.8109367153e+00
1.6940000000e+01   6.8110672235e+00
1.6960000000e+01   6.8110221730e+00
1.6980000000e+01   6.8109283652e+00
1.7000000000e+01   6.8110529417e+00
1.7020000000e+01   6.8110424299e+00
1.7040000000e+01   6.8109252749e+00
1.7060000000e+01   6.8110347472e+00
1.7080000000e+01   6.8110606629e+00
1.7100000000e+01   6.8109278401e+00
1.7120000000e+01   6.8110137278e+00
1.7140000000e+01   6.8110755291e+00
1.7160000000e+01   6.8109361029e+00
1.7180000000e+01   6.8109912092e+00
1.7200000000e+01   6.8110858406e+00
1.7220000000e+01   6.8109497267e+00
1.7240000000e+01   6.8109686848e+00
1.7260000000e+01   6.8110906520e+00
1.7280000000e+01   6.8109679944e+00
1.7300000000e+01   6.8109477273e+00
1.7320000000e+01   6.8110893378e+00
1.7340000000e+01   6.8109898308e+00
1.7360000000e+01   6.8109298890e+00
1.7380000000e+01   6.8110816554e+00
1.7400000000e+01   6.8110138514e+00
1.7420000000e+01   6.8109165962e+00
1.7440000000e+01   6.8110677861e+00
1.7460000000e+01   6.8110384352e+00
1.7480000000e+01   6.8109090424e+00
1.7500000000e+01   6.8110483524e+00
1.7520000000e+01   6.8110618193e+00
1.7540000000e+01   6.8109080906e+00
1.7560000000e+01   6.8110244044e+00
1.7580000000e+01   6.8110822104e+00
1.7600000000e+01   6.8109141899e+00
1.7620000000e+01   6.8109973783e+00
1.7640000000e+01   6.8110979065e+00
1.7660000000e+01   6.8109273139e+00
1.7680000000e+01   6.8109690228e+00
1.7700000000e+01   6.8111074226e+00
1.7720000000e+01   6.8109469277e+00
1.7740000000e+01   6.8109412989e+00
1.7760000000e+01   6.8111096106e+00
1.7780000000e+01   6.8109719875e+00
1.7800000000e+01   6.8109162568e+00
1.7820000000e+01   6.8111037653e+00
1.7840000000e+01   6.8110009763e+00
1.7860000000e+01   6.8108958958e+00
1.7880000000e+01   6.8110897081e+00
1.7900000000e+01   6.8110319754e+00
1.7920000000e+01   6.8108820165e+00
1.7940000000e+01   6.8110678397e+00
1.7960000000e+01   6.8110627706e+00
1.7980000000e+01   6.8108760749e+00
1.8000000000e+01   6.8110391567e+00
1.8020000000e+01   6.8110909877e+00
1.8040000000e+01   6.8108790483e+00
1.8060000000e+01   6.8110052264e+00
1.8080000000e+01   6.8111142512e+00
1.8100000000e+01   6.8108913251e+00
1.8120000000e+01   6.8109681185e+00
1.8140000000e+01   6.8111303560e+00
1.8160000000e+01   6.8109126272e+00
1.8180000000e+01   6.8109302944e+00
1.8200000000e+01   6.8111374412e+00
1.8220000000e+01   6.8109419737e+00
1.8240000000e+01   6.8108944587e+00
1.8260000000e+01   6.8111341537e+00
1.8280000000e+01   6.8109776938e+00
1.8300000000e+01   6.8108633793e+00
1.8320000000e+01   6.8111197899e+00
1.8340000000e+01   6.8110174893e+00
1.8360000000e+01   6.8108396869e+00
1.8380000000e+01   6.8110944010e+00
1.8400000000e+01   6.8110585504e+00
1.8420000000e+01   6.8108256661e+00
1.8440000000e+01   6.8110588535e+00
1.8460000000e+01   6.8110977172e+00
1.8480000000e+01   6.8108230533e+00
1.8500000000e+01   6.8110148348e+00
1.8520000000e+01   6.8111316828e+00
1.8540000000e+01   6.8108328567e+00
1.8560000000e+01   6.8109647979e+00
1.8580000000e+01   6.8111572238e+00
1.8600000000e+01   6.8108552129e+00
1.8620000000e+01   6.8109118455e+00
1.8640000000e+01   6.8111714462e+00
1.8660000000e+01   6.8108892963e+00
1.8680000000e+01   6.8108595529e+00
1.8700000000e+01   6.8111720288e+00
1.8720000000e+01   6.8109332904e+00
1.8740000000e+01   6.8108117402e+00
1.8760000000e+01   6.8111574460e+00
1.8780000000e+01   6.8109844311e+00
1.8800000000e+01   6.8107722033e+00
1.8820000000e+01   6.8111271524e+00
1.8840000000e+01   6.8110391241e+00
1.8860000000e+01   6.8107444203e+00
1.8880000000e+01   6.8110817107e+00
1.8900000000e+01   6.8110931352e+00
1.8920000000e+01   6.8107312536e+00
1.8940000000e+01   6.8110228498e+00
1.8960000000e+01   6.8111418462e+00
1.8980000000e+01   6.8107346687e+00
1.9000000000e+01   6.8109534390e+00
1.9020000000e+01   6.8111805629e+00
1.9040000000e+01   6.8107554934e+00
1.9060000000e+01   6.8108773745e+00
1.9080000000e+01   6.8112048573e+00
1.9100000000e+01   6.8107932390e+00
1.9120000000e+01   6.8107993757e+00
1.9140000000e+01   6.8112109225e+00
1.9160000000e+01   6.8108460037e+00
1.9180000000e+01   6.8107246983e+00
1.9200000000e+01   6.8111959138e+00
1.9220000000e+01   6.8109104725e+00
1.9240000000e+01   6.8106587765e+00
1.9260000000e+01   6.8111582505e+00
1.9280000000e+01   6.8109820249e+00
1.9300000000e+01   6.8106068145e+00
1.9320000000e+01   6.8110978504e+00
1.9340000000e+01   6.8110549503e+00
1.9360000000e+01   6.8105733525e+00
1.9380000000e+01   6.8110162743e+00
1.9400000000e+01   6.8111227665e+00
1.9420000000e+01   6.8105618379e+00
1.9440000000e+01   6.8109167583e+00
1.9460000000e+01   6.8111786269e+00
1.9480000000e+01   6.8105742359e+00
1.9500000000e+01   6.8108041218e+00
1.9520000000e+01   6.8112157940e+00
1.9540000000e+01   6.8106107121e+00
1.9560000000e+01   6.8106845415e+00
1.9580000000e+01   6.8112281496e+00
1.9600000000e+01   6.8106694199e+00
1.9620000000e+01   6.8105651979e+00
1.9640000000e+01   6.8112107073e+00
1.9660000000e+01   6.8107464194e+00
1.9680000000e+01   6.8104538025e+00
1.9700000000e+01   6.8111600897e+00
1.9720000000e+01   6.8108357473e+00
1.9740000000e+01   6.8103580331e+00
1.9760000000e+01   6.8110749283e+00
1.9780000000e+01   6.8109296466e+00
1.9800000000e+01   6.8102849066e+00
1.9820000000e+01   6.8109561503e+00
1.9840000000e+01   6.8110189545e+00
1.9860000000e+01   6.8102401341e+00
1.9880000000e+01   6.8108071175e+00
1.9900000000e+01   6.8110936338e+00
1.9920000000e+01   6.8102275039e+00
1.9940000000e+01   6.8106335889e+00
1.9960000000e+01   6.8111434219e+00
1.9980000000e+01   6.8102483452e+00
2.0000000000e+01   6.8104434917e+00
2.0020000000e+01   6.8111585581e+00
2.0040000000e+01   6.8103011218e+00
2.0060000000e+01   6.8102464948e+00
2.0080000000e+01   6.8111305428e+00
2.0100000000e+01   6.8103812023e+00
2.0120000000e+01   6.8100533939e+00
2.0140000000e+01   6.8110528745e+00
2.0160000000e+01   6.8104808402e+00
2.0180000000e+01   6.8098753346e+00
2.0200000000e+01   6.8109217051e+00
2.0220000000e+01   6.8105893890e+00
2.0240000000e+01   6.8097229131e+00
2.0260000000e+01   6.8107363568e+00
2.0280000000e+01   6.8106937562e+00
2.0300000000e+01   6.8096052114e+00
2.0320000000e+01   6.8104996447e+00
2.0340000000e+01   6.8107790847e+00
2.0360000000e+01   6.8095288346e+00
2.0380000000e+01   6.8102179583e+00
2.0400000000e+01   6.8108296309e+00
2.0420000000e+01   6.8094970265e+00
2.0440000000e+01   6.8099010660e+00
2.0460000000e+01   6.8108297906e+00
2.0480000000e+01   6.8095089419e+00
2.0500000000e+01   6.8095616252e+00
2.0520000000e+01   6.8107652091e+00
2.0540000000e+01   6.8095591489e+00
2.0560000000e+01   6.8092143951e+00
2.0580000000e+01   6.8106239000e+00
2.0600000000e+01   6.8096374251e+00
2.0620000000e+01   6.8088751787e+00
2.0640000000e+01   6.8103972877e+00
2.0660000000e+01   6.8097288910e+00
2.0680000000e+01   6.8085595401e+00
2.0700000000e+01   6.8100810878e+00
2.0720000000e+01   6.8098145030e+00
2.0740000000e+01   6.8082813696e+00
2.0760000000e+01   6.8096759390e+00
2.0780000000e+01   6.8098718991e+00
2.0800000000e+01   6.8080513915e+00
2.0820000000e+01   6.8091877096e+00
2.0840000000e+01   6.8098765653e+00
2.0860000000e+01   6.8078757253e+00
2.0880000000e+01   6.8086274124e+00
2.0900000000e+01   6.8098032599e+00
2.0920000000e+01   6.8077546221e+00
2.0940000000e+01   6.8080106831e+00
2.0960000000e+01   6.8096276113e+00
2.0980000000e+01   6.8076814931e+00
2.1000000000e+01   6.8073568031e+00
2.1020000000e+01   6.8093277843e+00
2.1040000000e+01   6.8076423391e+00
2.1060000000e+01   6.8066872774e+00
2.1080000000e+01   6.8088860960e+00
2.1100000000e+01   6.8076156623e+00
2.1120000000e+01   6.8060240166e+00
2.1140000000e+01   6.8082904543e+00
2.1160000000e+01   6.8075729101e+00
2.1180000000e+01   6.8053872116e+00
2.1200000000e+01   6.8075354900e+00
2.1220000000e+01   6.8074794595e+00
2.1240000000e+01   6.8047930263e+00
2.1260000000e+01   6.8066232598e+00
2.1280000000e+01   6.8072961079e+00
2.1300000000e+01   6.8042512672e+00
2.1320000000e+01   6.8055634080e+00
2.1340000000e+01   6.8069809947e+00
2.1360000000e+01   6.8037632139e+00
2.1380000000e+01   6.8043726973e+00
2.1400000000e+01   6.8064918385e+00
2.1420000000e+01   6.8033197967e+00
2.1440000000e+01   6.8030738466e+00
2.1460000000e+01   6.8057883487e+00
2.1480000000e+01   6.8029003015e+00
2.1500000000e+01   6.8016936591e+00
2.1520000000e+01   6.8048346424e+00
2.1540000000e+01   6.8024717462e+00
2.1560000000e+01   6.8002604678e+00
2.1580000000e+01   6.8036014894e+00
2.1600000000e+01   6.8019890279e+00
2.1620000000e+01   6.7988009916e+00
2.1640000000e+01   6.8020681970e+00
2.1660000000e+01   6.8013958753e+00
2.1680000000e+01   6.7973367550e+00
2.1700000000e+01   6.8002239485e+00
2.1720000000e+01   6.8006265744e+00
2.1740000000e+01   6.7958802858e+00
2.1760000000e+01   6.7980684163e+00
2.1780000000e+01   6.7996083701e+00
2.1800000000e+01   6.7944313539e+00
2.1820000000e+01   6.7956114857e+00
2.1840000000e+01   6.7982643867e+00
2.1860000000e+01   6.7929735411e+00
2.1880000000e+01   6.7928719524e+00
2.1900000000e+01   6.7965168679e+00
2.1920000000e+01   6.7914714262e+00
2.1940000000e+01   6.7898750970e+00
2.1960000000e+01   6.7942905019e+00
2.1980000000e+01   6.7898686303e+00
2.2000000000e+01   6.7866490998e+00
2.2020000000e+01   6.7915155811e+00
2.2040000000e+01   6.7880868930e+00
2.2060000000e+01   6.7832203345e+00
2.2080000000e+01   6.7881307321e+00
2.2100000000e+01   6.7860262464e+00
2.2120000000e+01   6.7796076733e+00
2.2140000000e+01   6.7840849462e+00
2.2160000000e+01   6.7835662399e+00
2.2180000000e+01   6.7758160318e+00
2.2200000000e+01   6.7793386320e+00
2.2220000000e+01   6.7805680511e+00
2.2240000000e+01   6.7718294713e+00
2.2260000000e+01   6.7738634060e+00
2.2280000000e+01   6.7768772138e+00
2.2300000000e+01   6.7676042316e+00
2.2320000000e+01   6.7676403313e+00
2.2340000000e+01   6.7723266122e+00
2.2360000000e+01   6.7630620695e+00
2.2380000000e+01   6.7606563114e+00
2.2400000000e+01   6.7667393280e+00
2.2420000000e+01   6.7580842089e+00
2.2440000000e+01   6.7528983607e+00
2.2460000000e+01   6.7599308752e+00
2.2480000000e+01   6.7525060504e+00
2.2500000000e+01   6.7443454947e+00
2.2520000000e+01   6.7517103064e+00
2.2540000000e+01   6.7461125498e+00
2.2560000000e+01   6.7349580200e+00
2.2580000000e+01   6.7418795920e+00
2.2600000000e+01   6.7386338492e+00
2.2620000000e+01   6.7246640293e+00
2.2640000000e+01   6.7302305405e+00
2.2660000000e+01   6.7297403453e+00
2.2680000000e+01   6.7133428804e+00
2.2700000000e+01   6.7165382945e+00
2.2720000000e+01   6.7190358764e+00
2.2740000000e+01   6.7008052827e+00
2.2760000000e+01   6.7005500473e+00
2.2780000000e+01   6.7060470404e+00
2.2800000000e+01   6.6867691993e+00
2.2820000000e+01   6.6819669728e+00
2.2840000000e+01   6.6902056476e+00
2.2860000000e+01   6.6708298903e+00
2.2880000000e+01   6.6604162512e+00
2.2900000000e+01   6.6708196300e+00
2.2920000000e+01   6.6524207161e+00
2.2940000000e+01   6.6354081085e+00
2.2960000000e+01   6.6470246330e+00
2.2980000000e+01   6.6307581080e+00
2.3000000000e+01   6.6062691277e+00
2.3020000000e+01   6.6177024597e+00
2.3040000000e+01   6.6047579544e+00
2.3060000000e+01   6.5720358364e+00
2.3080000000e+01   6.5813398422e+00
2.3100000000e+01   6.5728981666e+00
2.3120000000e+01   6.5312771212e+00
2.3140000000e+01   6.5357723627e+00
2.3160000000e+01   6.5329746917e+00
2.3180000000e+01   6.4817782485e+00
2.3200000000e+01   6.4776870718e+00
2.3220000000e+01   6.4816309940e+00
2.3240000000e+01   6.4199273578e+00
2.3260000000e+01   6.4015559011e+00
2.3280000000e+01   6.4133533577e+00
2.3300000000e+01   6.3393742847e+00
2.3320000000e+01   6.2969917315e+00
2.3340000000e+01   6.3179996647e+00
2.3360000000e+01   6.2275605514e+00
2.3380000000e+01   6.1405151506e+00
2.3400000000e+01   6.1732295358e+00
2.3420000000e+01   6.0539995621e+00
2.3440000000e+01   5.8562028719e+00
2.3460000000e+01   5.9096970634e+00
2.3480000000e+01   5.7023751587e+00
2.3500000000e+01   4.1950694565e+00
2.3520000000e+01   4.5631050189e+00
2.3540000000e+01   5.3227067290e+00
2.3560000000e+01   5.9171885221e+00
2.3580000000e+01   5.9276128382e+00
2.3600000000e+01   6.0109486358e+00
2.3620000000e+01   6.2363018079e+00
2.3640000000e+01   6.2663618092e+00
2.3660000000e+01   6.2920542977e+00
2.3680000000e+01   6.4341130720e+00
2.3700000000e+01   6.4733021646e+00
2.3720000000e+01   6.4813891728e+00
2.3740000000e+01   6.5824045640e+00
2.3760000000e+01   6.6272397552e+00
2.3780000000e+01   6.6291302052e+00
2.3800000000e+01   6.7040032771e+00
2.3820000000e+01   6.7523215423e+00
2.3840000000e+01   6.7530732651e+00
2.3860000000e+01   6.8091736389e+00
2.3880000000e+01   6.8592405811e+00
2.3900000000e+01   6.8615566281e+00
2.3920000000e+01   6.9034213420e+00
2.3940000000e+01   6.9537226626e+00
2.3960000000e+01   6.9591317075e+00
2.3980000000e+01   6.9900276032e+00
2.4000000000e+01   7.0392295350e+00
2.4020000000e+01   7.0485437004e+00
2.4040000000e+01   7.0710807321e+00
2.4060000000e+01   7.1180423602e+00
2.4080000000e+01   7.1315753833e+00
2.4100000000e+01   7.1479641088e+00
2.4120000000e+01   7.1917635617e+00
2.4140000000e+01   7.2094569972e+00
2.4160000000e+01   7.2216147338e+00
2.4180000000e+01   7.2615732535e+00
2.4200000000e+01   7.2830845640e+00
2.4220000000e+01   7.2926735951e+00
2.4240000000e+01   7.3283696775e+00
2.4260000000e+01   7.3531440458e+00
2.4280000000e+01   7.3615802890e+00
2.4300000000e+01   7.3928502122e+00
2.4320000000e+01   7.4201852042e+00
2.4340000000e+01   7.4286364988e+00
2.4360000000e+01   7.4555602717e+00
2.4380000000e+01   7.4846667211e+00
2.4400000000e+01   7.4940506197e+00
2.4420000000e+01   7.5169243952e+00
2.4440000000e+01   7.5469839712e+00
2.4460000000e+01   7.5579700220e+00
2.4480000000e+01   7.5772674926e+00
2.4500000000e+01   7.6074858486e+00
2.4520000000e+01   7.6205046020e+00
2.4540000000e+01   7.6368308349e+00
2.4560000000e+01   7.6664844707e+00
2.4580000000e+01   7.6817438376e+00
2.4600000000e+01   7.6957854187e+00
2.4620000000e+01   7.7242601876e+00
2.4640000000e+01   7.7417688190e+00
2.4660000000e+01   7.7542441099e+00
2.4680000000e+01   7.7810635575e+00
2.4700000000e+01   7.8006603109e+00
2.4720000000e+01   7.8122731831e+00
2.4740000000e+01   7.8371155049e+00
2.4760000000e+01   7.8585036614e+00
2.4780000000e+01   7.8699033708e+00
2.4800000000e+01   7.8926066026e+00
2.4820000000e+01   7.9153912024e+00
2.4840000000e+01   7.9271402615e+00
2.4860000000e+01   7.9476962263e+00
2.4880000000e+01   7.9714226789e+00
2.4900000000e+01   7.9839737676e+00
2.4920000000e+01   8.0025121557e+00
2.4940000000e+01   8.0267041553e+00
2.4960000000e+01   8.0403863808e+00
2.4980000000e+01   8.0571510280e+00
2.5000000000e+01   8.0813457957e+00
2.5020000000e+01   8.0963600032e+00
2.5040000000e+01   8.1116798648e+00
2.5060000000e+01   8.1354588740e+00
2.5080000000e+01   8.1518812399e+00
2.5100000000e+01   8.1661387228e+00
2.5120000000e+01   8.1891523511e+00
2.5140000000e+01   8.2069451378e+00
2.5160000000e+01   8.2205443497e+00
2.5180000000e+01   8.2425293395e+00
2.5200000000e+01   8.2615574439e+00
2.5220000000e+01   8.2748946092e+00
2.5240000000e+01   8.2956837568e+00
2.5260000000e+01   8.3157355180e+00
2.5280000000e+01   8.3291733528e+00
2.5300000000e+01   8.3486974437e+00
2.5320000000e+01   8.3695080777e+00
2.5340000000e+01   8.3833553917e+00
2.5360000000e+01   8.4016379723e+00
2.5380000000e+01   8.4229139798e+00
2.5400000000e+01   8.4374112378e+00
2.5420000000e+01   8.4545573132e+00
2.5440000000e+01   8.4760002551e+00
2.5460000000e+01   8.4913113361e+00
2.5480000000e+01   8.5074914458e+00
2.5500000000e+01   8.5288196178e+00
2.5520000000e+01   8.5450295817e+00
2.5540000000e+01   8.5604609138e+00
2.5560000000e+01   8.5814276743e+00
2.5580000000e+01   8.5985459979e+00
2.5600000000e+01   8.6134722425e+00
2.5620000000e+01   8.6338800467e+00
2.5640000000e+01   8.6518485228e+00
2.5660000000e+01   8.6665200624e+00
2.5680000000e+01   8.6862296197e+00
2.5700000000e+01   8.7049339214e+00
2.5720000000e+01   8.7195897338e+00
2.5740000000e+01   8.7385240932e+00
2.5760000000e+01   8.7578078884e+00
2.5780000000e+01   8.7726602407e+00
2.5800000000e+01   8.7908039993e+00
2.5820000000e+01   8.8104844457e+00
2.5840000000e+01   8.8257071241e+00
2.5860000000e+01   8.8431012960e+00
2.5880000000e+01   8.8629847668e+00
2.5900000000e+01   8.8787052440e+00
2.5920000000e+01   8.8954386052e+00
2.5940000000e+01   8.9153355706e+00
2.5960000000e+01   8.9316312023e+00
2.5980000000e+01   8.9478291077e+00
2.6000000000e+01   8.9675672419e+00
2.6020000000e+01   8.9844653014e+00
2.6040000000e+01   9.0002770562e+00
2.6060000000e+01   9.0197118301e+00
2.6080000000e+01   9.0371929664e+00
2.6100000000e+01   9.0527788205e+00
2.6120000000e+01   9.0718010745e+00
2.6140000000e+01   9.0898056027e+00
2.6160000000e+01   9.1053243438e+00
2.6180000000e+01   9.1238645910e+00
2.6200000000e+01   9.1423009053e+00
2.6220000000e+01   9.1578988663e+00
2.6240000000e+01   9.1759283320e+00
2.6260000000e+01   9.1946826657e+00
2.6280000000e+01   9.2104847669e+00
2.6300000000e+01   9.2280134095e+00
2.6320000000e+01   9.2469601496e+00
2.6340000000e+01   9.2630633787e+00
2.6360000000e+01   9.2801353346e+00
2.6380000000e+01   9.2991471370e+00
2.6400000000e+01   9.3156166548e+00
2.6420000000e+01   9.3323036954e+00
2.6440000000e+01   9.3512607244e+00
2.6460000000e+01   9.3681285834e+00
2.6480000000e+01   9.3845222624e+00
2.6500000000e+01   9.4033199956e+00
2.6520000000e+01   9.4205862857e+00
2.6540000000e+01   9.4367894750e+00
2.6560000000e+01   9.4553446633e+00
2.6580000000e+01   9.4729807571e+00
2.6600000000e+01   9.4890992412e+00
2.6620000000e+01   9.5073537789e+00
2.6640000000e+01   9.5253072427e+00
2.6660000000e+01   9.5414419643e+00
2.6680000000e+01   9.5593645929e+00
2.6700000000e+01   9.5775652651e+00
2.6720000000e+01   9.5938056994e+00
2.6740000000e+01   9.6113916336e+00
2.6760000000e+01   9.6297583398e+00
2.6780000000e+01   9.6461773459e+00
2.6800000000e+01   9.6634460493e+00
2.6820000000e+01   9.6818934331e+00
2.6840000000e+01   9.6985437870e+00
2.6860000000e+01   9.7155352394e+00
2.6880000000e+01   9.7339802258e+00
2.6900000000e+01   9.7508929029e+00
2.6920000000e+01   9.7676627741e+00
2.6940000000e+01   9.7860302515e+00
2.6960000000e+01   9.8032143989e+00
2.6980000000e+01   9.8198285845e+00
2.7000000000e+01   9.8380559823e+00
2.7020000000e+01   9.8555004143e+00
2.7040000000e+01   9.8720293841e+00
2.7060000000e+01   9.8900699280e+00
2.7080000000e+01   9.9077458916e+00
2.7100000000e+01   9.9242592706e+00
2.7120000000e+01   9.9420838111e+00
2.7140000000e+01   9.9599487074e+00
2.7160000000e+01   9.9765104480e+00
2.7180000000e+01   9.9941078669e+00
2.7200000000e+01   1.0012109583e+01
2.7220000000e+01   1.0028774006e+01
2.7240000000e+01   1.0046150308e+01
2.7260000000e+01   1.0064231799e+01
2.7280000000e+01   1.0081040695e+01
2.7300000000e+01   1.0098216972e+01
2.7320000000e+01   1.0116320762e+01
2.7340000000e+01   1.0133301649e+01
2.7360000000e+01   1.0150311173e+01
2.7380000000e+01   1.0168383457e+01
2.7400000000e+01   1.0185548996e+01
2.7420000000e+01   1.0202433726e+01
2.7440000000e+01   1.0220427842e+01
2.7460000000e+01   1.0237776350e+01
2.7480000000e+01   1.0254583158e+01
2.7500000000e+01   1.0272462225e+01
2.7520000000e+01   1.0289979135e+01
2.7540000000e+01   1.0306756045e+01
2.7560000000e+01   1.0324494677e+01
2.7580000000e+01   1.0342154758e+01
2.7600000000e+01   1.0358947457e+01
2.7620000000e+01   1.0376532509e+01
2.7640000000e+01   1.0394302623e+01
2.7660000000e+01   1.0411151463e+01
2.7680000000e+01   1.0428581848e+01
2.7700000000e+01   1.0446424004e+01
2.7720000000e+01   1.0463361659e+01
2.7740000000e+01   1.0480647330e+01
2.7760000000e+01   1.0498521798e+01
2.7780000000e+01   1.0515571672e+01
2.7800000000e+01   1.0532731926e+01
2.7820000000e+01   1.0550600192e+01
2.7840000000e+01   1.0567775617e+01
2.7860000000e+01   1.0584836898e+01
2.7880000000e+01   1.0602664264e+01
2.7900000000e+01   1.0619968475e+01
2.7920000000e+01   1.0636961873e+01
2.7940000000e+01   1.0654719564e+01
2.7960000000e+01   1.0672146374e+01
2.7980000000e+01   1.0689105027e+01
2.8000000000e+01   1.0706771692e+01
2.8020000000e+01   1.0724306759e+01
2.8040000000e+01   1.0741263351e+01
2.8060000000e+01   1.0758825915e+01
2.8080000000e+01   1.0776448468e+01
2.8100000000e+01   1.0793432973e+01
2.8120000000e+01   1.0810886838e+01
2.8140000000e+01   1.0828571688e+01
2.8160000000e+01   1.0845609513e+01
2.8180000000e+01   1.0862958147e+01
2.8200000000e+01   1.0880677831e+01
2.8220000000e+01   1.0897788437e+01
2.8240000000e+01   1.0915042439e+01
2.8260000000e+01   1.0932769340e+01
2.8280000000e+01   1.0949965393e+01
2.8300000000e+01   1.0967141141e+01
2.8320000000e+01   1.0984849429e+01
2.8340000000e+01   1.1002136497e+01
2.8360000000e+01   1.1019254516e+01
2.8380000000e+01   1.1036921805e+01
2.8400000000e+01   1.1054298569e+01
2.8420000000e+01   1.1071381747e+01
2.8440000000e+01   1.1088990373e+01
2.8460000000e+01   1.1106449296e+01
2.8480000000e+01   1.1123521092e+01
2.8500000000e+01   1.1141058950e+01
2.8520000000e+01   1.1158587316e+01
2.8540000000e+01   1.1175670080e+01
2.8560000000e+01   1.1193131020e+01
2.8580000000e+01   1.1210712242e+01
2.8600000000e+01   1.1227825752e+01
2.8620000000e+01   1.1245209518e+01
2.8640000000e+01   1.1262824605e+01
2.8660000000e+01   1.1279984901e+01
2.8680000000e+01   1.1297296680e+01
2.8700000000e+01   1.1314925743e+01
2.8720000000e+01   1.1332144321e+01
2.8740000000e+01   1.1349393943e+01
2.8760000000e+01   1.1367017651e+01
2.8780000000e+01   1.1384301024e+01
2.8800000000e+01   1.1401501922e+01
2.8820000000e+01   1.1419102791e+01
2.8840000000e+01   1.1436452431e+01
2.8860000000e+01   1.1453620426e+01
2.8880000000e+01   1.1471183887e+01
2.8900000000e+01   1.1488596515e+01
2.8920000000e+01   1.1505748541e+01
2.8940000000e+01   1.1523263724e+01
2.8960000000e+01   1.1540731896e+01
2.8980000000e+01   1.1557884750e+01
2.9000000000e+01   1.1575344954e+01
2.9020000000e+01   1.1592857889e+01
2.9040000000e+01   1.1610027086e+01
2.9060000000e+01   1.1627429926e+01
2.9080000000e+01   1.1644974492e+01
2.9100000000e+01   1.1662173295e+01
2.9120000000e+01   1.1679520555e+01
2.9140000000e+01   1.1697082338e+01
2.9160000000e+01   1.1714321016e+01
2.9180000000e+01   1.1731618224e+01
2.9200000000e+01   1.1749182605e+01
2.9220000000e+01   1.1766467949e+01
2.9240000000e+01   1.1783723729e+01
2.9260000000e+01   1.1801276900e+01
2.9280000000e+01   1.1818612002e+01
2.9300000000e+01   1.1835837275e+01
2.9320000000e+01   1.1853367117e+01
2.9340000000e+01   1.1870751419e+01
2.9360000000e+01   1.1887958503e+01
2.9380000000e+01   1.1905455292e+01
2.9400000000e+01   1.1922884869e+01
2.9420000000e+01   1.1940086550e+01
2.9440000000e+01   1.1957543461e+01
2.9460000000e+01   1.1975011511e+01
2.9480000000e+01   1.1992220153e+01
2.9500000000e+01   1.2009633523e+01
2.9520000000e+01   1.2027131010e+01
2.9540000000e+01   1.2044357748e+01
2.9560000000e+01   1.2061727129e+01
2.9580000000e+01   1.2079243525e+01
2.9600000000e+01   1.2096497603e+01
2.9620000000e+01   1.2113825584e+01
2.9640000000e+01   1.2131349668e+01
2.9660000000e+01   1.2148637937e+01
2.9680000000e+01   1.2165929795e+01
2.9700000000e+01   1.2183450435e+01
2.9720000000e+01   1.2200777044e+01
2.9740000000e+01   1.2218040230e+01
2.9760000000e+01   1.2235547115e+01
2.9780000000e+01   1.2252913390e+01
2.9800000000e+01   1.2270156921e+01
2.9820000000e+01   1.2287641189e+01
2.9840000000e+01   1.2305045708e+01
2.9860000000e+01   1.2322279490e+01
2.9880000000e+01   1.2339734227e+01
2.9900000000e+01   1.2357173058e+01
2.9920000000e+01   1.2374407195e+01
2.9940000000e+01   1.2391827783e+01
2.9960000000e+01   1.2409294866e+01
2.9980000000e+01   1.2426539002e+01
3.0000000000e+01   1.2443923296e+01
3.0020000000e+01   1.2461410937e+01
3.0040000000e+01   1.2478673665e+01
3.0060000000e+01   1.2496022017e+01
3.0080000000e+01   1.2513521445e+01
3.0100000000e+01   1.2530809817e+01
3.0120000000e+01   1.2548124933e+01
3.0140000000e+01   1.2565626904e+01
3.0160000000e+01   1.2582946055e+01
3.0180000000e+01   1.2600232733e+01
3.0200000000e+01   1.2617728112e+01
3.0220000000e+01   1.2635081031e+01
3.0240000000e+01   1.2652345779e+01
3.0260000000e+01   1.2669826093e+01
3.0280000000e+01   1.2687213521e+01
3.0300000000e+01   1.2704464107e+01
3.0320000000e+01   1.2721922022e+01
3.0340000000e+01   1.2739342494e+01
3.0360000000e+01   1.2756587443e+01
3.0380000000e+01   1.2774017151e+01
3.0400000000e+01   1.2791467152e+01
3.0420000000e+01   1.2808715238e+01
3.0440000000e+01   1.2826112739e+01
3.0460000000e+01   1.2843586962e+01
3.0480000000e+01   1.2860846716e+01
3.0500000000e+01   1.2878209977e+01
3.0520000000e+01   1.2895701664e+01
3.0540000000e+01   1.2912980929e+01
3.0560000000e+01   1.2930309939e+01
3.0580000000e+01   1.2947811261e+01
3.0600000000e+01   1.2965116822e+01
3.0620000000e+01   1.2982413536e+01
3.0640000000e+01   1.2999916001e+01
3.0660000000e+01   1.3017253296e+01
3.0680000000e+01   1.3034521488e+01
3.0700000000e+01   1.3052016326e+01
3.0720000000e+01   1.3069389264e+01
3.0740000000e+01   1.3086634315e+01
3.0760000000e+01   1.3104112828e+01
3.0780000000e+01   1.3121523710e+01
3.0800000000e+01   1.3138752355e+01
3.0820000000e+01   1.3156206171e+01
3.0840000000e+01   1.3173655728e+01
3.0860000000e+01   1.3190875800e+01
3.0880000000e+01   1.3208297008e+01
3.0900000000e+01   1.3225784553e+01
3.0920000000e+01   1.3243004782e+01
3.0940000000e+01   1.3260385864e+01
3.0960000000e+01   1.3277909580e+01
3.0980000000e+01   1.3295139511e+01
3.1000000000e+01   1.3312472949e+01
3.1020000000e+01   1.3330030360e+01
3.1040000000e+01   1.3347280557e+01
3.1060000000e+01   1.3364557812e+01
3.1080000000e+01   1.3382146596e+01
3.1100000000e+01   1.3399429457e+01
3.1120000000e+01   1.3416638523e+01
3.1140000000e+01   1.3434258162e+01
3.1160000000e+01   1.3451590292e+01
3.1180000000e+01   1.3468709195e+01
3.1200000000e+01   1.3486365539e+01
3.1220000000e+01   1.3503774893e+01
3.1240000000e+01   1.3520749666e+01
3.1260000000e+01   1.3538474344e+01
3.1280000000e+01   1.3556027020e+01
3.1300000000e+01   1.3572650814e+01
3.1320000000e+01   1.3590692130e+01
3.1340000000e+01   1.3608540561e+01
3.1360000000e+01   1.3618828859e+01
3.1380000000e+01   1.3619915354e+01
3.1400000000e+01   1.3618733054e+01
3.1420000000e+01   1.3619307201e+01
3.1440000000e+01   1.3619508969e+01
3.1460000000e+01   1.3618994887e+01
3.1480000000e+01   1.3619243601e+01
3.1500000000e+01   1.3619436018e+01
3.1520000000e+01   1.3619093337e+01
3.1540000000e+01   1.3619204546e+01
3.1560000000e+01   1.3619402392e+01
3.1580000000e+01   1.3619151480e+01
3.1600000000e+01   1.3619179353e+01
3.1620000000e+01   1.3619377904e+01
3.1640000000e+01   1.3619193792e+01
3.1660000000e+01   1.3619163043e+01
3.1680000000e+01   1.3619355467e+01
3.1700000000e+01   1.3619227693e+01
3.1720000000e+01   1.3619153599e+01
3.1740000000e+01   1.3619332926e+01
3.1760000000e+01   1.3619255796e+01
3.1780000000e+01   1.3619150097e+01
3.1800000000e+01   1.3619309751e+01
3.1820000000e+01   1.3619278965e+01
3.1840000000e+01   1.3619151985e+01
3.1860000000e+01   1.3619286123e+01
3.1880000000e+01   1.3619297352e+01
3.1900000000e+01   1.3619158784e+01
3.1920000000e+01   1.3619262595e+01
3.1940000000e+01   1.3619310832e+01
3.1960000000e+01   1.3619169951e+01
3.1980000000e+01   1.3619239931e+01
3.2000000000e+01   1.3619319221e+01
3.2020000000e+01   1.3619184811e+01
3.2040000000e+01   1.3619219002e+01
3.2060000000e+01   1.3619322406e+01
3.2080000000e+01   1.3619202541e+01
3.2100000000e+01   1.3619200699e+01
3.2120000000e+01   1.3619320421e+01
3.2140000000e+01   1.3619222176e+01
3.2160000000e+01   1.3619185867e+01
3.2180000000e+01   1.3619313498e+01
3.2200000000e+01   1.3619242633e+01
3.2220000000e+01   1.3619175235e+01
3.2240000000e+01   1.3619302095e+01
3.2260000000e+01   1.3619262758e+01
3.2280000000e+01   1.3619169360e+01
3.2300000000e+01   1.3619286896e+01
3.2320000000e+01   1.3619281377e+01
3.2340000000e+01   1.3619168573e+01
3.2360000000e+01   1.3619268805e+01
3.2380000000e+01   1.3619297360e+01
3.2400000000e+01   1.3619172940e+01
3.2420000000e+01   1.3619248910e+01
3.2440000000e+01   1.3619309689e+01
3.2460000000e+01   1.3619182240e+01
3.2480000000e+01   1.3619228435e+01
3.2500000000e+01   1.3619317522e+01
3.2520000000e+01   1.3619195958e+01
3.2540000000e+01   1.3619208684e+01
3.2560000000e+01   1.3619320252e+01
3.2580000000e+01   1.3619213290e+01
3.2600000000e+01   1.3619190960e+01
3.2620000000e+01   1.3619317562e+01
3.2640000000e+01   1.3619233178e+01
3.2660000000e+01   1.3619176497e+01
3.2680000000e+01   1.3619309463e+01
3.2700000000e+01   1.3619254360e+01
3.2720000000e+01   1.3619166369e+01
3.2740000000e+01   1.3619296307e+01
3.2760000000e+01   1.3619275431e+01
3.2780000000e+01   1.3619161422e+01
3.2800000000e+01   1.3619278793e+01
3.2820000000e+01   1.3619294927e+01
3.2840000000e+01   1.3619162197e+01
3.2860000000e+01   1.3619257939e+01
3.2880000000e+01   1.3619311414e+01
3.2900000000e+01   1.3619168882e+01
3.2920000000e+01   1.3619235039e+01
3.2940000000e+01   1.3619323586e+01
3.2960000000e+01   1.3619181273e+01
3.2980000000e+01   1.3619211594e+01
3.3000000000e+01   1.3619330353e+01
3.3020000000e+01   1.3619198767e+01
3.3040000000e+01   1.3619189224e+01
3.3060000000e+01   1.3619330935e+01
3.3080000000e+01   1.3619220369e+01
3.3100000000e+01   1.3619169570e+01
3.3120000000e+01   1.3619324932e+01
3.3140000000e+01   1.3619244740e+01
3.3160000000e+01   1.3619154178e+01
3.3180000000e+01   1.3619312375e+01
3.3200000000e+01   1.3619270258e+01
3.3220000000e+01   1.3619144394e+01
3.3240000000e+01   1.3619293756e+01
3.3260000000e+01   1.3619295119e+01
3.3280000000e+01   1.3619141248e+01
3.3300000000e+01   1.3619270028e+01
3.3320000000e+01   1.3619317438e+01
3.3340000000e+01   1.3619145363e+01
3.3360000000e+01   1.3619242566e+01
3.3380000000e+01   1.3619335387e+01
3.3400000000e+01   1.3619156881e+01
3.3420000000e+01   1.3619213105e+01
3.3440000000e+01   1.3619347315e+01
3.3460000000e+01   1.3619175419e+01
3.3480000000e+01   1.3619183645e+01
3.3500000000e+01   1.3619351887e+01
3.3520000000e+01   1.3619200050e+01
3.3540000000e+01   1.3619156323e+01
3.3560000000e+01   1.3619348202e+01
3.3580000000e+01   1.3619229332e+01
3.3600000000e+01   1.3619133276e+01
3.3620000000e+01   1.3619335883e+01
3.3640000000e+01   1.3619261370e+01
3.3660000000e+01   1.3619116481e+01
3.3680000000e+01   1.3619315154e+01
3.3700000000e+01   1.3619293917e+01
3.3720000000e+01   1.3619107601e+01
3.3740000000e+01   1.3619286865e+01
3.3760000000e+01   1.3619324505e+01
3.3780000000e+01   1.3619107839e+01
3.3800000000e+01   1.3619252483e+01
3.3820000000e+01   1.3619350610e+01
3.3840000000e+01   1.3619117807e+01
3.3860000000e+01   1.3619214036e+01
3.3880000000e+01   1.3619369827e+01
3.3900000000e+01   1.3619137437e+01
3.3920000000e+01   1.3619174006e+01
3.3940000000e+01   1.3619380057e+01
3.3960000000e+01   1.3619165920e+01
3.3980000000e+01   1.3619135189e+01
3.4000000000e+01   1.3619379685e+01
3.4020000000e+01   1.3619201710e+01
3.4040000000e+01   1.3619100509e+01
3.4060000000e+01   1.3619367741e+01
3.4080000000e+01   1.3619242566e+01
3.4100000000e+01   1.3619072814e+01
3.4120000000e+01   1.3619344022e+01
3.4140000000e+01   1.3619285663e+01
3.4160000000e+01   1.3619054654e+01
3.4180000000e+01   1.3619309177e+01
3.4200000000e+01   1.3619327744e+01
3.4220000000e+01   1.3619048065e+01
3.4240000000e+01   1.3619264727e+01
3.4260000000e+01   1.3619365325e+01
3.4280000000e+01   1.3619054362e+01
3.4300000000e+01   1.3619213033e+01
3.4320000000e+01   1.3619394932e+01
3.4340000000e+01   1.3619073978e+01
3.4360000000e+01   1.3619157190e+01
3.4380000000e+01   1.3619413360e+01
3.4400000000e+01   1.3619106348e+01
3.4420000000e+01   1.3619100859e+01
3.4440000000e+01   1.3619417932e+01
3.4460000000e+01   1.3619149852e+01
3.4480000000e+01   1.3619048040e+01
3.4500000000e+01   1.3619406748e+01
3.4520000000e+01   1.3619201843e+01
3.4540000000e+01   1.3619002797e+01
3.4560000000e+01   1.3619378894e+01
3.4580000000e+01   1.3619258741e+01
3.4600000000e+01   1.3618968954e+01
3.4620000000e+01   1.3619334600e+01
3.4640000000e+01   1.3619316218e+01
3.4660000000e+01   1.3618949774e+01
3.4680000000e+01   1.3619275327e+01
3.4700000000e+01   1.3619369444e+01
3.4720000000e+01   1.3618947651e+01
3.4740000000e+01   1.3619203766e+01
3.4760000000e+01   1.3619413407e+01
3.4780000000e+01   1.3618963839e+01
3.4800000000e+01   1.3619123748e+01
3.4820000000e+01   1.3619443260e+01
3.4840000000e+01   1.3618998237e+01
3.4860000000e+01   1.3619040055e+01
3.4880000000e+01   1.3619454707e+01
3.4900000000e+01   1.3619049258e+01
3.4920000000e+01   1.3618958141e+01
3.4940000000e+01   1.3619444369e+01
3.4960000000e+01   1.3619113794e+01
3.4980000000e+01   1.3618883769e+01
3.5000000000e+01   1.3619410122e+01
3.5020000000e+01   1.3619187297e+01
3.5040000000e+01   1.3618822590e+01
3.5060000000e+01   1.3619351372e+01
3.5080000000e+01   1.3619263976e+01
3.5100000000e+01   1.3618779686e+01
3.5120000000e+01   1.3619269244e+01
3.5140000000e+01   1.3619337098e+01
3.5160000000e+01   1.3618759103e+01
3.5180000000e+01   1.3619166650e+01
3.5200000000e+01   1.3619399405e+01
3.5220000000e+01   1.3618763418e+01
3.5240000000e+01   1.3619048235e+01
3.5260000000e+01   1.3619443596e+01
3.5280000000e+01   1.3618793375e+01
3.5300000000e+01   1.3618920178e+01
3.5320000000e+01   1.3619462864e+01
3.5340000000e+01   1.3618847619e+01
3.5360000000e+01   1.3618789853e+01
3.5380000000e+01   1.3619451448e+01
3.5400000000e+01   1.3618922561e+01
3.5420000000e+01   1.3618665361e+01
3.5440000000e+01   1.3619405160e+01
3.5460000000e+01   1.3619012410e+01
3.5480000000e+01   1.3618554950e+01
3.5500000000e+01   1.3619321839e+01
3.5520000000e+01   1.3619109358e+01
3.5540000000e+01   1.3618466361e+01
3.5560000000e+01   1.3619201697e+01
3.5580000000e+01   1.3619203951e+01
3.5600000000e+01   1.3618406134e+01
3.5620000000e+01   1.3619047524e+01
3.5640000000e+01   1.3619285612e+01
3.5660000000e+01   1.3618378934e+01
3.5680000000e+01   1.3618864700e+01
3.5700000000e+01   1.3619343304e+01
3.5720000000e+01   1.3618386943e+01
3.5740000000e+01   1.3618661012e+01
3.5760000000e+01   1.3619366283e+01
3.5780000000e+01   1.3618429378e+01
3.5800000000e+01   1.3618446267e+01
3.5820000000e+01   1.3619344911e+01
3.5840000000e+01   1.3618502182e+01
3.5860000000e+01   1.3618231681e+01
3.5880000000e+01   1.3619271454e+01
3.5900000000e+01   1.3618597932e+01
3.5920000000e+01   1.3618029099e+01
3.5940000000e+01   1.3619140819e+01
3.5960000000e+01   1.3618705991e+01
3.5980000000e+01   1.3617850060e+01
3.6000000000e+01   1.3618951152e+01
3.6020000000e+01   1.3618812923e+01
3.6040000000e+01   1.3617704774e+01
3.6060000000e+01   1.3618704258e+01
3.6080000000e+01   1.3618903149e+01
3.6100000000e+01   1.3617601081e+01
3.6120000000e+01   1.3618405764e+01
3.6140000000e+01   1.3618959831e+01
3.6160000000e+01   1.3617543460e+01
3.6180000000e+01   1.3618064998e+01
3.6200000000e+01   1.3618965931e+01
3.6220000000e+01   1.3617532191e+01
3.6240000000e+01   1.3617694563e+01
3.6260000000e+01   1.3618905378e+01
3.6280000000e+01   1.3617562738e+01
3.6300000000e+01   1.3617309576e+01
3.6320000000e+01   1.3618764275e+01
3.6340000000e+01   1.3617625424e+01
3.6360000000e+01   1.3616926620e+01
3.6380000000e+01   1.3618532047e+01
3.6400000000e+01   1.3617705466e+01
3.6420000000e+01   1.3616562421e+01
3.6440000000e+01   1.3618202445e+01
3.6460000000e+01   1.3617783387e+01
3.6480000000e+01   1.3616232344e+01
3.6500000000e+01   1.3617774309e+01
3.6520000000e+01   1.3617835808e+01
3.6540000000e+01   1.3615948787e+01
3.6560000000e+01   1.3617252006e+01
3.6580000000e+01   1.3617836605e+01
3.6600000000e+01   1.3615719602e+01
3.6620000000e+01   1.3616645469e+01
3.6640000000e+01   1.3617758361e+01
3.6660000000e+01   1.3615546655e+01
3.6680000000e+01   1.3615969773e+01
3.6700000000e+01   1.3617574028e+01
3.6720000000e+01   1.3615424672e+01
3.6740000000e+01   1.3615244234e+01
3.6760000000e+01   1.3617258704e+01
3.6780000000e+01   1.3615340476e+01
3.6800000000e+01   1.3614491004e+01
3.6820000000e+01   1.3616791389e+01
3.6840000000e+01   1.3615272727e+01
3.6860000000e+01   1.3613733235e+01
3.6880000000e+01   1.3616156592e+01
3.6900000000e+01   1.3615192216e+01
3.6920000000e+01   1.3612992864e+01
3.6940000000e+01   1.3615345653e+01
3.6960000000e+01   1.3615062743e+01
3.6980000000e+01   1.3612288156e+01
3.7000000000e+01   1.3614357640e+01
3.7020000000e+01   1.3614842557e+01
3.7040000000e+01   1.3611631167e+01
3.7060000000e+01   1.3613199704e+01
3.7080000000e+01   1.3614486275e+01
3.7100000000e+01   1.3611025310e+01
3.7120000000e+01   1.3611886773e+01
3.7140000000e+01   1.3613947184e+01
3.7160000000e+01   1.3610463241e+01
3.7180000000e+01   1.3610440526e+01
3.7200000000e+01   1.3613179771e+01
3.7220000000e+01   1.3609925242e+01
3.7240000000e+01   1.3608887594e+01
3.7260000000e+01   1.3612142308e+01
3.7280000000e+01   1.3609378294e+01
3.7300000000e+01   1.3607257000e+01
3.7320000000e+01   1.3610799313e+01
3.7340000000e+01   1.3608775945e+01
3.7360000000e+01   1.3605576928e+01
3.7380000000e+01   1.3609123681e+01
3.7400000000e+01   1.3608059030e+01
3.7420000000e+01   1.3603870936e+01
3.7440000000e+01   1.3607098289e+01
3.7460000000e+01   1.3607157237e+01
3.7480000000e+01   1.3602153852e+01
3.7500000000e+01   1.3604716882e+01
3.7520000000e+01   1.3605991418e+01
3.7540000000e+01   1.3600427594e+01
3.7560000000e+01   1.3601984047e+01
3.7580000000e+01   1.3604476494e+01
3.7600000000e+01   1.3598677242e+01
3.7620000000e+01   1.3598914131e+01
3.7640000000e+01   1.3602524759e+01
3.7660000000e+01   1.3596867651e+01
3.7680000000e+01   1.3595528951e+01
3.7700000000e+01   1.3600049313e+01
3.7720000000e+01   1.3594940900e+01
3.7740000000e+01   1.3591854252e+01
3.7760000000e+01   1.3596967396e+01
3.7780000000e+01   1.3592814763e+01
3.7800000000e+01   1.3587914883e+01
3.7820000000e+01   1.3593203305e+01
3.7840000000e+01   1.3590382308e+01
3.7860000000e+01   1.3583728803e+01
3.7880000000e+01   1.3588690634e+01
3.7900000000e+01   1.3587512589e+01
3.7920000000e+01   1.3579300105e+01
3.7940000000e+01   1.3583373526e+01
3.7960000000e+01   1.3584052257e+01
3.7980000000e+01   1.3574611345e+01
3.8000000000e+01   1.3577206617e+01
3.8020000000e+01   1.3579827804e+01
3.8040000000e+01   1.3569615525e+01
3.8060000000e+01   1.3570153349e+01
3.8080000000e+01   1.3574648043e+01
3.8100000000e+01   1.3564228124e+01
3.8120000000e+01   1.3562182290e+01
3.8140000000e+01   1.3568306325e+01
3.8160000000e+01   1.3558319445e+01
3.8180000000e+01   1.3553261087e+01
3.8200000000e+01   1.3560581951e+01
3.8220000000e+01   1.3551707427e+01
3.8240000000e+01   1.3543347650e+01
3.8260000000e+01   1.3551240106e+01
3.8280000000e+01   1.3544150738e+01
3.8300000000e+01   1.3532378175e+01
3.8320000000e+01   1.3540029529e+01
3.8340000000e+01   1.3535341590e+01
3.8360000000e+01   1.3520251508e+01
3.8380000000e+01   1.3526676895e+01
3.8400000000e+01   1.3524897117e+01
3.8420000000e+01   1.3506809270e+01
3.8440000000e+01   1.3510876478e+01
3.8460000000e+01   1.3512347437e+01
3.8480000000e+01   1.3491810783e+01
3.8500000000e+01   1.3492272978e+01
3.8520000000e+01   1.3497117376e+01
3.8540000000e+01   1.3474901091e+01
3.8560000000e+01   1.3470434159e+01
3.8580000000e+01   1.3478497049e+01
3.8600000000e+01   1.3455568859e+01
3.8620000000e+01   1.3444807766e+01
3.8640000000e+01   1.3455593284e+01
3.8660000000e+01   1.3433087899e+01
3.8680000000e+01   1.3414653081e+01
3.8700000000e+01   1.3427247644e+01
3.8720000000e+01   1.3406430101e+01
3.8740000000e+01   1.3378929234e+01
3.8760000000e+01   1.3391893805e+01
3.8780000000e+01   1.3374125259e+01
3.8800000000e+01   1.3336104823e+01
3.8820000000e+01   1.3347297620e+01
3.8840000000e+01   1.3334016033e+01
3.8860000000e+01   1.3283812169e+01
3.8880000000e+01   1.3290049666e+01
3.8900000000e+01   1.3282789793e+01
3.8920000000e+01   1.3218161949e+01
3.8940000000e+01   1.3214471241e+01
3.8960000000e+01   1.3214984089e+01
3.8980000000e+01   1.3132208560e+01
3.9000000000e+01   1.3109884506e+01
3.9020000000e+01   1.3120548662e+01
3.9040000000e+01   1.3011845751e+01
3.9060000000e+01   1.2952025751e+01
3.9080000000e+01   1.2977406875e+01
3.9100000000e+01   1.2821133465e+01
3.9120000000e+01   1.2661127178e+01
3.9140000000e+01   1.2717524786e+01
3.9160000000e+01   1.2403560326e+01
3.9180000000e+01   1.1428972119e+01
3.9200000000e+01   1.1483699071e+01
3.9220000000e+01   1.2318264653e+01
3.9240000000e+01   1.2751316603e+01
3.9260000000e+01   1.2725846339e+01
3.9280000000e+01   1.2864085995e+01
3.9300000000e+01   1.3063876735e+01
3.9320000000e+01   1.3069127276e+01
3.9340000000e+01   1.3122975649e+01
3.9360000000e+01   1.3259249252e+01
3.9380000000e+01   1.3278476948e+01
3.9400000000e+01   1.3302877882e+01
3.9420000000e+01   1.3405958576e+01
3.9440000000e+01   1.3434306365e+01
3.9460000000e+01   1.3445362873e+01
3.9480000000e+01   1.3526180677e+01
3.9500000000e+01   1.3561032875e+01
3.9520000000e+01   1.3566053395e+01
3.9540000000e+01   1.3629987917e+01
3.9560000000e+01   1.3669409406e+01
3.9580000000e+01   1.3672473829e+01
3.9600000000e+01   1.3722834823e+01
3.9620000000e+01   1.3765166003e+01
3.9640000000e+01   1.3768788282e+01
3.9660000000e+01   1.3808009157e+01
3.9680000000e+01   1.3851752202e+01
3.9700000000e+01   1.3857520357e+01
3.9720000000e+01   1.3887632536e+01
3.9740000000e+01   1.3931434369e+01
3.9760000000e+01   1.3940305275e+01
3.9780000000e+01   1.3963133035e+01
3.9800000000e+01   1.4005803818e+01
3.9820000000e+01   1.4018262825e+01
3.9840000000e+01   1.4035494287e+01
3.9860000000e+01   1.4076036557e+01
3.9880000000e+01   1.4092199535e+01
3.9900000000e+01   1.4105399437e+01
3.9920000000e+01   1.4143035483e+01
3.9940000000e+01   1.4162725508e+01
3.9960000000e+01   1.4173321508e+01
3.9980000000e+01   1.4207512067e+01
4.0000000000e+01   1.4230324989e+01
