X    Y
0.0000000000e+00   -1.2000000000e+01
2.0000000000e-02   -2.0705022401e+00
4.0000000000e-02   -2.2565236214e+00
6.0000000000e-02   -2.2597443350e+00
8.0000000000e-02   -2.1757522713e+00
1.0000000000e-01   -2.2547299661e+00
1.2000000000e-01   -2.2727330904e+00
1.4000000000e-01   -2.2217431242e+00
1.6000000000e-01   -2.2682929098e+00
1.8000000000e-01   -2.2955540496e+00
2.0000000000e-01   -2.2580062281e+00
2.2000000000e-01   -2.2870391076e+00
2.4000000000e-01   -2.3195764554e+00
2.6000000000e-01   -2.2912318023e+00
2.8000000000e-01   -2.3082073255e+00
3.0000000000e-01   -2.3435094275e+00
3.2000000000e-01   -2.3231438340e+00
3.4000000000e-01   -2.3309028681e+00
3.6000000000e-01   -2.3670480902e+00
3.8000000000e-01   -2.3542959315e+00
4.0000000000e-01   -2.3547819492e+00
4.2000000000e-01   -2.3901467660e+00
4.4000000000e-01   -2.3848485486e+00
4.6000000000e-01   -2.3796926888e+00
4.8000000000e-01   -2.4128655989e+00
5.0000000000e-01   -2.4148019985e+00
5.2000000000e-01   -2.4055499154e+00
5.4000000000e-01   -2.4353221145e+00
5.6000000000e-01   -2.4440884563e+00
5.8000000000e-01   -2.4322827363e+00
6.0000000000e-01   -2.4576684343e+00
6.2000000000e-01   -2.4726182276e+00
6.4000000000e-01   -2.4598095930e+00
6.6000000000e-01   -2.4800758669e+00
6.8000000000e-01   -2.5003082379e+00
7.0000000000e-01   -2.4880257375e+00
7.2000000000e-01   -2.5027220051e+00
7.4000000000e-01   -2.5271018072e+00
7.6000000000e-01   -2.5167975670e+00
7.8000000000e-01   -2.5257790730e+00
8.0000000000e-01   -2.5529825028e+00
8.2000000000e-01   -2.5459617005e+00
8.4000000000e-01   -2.5494033221e+00
8.6000000000e-01   -2.5779826666e+00
8.8000000000e-01   -2.5753280407e+00
9.0000000000e-01   -2.5737255549e+00
9.2000000000e-01   -2.6021866040e+00
9.4000000000e-01   -2.6046865692e+00
9.6000000000e-01   -2.5988428930e+00
9.8000000000e-01   -2.6257285330e+00
1.0000000000e+00   -2.6338176735e+00
1.0200000000e+00   -2.6248118953e+00
1.0400000000e+00   -2.6487857990e+00
1.0600000000e+00   -2.6625055640e+00
1.0800000000e+00   -2.6516431504e+00
1.1000000000e+00   -2.6715682932e+00
1.1200000000e+00   -2.6905538988e+00
1.1400000000e+00   -2.6792975421e+00
1.1600000000e+00   -2.6943053058e+00
1.1800000000e+00   -2.7178022166e+00
1.2000000000e+00   -2.7076845055e+00
1.2200000000e+00   -2.7172311196e+00
1.2400000000e+00   -2.7441413287e+00
1.2600000000e+00   -2.7366627417e+00
1.2800000000e+00   -2.7405705144e+00
1.3000000000e+00   -2.7695256284e+00
1.3200000000e+00   -2.7660439831e+00
1.3400000000e+00   -2.7645250790e+00
1.3600000000e+00   -2.7939804594e+00
1.3800000000e+00   -2.7956004403e+00
1.4000000000e+00   -2.7892609141e+00
1.4200000000e+00   -2.8176032806e+00
1.4400000000e+00   -2.8250764382e+00
1.4600000000e+00   -2.8148980441e+00
1.4800000000e+00   -2.8405582630e+00
1.5000000000e+00   -2.8542043840e+00
1.5200000000e+00   -2.8415016981e+00
1.5400000000e+00   -2.8630649237e+00
1.5600000000e+00   -2.8827245860e+00
1.5800000000e+00   -2.8690756031e+00
1.6000000000e+00   -2.8853821959e+00
1.6200000000e+00   -2.9104075966e+00
1.6400000000e+00   -2.8975575461e+00
1.6600000000e+00   -2.9077897621e+00
1.6800000000e+00   -2.9370768686e+00
1.7000000000e+00   -2.9268176880e+00
1.7200000000e+00   -2.9305684914e+00
1.7400000000e+00   -2.9626288520e+00
1.7600000000e+00   -2.9566603790e+00
1.7800000000e+00   -2.9539814956e+00
1.8000000000e+00   -2.9870475161e+00
1.8200000000e+00   -2.9868304518e+00
1.8400000000e+00   -2.9782568258e+00
1.8600000000e+00   -3.0104108334e+00
1.8800000000e+00   -3.0170250221e+00
1.9000000000e+00   -3.0035723309e+00
1.9200000000e+00   -3.0328879702e+00
1.9400000000e+00   -3.0469115557e+00
1.9600000000e+00   -3.0300428415e+00
1.9800000000e+00   -3.0547274680e+00
2.0000000000e+00   -3.0761522468e+00
2.0200000000e+00   -3.0577096996e+00
2.0400000000e+00   -3.0762381320e+00
2.0600000000e+00   -3.1044335555e+00
2.0800000000e+00   -3.0865327499e+00
2.1000000000e+00   -3.0977652558e+00
2.1200000000e+00   -3.1314982579e+00
2.1400000000e+00   -3.1163852245e+00
2.1600000000e+00   -3.1196650126e+00
2.1800000000e+00   -3.1571759601e+00
2.2000000000e+00   -3.1470524301e+00
2.2200000000e+00   -3.1422794100e+00
2.2400000000e+00   -3.1814072958e+00
2.2600000000e+00   -3.1782356697e+00
2.2800000000e+00   -3.1659134004e+00
2.3000000000e+00   -3.2042574372e+00
2.3200000000e+00   -3.2095632192e+00
2.3400000000e+00   -3.1908148669e+00
2.3600000000e+00   -3.2259162250e+00
2.3800000000e+00   -3.2406101675e+00
2.4000000000e+00   -3.2171575264e+00
2.4200000000e+00   -3.2466847353e+00
2.4400000000e+00   -3.2709282136e+00
2.4600000000e+00   -3.2450264500e+00
2.4800000000e+00   -3.2669506329e+00
2.5000000000e+00   -3.3000848708e+00
2.5200000000e+00   -3.2744059566e+00
2.5400000000e+00   -3.2871563803e+00
2.5600000000e+00   -3.3277090510e+00
2.5800000000e+00   -3.3051700762e+00
2.6000000000e+00   -3.3077648257e+00
2.6200000000e+00   -3.3535372433e+00
2.6400000000e+00   -3.3370765650e+00
2.6600000000e+00   -3.3292259656e+00
2.6800000000e+00   -3.3774525397e+00
2.7000000000e+00   -3.3697664697e+00
2.7200000000e+00   -3.3519472508e+00
2.7400000000e+00   -3.3995087341e+00
2.7600000000e+00   -3.4027722639e+00
2.7800000000e+00   -3.3762682580e+00
2.8000000000e+00   -3.4199341832e+00
2.8200000000e+00   -3.4355382042e+00
2.8400000000e+00   -3.4024393265e+00
2.8600000000e+00   -3.4391144845e+00
2.8800000000e+00   -3.4674561530e+00
2.9000000000e+00   -3.4306031150e+00
2.9200000000e+00   -3.4575577058e+00
2.9400000000e+00   -3.4979180268e+00
2.9600000000e+00   -3.4607780036e+00
2.9800000000e+00   -3.4758491023e+00
3.0000000000e+00   -3.5263819468e+00
3.0200000000e+00   -3.4928428733e+00
3.0400000000e+00   -3.4946030088e+00
3.0600000000e+00   -3.5524437672e+00
3.0800000000e+00   -3.5265239998e+00
3.1000000000e+00   -3.5144180833e+00
3.1200000000e+00   -3.5759009239e+00
3.1400000000e+00   -3.5613865792e+00
3.1600000000e+00   -3.5358393289e+00
3.1800000000e+00   -3.5967941885e+00
3.2000000000e+00   -3.5968355836e+00
3.2200000000e+00   -3.5593275060e+00
3.2400000000e+00   -3.6154167551e+00
3.2600000000e+00   -3.6321327120e+00
3.2800000000e+00   -3.5852344438e+00
3.3000000000e+00   -3.6322883397e+00
3.3200000000e+00   -3.6664370418e+00
3.3400000000e+00   -3.6137816606e+00
3.3600000000e+00   -3.6481012116e+00
3.3800000000e+00   -3.6988749397e+00
3.4000000000e+00   -3.6450395793e+00
3.4200000000e+00   -3.6636511913e+00
3.4400000000e+00   -3.7286383079e+00
3.4600000000e+00   -3.6789053850e+00
3.4800000000e+00   -3.6797675147e+00
3.5000000000e+00   -3.7550995147e+00
3.5200000000e+00   -3.7150792465e+00
3.5400000000e+00   -3.6972518153e+00
3.5600000000e+00   -3.7779199704e+00
3.5800000000e+00   -3.7530413906e+00
3.6000000000e+00   -3.7168308424e+00
3.6200000000e+00   -3.7971238957e+00
3.6400000000e+00   -3.7920365707e+00
3.6600000000e+00   -3.7391223842e+00
3.6800000000e+00   -3.8131151001e+00
3.7000000000e+00   -3.8310775145e+00
3.7200000000e+00   -3.7646104613e+00
3.7400000000e+00   -3.8266318112e+00
3.7600000000e+00   -3.8689834161e+00
3.7800000000e+00   -3.7936243262e+00
3.8000000000e+00   -3.8386544042e+00
3.8200000000e+00   -3.9044698433e+00
3.8400000000e+00   -3.8263156760e+00
3.8600000000e+00   -3.8502929139e+00
3.8800000000e+00   -3.9362974162e+00
3.9000000000e+00   -3.8626293482e+00
3.9200000000e+00   -3.8626808182e+00
3.9400000000e+00   -3.9634651978e+00
3.9600000000e+00   -3.9022646394e+00
3.9800000000e+00   -3.8768919324e+00
4.0000000000e+00   -3.9854063721e+00
4.0200000000e+00   -3.9446278951e+00
4.0400000000e+00   -3.8938852258e+00
4.0600000000e+00   -4.0021253883e+00
4.0800000000e+00   -3.9887833677e+00
4.1000000000e+00   -3.9144732002e+00
4.1200000000e+00   -4.0142260722e+00
4.1400000000e+00   -4.0334196729e+00
4.1600000000e+00   -3.9393047665e+00
4.1800000000e+00   -4.0228205528e+00
4.2000000000e+00   -4.0768627831e+00
4.2200000000e+00   -3.9688522989e+00
4.2400000000e+00   -4.0293557130e+00
4.2600000000e+00   -4.1171773130e+00
4.2800000000e+00   -4.0033929768e+00
4.3000000000e+00   -4.0354178578e+00
4.3200000000e+00   -4.1523915191e+00
4.3400000000e+00   -4.0429753793e+00
4.3600000000e+00   -4.0425678799e+00
4.3800000000e+00   -4.1808405342e+00
4.4000000000e+00   -4.0873633594e+00
4.4200000000e+00   -4.0522321987e+00
4.4400000000e+00   -4.2015480660e+00
4.4600000000e+00   -4.1359516433e+00
4.4800000000e+00   -4.0656487950e+00
4.5000000000e+00   -4.2145031328e+00
4.5200000000e+00   -4.1876544461e+00
4.5400000000e+00   -4.0838530310e+00
4.5600000000e+00   -4.2207032325e+00
4.5800000000e+00   -4.2407850322e+00
4.6000000000e+00   -4.1076841228e+00
4.6200000000e+00   -4.2219441396e+00
4.6400000000e+00   -4.2929764828e+00
4.6600000000e+00   -4.1377949404e+00
4.6800000000e+00   -4.2204611992e+00
4.7000000000e+00   -4.3412394338e+00
4.7200000000e+00   -4.1746505179e+00
4.7400000000e+00   -4.2185720313e+00
4.7600000000e+00   -4.3822806499e+00
4.7800000000e+00   -4.2185015476e+00
4.8000000000e+00   -4.2184234466e+00
4.8200000000e+00   -4.4131461660e+00
4.8400000000e+00   -4.2693173114e+00
4.8600000000e+00   -4.2218674837e+00
4.8800000000e+00   -4.4320493741e+00
4.9000000000e+00   -4.3266587587e+00
4.9200000000e+00   -4.2304388679e+00
4.9400000000e+00   -4.4390023537e+00
4.9600000000e+00   -4.3894707500e+00
4.9800000000e+00   -4.2453908428e+00
5.0000000000e+00   -4.4358677588e+00
5.0200000000e+00   -4.4557846352e+00
5.0400000000e+00   -4.2677531343e+00
5.0600000000e+00   -4.4258004396e+00
5.0800000000e+00   -4.5223750428e+00
5.1000000000e+00   -4.2983879631e+00
5.1200000000e+00   -4.4124313763e+00
5.1400000000e+00   -4.5845466528e+00
5.1600000000e+00   -4.3380285075e+00
5.1800000000e+00   -4.3991973687e+00
5.2000000000e+00   -4.6364290760e+00
5.2200000000e+00   -4.3872859279e+00
5.2400000000e+00   -4.3889934148e+00
5.2600000000e+00   -4.6722150667e+00
5.2800000000e+00   -4.4466046382e+00
5.3000000000e+00   -4.3841045851e+00
5.3200000000e+00   -4.6882404115e+00
5.3400000000e+00   -4.5161285305e+00
5.3600000000e+00   -4.3862957170e+00
5.3800000000e+00   -4.6847258385e+00
5.4000000000e+00   -4.5954096887e+00
5.4200000000e+00   -4.3969582222e+00
5.4400000000e+00   -4.6657469404e+00
5.4600000000e+00   -4.6828478075e+00
5.4800000000e+00   -4.4172592169e+00
5.5000000000e+00   -4.6374654970e+00
5.5200000000e+00   -4.7747327093e+00
5.5400000000e+00   -4.4482726863e+00
5.5600000000e+00   -4.6060793107e+00
5.5800000000e+00   -4.8639443681e+00
5.6000000000e+00   -4.4910899961e+00
5.6200000000e+00   -4.5766372314e+00
5.6400000000e+00   -4.9391438906e+00
5.6600000000e+00   -4.5469121222e+00
5.6800000000e+00   -4.5527909320e+00
5.7000000000e+00   -4.9867124501e+00
5.7200000000e+00   -4.6171212070e+00
5.7400000000e+00   -4.5370448828e+00
5.7600000000e+00   -4.9972028225e+00
5.7800000000e+00   -4.7033098982e+00
5.8000000000e+00   -4.5311360109e+00
5.8200000000e+00   -4.9720377959e+00
5.8400000000e+00   -4.8071923553e+00
5.8600000000e+00   -4.5363777157e+00
5.8800000000e+00   -4.9225294095e+00
5.9000000000e+00   -4.9301669088e+00
5.9200000000e+00   -4.5539339492e+00
5.9400000000e+00   -4.8625209742e+00
5.9600000000e+00   -5.0718759158e+00
5.9800000000e+00   -4.5850438908e+00
6.0000000000e+00   -4.8028327070e+00
6.0200000000e+00   -5.2261079126e+00
6.0400000000e+00   -4.6312369180e+00
6.0600000000e+00   -4.7501638812e+00
6.0800000000e+00   -5.3715223780e+00
6.1000000000e+00   -4.6945917127e+00
6.1200000000e+00   -4.7081720589e+00
6.1400000000e+00   -5.4627222662e+00
6.1600000000e+00   -4.7781257129e+00
6.1800000000e+00   -4.6787662432e+00
6.2000000000e+00   -5.4555714223e+00
6.2200000000e+00   -4.8864902731e+00
6.2400000000e+00   -4.6630232397e+00
6.2600000000e+00   -5.3628626794e+00
6.2800000000e+00   -5.0274106791e+00
6.3000000000e+00   -4.6617535900e+00
6.3200000000e+00   -5.2361877078e+00
6.3400000000e+00   -5.2152297194e+00
6.3600000000e+00   -4.6758638949e+00
6.3800000000e+00   -5.1121493507e+00
6.4000000000e+00   -5.4821961292e+00
6.4200000000e+00   -4.7066455652e+00
6.4400000000e+00   -5.0052260494e+00
6.4600000000e+00   -5.9383389426e+00
6.4800000000e+00   -4.7561056209e+00
6.5000000000e+00   -4.9190394402e+00
6.5200000000e+00   -6.6415013338e+00
6.5400000000e+00   -4.8274938778e+00
6.5600000000e+00   -4.8534901349e+00
6.5800000000e+00   -6.0964757992e+00
6.6000000000e+00   -4.9263512580e+00
6.6200000000e+00   -4.8076011691e+00
6.6400000000e+00   -6.2371788102e+00
6.6600000000e+00   -5.0630130718e+00
6.6800000000e+00   -4.7805154739e+00
6.7000000000e+00   -6.4401069326e+00
6.7200000000e+00   -5.2601499102e+00
6.7400000000e+00   -4.7718535053e+00
6.7600000000e+00   -5.7213537247e+00
6.7800000000e+00   -5.5869505557e+00
6.8000000000e+00   -4.7818995078e+00
6.8200000000e+00   -5.4131629822e+00
6.8400000000e+00   -6.9155446364e+00
6.8600000000e+00   -4.8118193731e+00
6.8800000000e+00   -5.2179158599e+00
6.9000000000e+00   -5.7554757462e+00
6.9200000000e+00   -4.8640691767e+00
6.9400000000e+00   -5.0826204456e+00
6.9600000000e+00   -5.5317882012e+00
6.9800000000e+00   -4.9432782980e+00
7.0000000000e+00   -4.9873243968e+00
7.0200000000e+00   -5.4714312122e+00
7.0400000000e+00   -5.0583973821e+00
7.0600000000e+00   -4.9224531122e+00
7.0800000000e+00   -5.5117898804e+00
7.1000000000e+00   -5.2290367930e+00
7.1200000000e+00   -4.8829827380e+00
7.1400000000e+00   -5.6771715361e+00
7.1600000000e+00   -5.5123184875e+00
7.1800000000e+00   -4.8664012694e+00
7.2000000000e+00   -6.2466970204e+00
7.2200000000e+00   -6.3413536921e+00
7.2400000000e+00   -4.8719406277e+00
7.2600000000e+00   -5.8609278601e+00
7.2800000000e+00   -5.7509464210e+00
7.3000000000e+00   -4.9004263905e+00
7.3200000000e+00   -5.4500995665e+00
7.3400000000e+00   -5.4597004728e+00
7.3600000000e+00   -4.9546583575e+00
7.3800000000e+00   -5.2405100693e+00
7.4000000000e+00   -5.3442092089e+00
7.4200000000e+00   -5.0406802658e+00
7.4400000000e+00   -5.1087380732e+00
7.4600000000e+00   -5.3104758523e+00
7.4800000000e+00   -5.1714231207e+00
7.5000000000e+00   -5.0230423839e+00
7.5200000000e+00   -5.3403220745e+00
7.5400000000e+00   -5.3795670213e+00
7.5600000000e+00   -4.9707602892e+00
7.5800000000e+00   -5.4429846804e+00
7.6000000000e+00   -5.7969985499e+00
7.6200000000e+00   -4.9461449863e+00
7.6400000000e+00   -5.6757850955e+00
7.6600000000e+00   -6.0938549452e+00
7.6800000000e+00   -4.9469594317e+00
7.7000000000e+00   -6.6572886531e+00
7.7200000000e+00   -5.5434914108e+00
7.7400000000e+00   -4.9734812725e+00
7.7600000000e+00   -5.7227292159e+00
7.7800000000e+00   -5.3537812129e+00
7.8000000000e+00   -5.0286915333e+00
7.8200000000e+00   -5.3927525106e+00
7.8400000000e+00   -5.2672085277e+00
7.8600000000e+00   -5.1198784356e+00
7.8800000000e+00   -5.2174846159e+00
7.9000000000e+00   -5.2413667504e+00
7.9200000000e+00   -5.2639386742e+00
7.9400000000e+00   -5.1099754843e+00
7.9600000000e+00   -5.2661720696e+00
7.9800000000e+00   -5.5091107033e+00
8.0000000000e+00   -5.0450639560e+00
8.0200000000e+00   -5.3472132256e+00
8.0400000000e+00   -6.1443933246e+00
8.0600000000e+00   -5.0126663375e+00
8.0800000000e+00   -5.5140546649e+00
8.1000000000e+00   -5.8194367407e+00
8.1200000000e+00   -5.0087491688e+00
8.1400000000e+00   -5.9044490822e+00
8.1600000000e+00   -5.4637216106e+00
8.1800000000e+00   -5.0328807510e+00
8.2000000000e+00   -6.1006548435e+00
8.2200000000e+00   -5.3087213363e+00
8.2400000000e+00   -5.0880414188e+00
8.2600000000e+00   -5.5400578755e+00
8.2800000000e+00   -5.2337286218e+00
8.3000000000e+00   -5.1824376181e+00
8.3200000000e+00   -5.3140806652e+00
8.3400000000e+00   -5.2105144597e+00
8.3600000000e+00   -5.3362956684e+00
8.3800000000e+00   -5.1846052537e+00
8.4000000000e+00   -5.2317298089e+00
8.4200000000e+00   -5.6131278798e+00
8.4400000000e+00   -5.1077094337e+00
8.4600000000e+00   -5.3013516113e+00
8.4800000000e+00   -6.6616503083e+00
8.5000000000e+00   -5.0680253567e+00
8.5200000000e+00   -5.4394089283e+00
8.5400000000e+00   -5.7260982093e+00
8.5600000000e+00   -5.0595239955e+00
8.5800000000e+00   -5.7204125476e+00
8.6000000000e+00   -5.4322106803e+00
8.6200000000e+00   -5.0809662901e+00
8.6400000000e+00   -7.2803088695e+00
8.6600000000e+00   -5.2922881688e+00
8.6800000000e+00   -5.1351664729e+00
8.7000000000e+00   -5.6840568649e+00
8.7200000000e+00   -5.2222006836e+00
8.7400000000e+00   -5.2308608087e+00
8.7600000000e+00   -5.3997147378e+00
8.7800000000e+00   -5.1993595850e+00
8.8000000000e+00   -5.3905686464e+00
8.8200000000e+00   -5.2487471413e+00
8.8400000000e+00   -5.2175184321e+00
8.8600000000e+00   -5.6897691599e+00
8.8800000000e+00   -5.1607608818e+00
8.9000000000e+00   -5.2796955536e+00
8.9200000000e+00   -7.3723975210e+00
8.9400000000e+00   -5.1143911285e+00
8.9600000000e+00   -5.4013018312e+00
8.9800000000e+00   -5.6932140024e+00
9.0000000000e+00   -5.1015355092e+00
9.0200000000e+00   -5.6338149841e+00
9.0400000000e+00   -5.4249045823e+00
9.0600000000e+00   -5.1201074573e+00
9.0800000000e+00   -6.3432586768e+00
9.1000000000e+00   -5.2915144451e+00
9.1200000000e+00   -5.1726265684e+00
9.1400000000e+00   -5.8276332881e+00
9.1600000000e+00   -5.2230387384e+00
9.1800000000e+00   -5.2679950959e+00
9.2000000000e+00   -5.4760326226e+00
9.2200000000e+00   -5.1993799315e+00
9.2400000000e+00   -5.4299055289e+00
9.2600000000e+00   -5.3043671419e+00
9.2800000000e+00   -5.2147012940e+00
9.3000000000e+00   -5.7407278281e+00
9.3200000000e+00   -5.2062314707e+00
9.3400000000e+00   -5.2713313456e+00
9.3600000000e+00   -6.8126539828e+00
9.3800000000e+00   -5.1537691719e+00
9.4000000000e+00   -5.3819718409e+00
9.4200000000e+00   -5.6898708422e+00
9.4400000000e+00   -5.1368109074e+00
9.4600000000e+00   -5.5865931639e+00
9.4800000000e+00   -5.4313824150e+00
9.5000000000e+00   -5.1524222905e+00
9.5200000000e+00   -6.0935968765e+00
9.5400000000e+00   -5.2999836822e+00
9.5600000000e+00   -5.2027403974e+00
9.5800000000e+00   -5.9755068451e+00
9.6000000000e+00   -5.2312443517e+00
9.6200000000e+00   -5.2965429764e+00
9.6400000000e+00   -5.5448844041e+00
9.6600000000e+00   -5.2060553257e+00
9.6800000000e+00   -5.4577320753e+00
9.7000000000e+00   -5.3533356249e+00
9.7200000000e+00   -5.2186284215e+00
9.7400000000e+00   -5.7704961813e+00
9.7600000000e+00   -5.2458963836e+00
9.7800000000e+00   -5.2707273963e+00
9.8000000000e+00   -6.7594742650e+00
9.8200000000e+00   -5.1878582502e+00
9.8400000000e+00   -5.3732441481e+00
9.8600000000e+00   -5.7035843285e+00
9.8800000000e+00   -5.1670308498e+00
9.9000000000e+00   -5.5592954390e+00
9.9200000000e+00   -5.4462830396e+00
9.9400000000e+00   -5.1796518966e+00
9.9600000000e+00   -5.9757976750e+00
9.9800000000e+00   -5.3141382474e+00
1.0000000000e+01   -5.2274222952e+00
1.0020000000e+01   -6.1355669515e+00
1.0040000000e+01   -5.2439620455e+00
1.0060000000e+01   -5.3187896358e+00
1.0080000000e+01   -5.6081110899e+00
1.0100000000e+01   -5.2167804388e+00
1.0120000000e+01   -5.4771590504e+00
1.0140000000e+01   -5.3972839494e+00
1.0160000000e+01   -5.2266361662e+00
1.0180000000e+01   -5.7846475622e+00
1.0200000000e+01   -5.2812160442e+00
1.0220000000e+01   -5.2747895875e+00
1.0240000000e+01   -6.8567707570e+00
1.0260000000e+01   -5.2180128590e+00
1.0280000000e+01   -5.3708005196e+00
1.0300000000e+01   -5.7282244770e+00
1.0320000000e+01   -5.1935118078e+00
1.0340000000e+01   -5.5431940366e+00
1.0360000000e+01   -5.4665674892e+00
1.0380000000e+01   -5.2031477356e+00
1.0400000000e+01   -5.9061583782e+00
1.0420000000e+01   -5.3318680857e+00
1.0440000000e+01   -5.2481561479e+00
1.0460000000e+01   -6.3225862232e+00
1.0480000000e+01   -5.2594690837e+00
1.0500000000e+01   -5.3365231235e+00
1.0520000000e+01   -5.6674098845e+00
1.0540000000e+01   -5.2299772553e+00
1.0560000000e+01   -5.4907029872e+00
1.0580000000e+01   -5.4375529473e+00
1.0600000000e+01   -5.2371197652e+00
1.0620000000e+01   -5.7883300782e+00
1.0640000000e+01   -5.3133359021e+00
1.0660000000e+01   -5.2816836485e+00
1.0680000000e+01   -7.1410788356e+00
1.0700000000e+01   -5.2452692174e+00
1.0720000000e+01   -5.3721726395e+00
1.0740000000e+01   -5.7604729155e+00
1.0760000000e+01   -5.2172459658e+00
1.0780000000e+01   -5.5337596438e+00
1.0800000000e+01   -5.4904125427e+00
1.0820000000e+01   -5.2239189007e+00
1.0840000000e+01   -5.8601579000e+00
1.0860000000e+01   -5.3518705394e+00
1.0880000000e+01   -5.2660442295e+00
1.0900000000e+01   -6.5715805909e+00
1.0920000000e+01   -5.2766922192e+00
1.0940000000e+01   -5.3510712311e+00
1.0960000000e+01   -5.7242787301e+00
1.0980000000e+01   -5.2446620038e+00
1.1000000000e+01   -5.5002494594e+00
1.1020000000e+01   -5.4752020742e+00
1.1040000000e+01   -5.2490835901e+00
1.1060000000e+01   -5.7855495053e+00
1.1080000000e+01   -5.3431261638e+00
1.1100000000e+01   -5.2902843057e+00
1.1120000000e+01   -7.9242980231e+00
1.1140000000e+01   -5.2703986671e+00
1.1160000000e+01   -5.3758818856e+00
1.1180000000e+01   -5.7984681074e+00
1.1200000000e+01   -5.2389624697e+00
1.1220000000e+01   -5.5284385295e+00
1.1240000000e+01   -5.5166900355e+00
1.1260000000e+01   -5.2427000338e+00
1.1280000000e+01   -5.8274669615e+00
1.1300000000e+01   -5.3733235359e+00
1.1320000000e+01   -5.2818828127e+00
1.1340000000e+01   -7.0232363958e+00
1.1360000000e+01   -5.2949514218e+00
1.1380000000e+01   -5.3633864015e+00
1.1400000000e+01   -5.7800204394e+00
1.1420000000e+01   -5.2602122587e+00
1.1440000000e+01   -5.5071409302e+00
1.1460000000e+01   -5.5110488732e+00
1.1480000000e+01   -5.2619004604e+00
1.1500000000e+01   -5.7791011761e+00
1.1520000000e+01   -5.3712350022e+00
1.1540000000e+01   -5.2998881424e+00
1.1560000000e+01   -6.9813409908e+00
1.1580000000e+01   -5.2939658673e+00
1.1600000000e+01   -5.3810177687e+00
1.1620000000e+01   -5.8411990068e+00
1.1640000000e+01   -5.2591890922e+00
1.1660000000e+01   -5.5257168241e+00
1.1680000000e+01   -5.5446942513e+00
1.1700000000e+01   -5.2600179034e+00
1.1720000000e+01   -5.8029227558e+00
1.1740000000e+01   -5.3957039411e+00
1.1760000000e+01   -5.2962373512e+00
1.1780000000e+01   -7.2690220051e+00
1.1800000000e+01   -5.3138134831e+00
1.1820000000e+01   -5.3741369193e+00
1.1840000000e+01   -5.8357838452e+00
1.1860000000e+01   -5.2762326313e+00
1.1880000000e+01   -5.5123013963e+00
1.1900000000e+01   -5.5457177527e+00
1.1920000000e+01   -5.2751734577e+00
1.1940000000e+01   -5.7707999273e+00
1.1960000000e+01   -5.3981404067e+00
1.1980000000e+01   -5.3100520044e+00
1.2000000000e+01   -6.6997660948e+00
1.2020000000e+01   -5.3163807618e+00
1.2040000000e+01   -5.3870112225e+00
1.2060000000e+01   -5.8882085562e+00
1.2080000000e+01   -5.2783050759e+00
1.2100000000e+01   -5.5246686268e+00
1.2120000000e+01   -5.5739878062e+00
1.2140000000e+01   -5.2762474502e+00
1.2160000000e+01   -5.7836767563e+00
1.2180000000e+01   -5.4186801791e+00
1.2200000000e+01   -5.3095058111e+00
1.2220000000e+01   -6.7351668778e+00
1.2240000000e+01   -5.3330038037e+00
1.2260000000e+01   -5.3837856601e+00
1.2280000000e+01   -5.8926257636e+00
1.2300000000e+01   -5.2924733738e+00
1.2320000000e+01   -5.5163528488e+00
1.2340000000e+01   -5.5796866133e+00
1.2360000000e+01   -5.2886525479e+00
1.2380000000e+01   -5.7617645832e+00
1.2400000000e+01   -5.4241942925e+00
1.2420000000e+01   -5.3204970229e+00
1.2440000000e+01   -6.5312286405e+00
1.2460000000e+01   -5.3379405963e+00
1.2480000000e+01   -5.3935044888e+00
1.2500000000e+01   -5.9394475705e+00
1.2520000000e+01   -5.2965827293e+00
1.2540000000e+01   -5.5247163265e+00
1.2560000000e+01   -5.6043096242e+00
1.2580000000e+01   -5.2916552901e+00
1.2600000000e+01   -5.7680527735e+00
1.2620000000e+01   -5.4420458965e+00
1.2640000000e+01   -5.3219676027e+00
1.2660000000e+01   -6.5227968607e+00
1.2680000000e+01   -5.3523512028e+00
1.2700000000e+01   -5.3926513007e+00
1.2720000000e+01   -5.9515866126e+00
1.2740000000e+01   -5.3087793167e+00
1.2760000000e+01   -5.5197079581e+00
1.2780000000e+01   -5.6133265446e+00
1.2800000000e+01   -5.3021825201e+00
1.2820000000e+01   -5.7526553312e+00
1.2840000000e+01   -5.4496573355e+00
1.2860000000e+01   -5.3310494525e+00
1.2880000000e+01   -6.4129649026e+00
1.2900000000e+01   -5.3588619840e+00
1.2920000000e+01   -5.4002730083e+00
1.2940000000e+01   -5.9952159300e+00
1.2960000000e+01   -5.3142185587e+00
1.2980000000e+01   -5.5254949943e+00
1.3000000000e+01   -5.6355179324e+00
1.3020000000e+01   -5.3064318861e+00
1.3040000000e+01   -5.7550173785e+00
1.3060000000e+01   -5.4656777114e+00
1.3080000000e+01   -5.3338195150e+00
1.3100000000e+01   -6.3926142292e+00
1.3120000000e+01   -5.3717524932e+00
1.3140000000e+01   -5.4009531409e+00
1.3160000000e+01   -6.0137816470e+00
1.3180000000e+01   -5.3250570862e+00
1.3200000000e+01   -5.5226379652e+00
1.3220000000e+01   -5.6469336121e+00
1.3240000000e+01   -5.3156697290e+00
1.3260000000e+01   -5.7438435648e+00
1.3280000000e+01   -5.4747252815e+00
1.3300000000e+01   -5.3416032862e+00
1.3320000000e+01   -6.3234076490e+00
1.3340000000e+01   -5.3793045125e+00
1.3360000000e+01   -5.4071770863e+00
1.3380000000e+01   -6.0561691802e+00
1.3400000000e+01   -5.3313558407e+00
1.3420000000e+01   -5.5267721860e+00
1.3440000000e+01   -5.6675542151e+00
1.3460000000e+01   -5.3207146306e+00
1.3480000000e+01   -5.7439091031e+00
1.3500000000e+01   -5.4895077566e+00
1.3520000000e+01   -5.3452012868e+00
1.3540000000e+01   -6.3004059407e+00
1.3560000000e+01   -5.3911493593e+00
1.3580000000e+01   -5.4088427585e+00
1.3600000000e+01   -6.0805199271e+00
1.3620000000e+01   -5.3412537403e+00
1.3640000000e+01   -5.5253200933e+00
1.3660000000e+01   -5.6807535285e+00
1.3680000000e+01   -5.3290605353e+00
1.3700000000e+01   -5.7355243536e+00
1.3720000000e+01   -5.4995482705e+00
1.3740000000e+01   -5.3520962512e+00
1.3760000000e+01   -6.2524130979e+00
1.3780000000e+01   -5.3993877292e+00
1.3800000000e+01   -5.4141313806e+00
1.3820000000e+01   -6.1233937547e+00
1.3840000000e+01   -5.3481006592e+00
1.3860000000e+01   -5.5283990723e+00
1.3880000000e+01   -5.7004203474e+00
1.3900000000e+01   -5.3346040860e+00
1.3920000000e+01   -5.7342903413e+00
1.3940000000e+01   -5.5135056196e+00
1.3960000000e+01   -5.3562134417e+00
1.3980000000e+01   -6.2299629200e+00
1.4000000000e+01   -5.4105131125e+00
1.4020000000e+01   -5.4164258664e+00
1.4040000000e+01   -6.1534785702e+00
1.4060000000e+01   -5.3573427249e+00
1.4080000000e+01   -5.5278697142e+00
1.4100000000e+01   -5.7150006381e+00
1.4120000000e+01   -5.3423272110e+00
1.4140000000e+01   -5.7277877823e+00
1.4160000000e+01   -5.5242447946e+00
1.4180000000e+01   -5.3624942475e+00
1.4200000000e+01   -6.1943610628e+00
1.4220000000e+01   -5.4192031832e+00
1.4240000000e+01   -5.4210853964e+00
1.4260000000e+01   -6.1985816635e+00
1.4280000000e+01   -5.3645331494e+00
1.4300000000e+01   -5.5302800547e+00
1.4320000000e+01   -5.7341643926e+00
1.4340000000e+01   -5.3481752716e+00
1.4360000000e+01   -5.7258624151e+00
1.4380000000e+01   -5.5376664041e+00
1.4400000000e+01   -5.3669295692e+00
1.4420000000e+01   -6.1735683300e+00
1.4440000000e+01   -5.4298345894e+00
1.4460000000e+01   -5.4237771894e+00
1.4480000000e+01   -6.2349911961e+00
1.4500000000e+01   -5.3733146007e+00
1.4520000000e+01   -5.5303617829e+00
1.4540000000e+01   -5.7498727149e+00
1.4560000000e+01   -5.3554586860e+00
1.4580000000e+01   -5.7206630410e+00
1.4600000000e+01   -5.5489116917e+00
1.4620000000e+01   -5.3727812092e+00
1.4640000000e+01   -6.1458050467e+00
1.4660000000e+01   -5.4388228883e+00
1.4680000000e+01   -5.4280109254e+00
1.4700000000e+01   -6.2843871126e+00
1.4720000000e+01   -5.3807153202e+00
1.4740000000e+01   -5.5323536191e+00
1.4760000000e+01   -5.7688723740e+00
1.4780000000e+01   -5.3614854472e+00
1.4800000000e+01   -5.7184151434e+00
1.4820000000e+01   -5.5620028449e+00
1.4840000000e+01   -5.3774047173e+00
1.4860000000e+01   -6.1269640950e+00
1.4880000000e+01   -5.4491174489e+00
1.4900000000e+01   -5.4309505018e+00
1.4920000000e+01   -6.3285860531e+00
1.4940000000e+01   -5.3891709153e+00
1.4960000000e+01   -5.5328449627e+00
1.4980000000e+01   -5.7855629418e+00
1.5000000000e+01   -5.3684544652e+00
1.5020000000e+01   -5.7141452028e+00
1.5040000000e+01   -5.5736312880e+00
1.5060000000e+01   -5.3829524870e+00
1.5080000000e+01   -6.1044802983e+00
1.5100000000e+01   -5.4583052418e+00
1.5120000000e+01   -5.4348939261e+00
1.5140000000e+01   -6.3851768979e+00
1.5160000000e+01   -5.3966964711e+00
1.5180000000e+01   -5.5345801653e+00
1.5200000000e+01   -5.8046644183e+00
1.5220000000e+01   -5.3745794592e+00
1.5240000000e+01   -5.7117960871e+00
1.5260000000e+01   -5.5865401488e+00
1.5280000000e+01   -5.3876811018e+00
1.5300000000e+01   -6.0875611986e+00
1.5320000000e+01   -5.4683737373e+00
1.5340000000e+01   -5.4379853651e+00
1.5360000000e+01   -6.4401272163e+00
1.5380000000e+01   -5.4049201616e+00
1.5400000000e+01   -5.5353508650e+00
1.5420000000e+01   -5.8222702592e+00
1.5440000000e+01   -5.3813206408e+00
1.5460000000e+01   -5.7082112517e+00
1.5480000000e+01   -5.5984765304e+00
1.5500000000e+01   -5.3930105336e+00
1.5520000000e+01   -6.0688220316e+00
1.5540000000e+01   -5.4776991624e+00
1.5560000000e+01   -5.4417292694e+00
1.5580000000e+01   -6.5087830974e+00
1.5600000000e+01   -5.4125169379e+00
1.5620000000e+01   -5.5369342232e+00
1.5640000000e+01   -5.8416943851e+00
1.5660000000e+01   -5.3874934075e+00
1.5680000000e+01   -5.7058913795e+00
1.5700000000e+01   -5.6113126853e+00
1.5720000000e+01   -5.3977919842e+00
1.5740000000e+01   -6.0536720851e+00
1.5760000000e+01   -5.4876209715e+00
1.5780000000e+01   -5.4449116396e+00
1.5800000000e+01   -6.5806591864e+00
1.5820000000e+01   -5.4205751250e+00
1.5840000000e+01   -5.5379000673e+00
1.5860000000e+01   -5.8602091471e+00
1.5880000000e+01   -5.3940672855e+00
1.5900000000e+01   -5.7028295301e+00
1.5920000000e+01   -5.6235147246e+00
1.5940000000e+01   -5.4029621009e+00
1.5960000000e+01   -6.0377069711e+00
1.5980000000e+01   -5.4970469890e+00
1.6000000000e+01   -5.4485173442e+00
1.6020000000e+01   -6.6714018284e+00
1.6040000000e+01   -5.4282106875e+00
1.6060000000e+01   -5.5393994560e+00
1.6080000000e+01   -5.8801526164e+00
1.6100000000e+01   -5.4002571626e+00
1.6120000000e+01   -5.7006135456e+00
1.6140000000e+01   -5.6363619523e+00
1.6160000000e+01   -5.4077643082e+00
1.6180000000e+01   -6.0241373483e+00
1.6200000000e+01   -5.5068802437e+00
1.6220000000e+01   -5.4517525050e+00
1.6240000000e+01   -6.7754352914e+00
1.6260000000e+01   -5.4361511574e+00
1.6280000000e+01   -5.5405060204e+00
1.6300000000e+01   -5.8996198720e+00
1.6320000000e+01   -5.4067067647e+00
1.6340000000e+01   -5.6979651976e+00
1.6360000000e+01   -5.6488103295e+00
1.6380000000e+01   -5.4128164292e+00
1.6400000000e+01   -6.0103040357e+00
1.6420000000e+01   -5.5163865261e+00
1.6440000000e+01   -5.4552618698e+00
1.6460000000e+01   -6.9163528958e+00
1.6480000000e+01   -5.4438071205e+00
1.6500000000e+01   -5.5419654433e+00
1.6520000000e+01   -5.9202718975e+00
1.6540000000e+01   -5.4128960999e+00
1.6560000000e+01   -5.6958936206e+00
1.6580000000e+01   -5.6617354336e+00
1.6600000000e+01   -5.4176204963e+00
1.6620000000e+01   -5.9981268475e+00
1.6640000000e+01   -5.5261750124e+00
1.6660000000e+01   -5.4585264856e+00
1.6680000000e+01   -7.1090946199e+00
1.6700000000e+01   -5.4516650667e+00
1.6720000000e+01   -5.5431775818e+00
1.6740000000e+01   -5.9407803317e+00
1.6760000000e+01   -5.4192526524e+00
1.6780000000e+01   -5.6935832915e+00
1.6800000000e+01   -5.6744271256e+00
1.6820000000e+01   -5.4225840883e+00
1.6840000000e+01   -5.9859829935e+00
1.6860000000e+01   -5.5357525038e+00
1.6880000000e+01   -5.4619684955e+00
1.6900000000e+01   -7.4686598288e+00
1.6920000000e+01   -5.4593323332e+00
1.6940000000e+01   -5.5446256063e+00
1.6960000000e+01   -5.9623371987e+00
1.6980000000e+01   -5.4254323009e+00
1.7000000000e+01   -5.6916759556e+00
1.7020000000e+01   -5.6874860980e+00
1.7040000000e+01   -5.4273796812e+00
1.7060000000e+01   -5.9750260956e+00
1.7080000000e+01   -5.5455303587e+00
1.7100000000e+01   -5.4652488138e+00
1.7120000000e+01   -8.1234372733e+00
1.7140000000e+01   -5.4671344181e+00
1.7160000000e+01   -5.5459206544e+00
1.7180000000e+01   -5.9840209188e+00
1.7200000000e+01   -5.4317190483e+00
1.7220000000e+01   -5.6896503584e+00
1.7240000000e+01   -5.7004299960e+00
1.7260000000e+01   -5.4322762467e+00
1.7280000000e+01   -5.9642559864e+00
1.7300000000e+01   -5.5551776386e+00
1.7320000000e+01   -5.4686439113e+00
1.7340000000e+01   -7.3103845433e+00
1.7360000000e+01   -5.4748100101e+00
1.7380000000e+01   -5.5473758680e+00
1.7400000000e+01   -6.0067003941e+00
1.7420000000e+01   -5.4378853930e+00
1.7440000000e+01   -5.6879147303e+00
1.7460000000e+01   -5.7136723813e+00
1.7480000000e+01   -5.4370585554e+00
1.7500000000e+01   -5.9543676542e+00
1.7520000000e+01   -5.5649725558e+00
1.7540000000e+01   -5.4719323528e+00
1.7560000000e+01   -7.0527866002e+00
1.7580000000e+01   -5.4825771062e+00
1.7600000000e+01   -5.5487392471e+00
1.7620000000e+01   -6.0297444071e+00
1.7640000000e+01   -5.4441201575e+00
1.7660000000e+01   -5.6861352464e+00
1.7680000000e+01   -5.7268864898e+00
1.7700000000e+01   -5.4419042184e+00
1.7720000000e+01   -5.9447386874e+00
1.7740000000e+01   -5.5746934234e+00
1.7760000000e+01   -5.4752952897e+00
1.7780000000e+01   -6.8934743338e+00
1.7800000000e+01   -5.4902620635e+00
1.7820000000e+01   -5.5502137872e+00
1.7840000000e+01   -6.0538020971e+00
1.7860000000e+01   -5.4502731424e+00
1.7880000000e+01   -5.6845715631e+00
1.7900000000e+01   -5.7403585558e+00
1.7920000000e+01   -5.4466719638e+00
1.7940000000e+01   -5.9357877739e+00
1.7960000000e+01   -5.5845288531e+00
1.7980000000e+01   -5.4785882253e+00
1.8000000000e+01   -6.7809634086e+00
1.8020000000e+01   -5.4980111089e+00
1.8040000000e+01   -5.5516361609e+00
1.8060000000e+01   -6.0784539466e+00
1.8080000000e+01   -5.4564700421e+00
1.8100000000e+01   -5.6830094113e+00
1.8120000000e+01   -5.7538683048e+00
1.8140000000e+01   -5.4514791922e+00
1.8160000000e+01   -5.9271237015e+00
1.8180000000e+01   -5.5943307376e+00
1.8200000000e+01   -5.4819299425e+00
1.8220000000e+01   -6.6928252769e+00
1.8240000000e+01   -5.5057091009e+00
1.8260000000e+01   -5.5531379973e+00
1.8280000000e+01   -6.1042043152e+00
1.8300000000e+01   -5.4626118798e+00
1.8320000000e+01   -5.6816138396e+00
1.8340000000e+01   -5.7676154399e+00
1.8360000000e+01   -5.4562333230e+00
1.8380000000e+01   -5.9189979246e+00
1.8400000000e+01   -5.6042274082e+00
1.8420000000e+01   -5.4852262482e+00
1.8440000000e+01   -6.6217984632e+00
1.8460000000e+01   -5.5134543589e+00
1.8480000000e+01   -5.5546134314e+00
1.8500000000e+01   -6.1307942507e+00
1.8520000000e+01   -5.4687824849e+00
1.8540000000e+01   -5.6802469520e+00
1.8560000000e+01   -5.7814528008e+00
1.8580000000e+01   -5.4610120776e+00
1.8600000000e+01   -5.9111618744e+00
1.8620000000e+01   -5.6141203387e+00
1.8640000000e+01   -5.4885551159e+00
1.8660000000e+01   -6.5617488491e+00
1.8680000000e+01   -5.5211707749e+00
1.8700000000e+01   -5.5561478440e+00
1.8720000000e+01   -6.1586404417e+00
1.8740000000e+01   -5.4749168110e+00
1.8760000000e+01   -5.6790135171e+00
1.8780000000e+01   -5.7955214372e+00
1.8800000000e+01   -5.4657549209e+00
1.8820000000e+01   -5.9037654819e+00
1.8840000000e+01   -5.6240973244e+00
1.8860000000e+01   -5.4918552348e+00
1.8880000000e+01   -6.5104780722e+00
1.8900000000e+01   -5.5289246940e+00
1.8920000000e+01   -5.5576726150e+00
1.8940000000e+01   -6.1876148584e+00
1.8960000000e+01   -5.4810709252e+00
1.8980000000e+01   -5.6778245002e+00
1.9000000000e+01   -5.8097246471e+00
1.9020000000e+01   -5.4705134253e+00
1.9040000000e+01   -5.8966488677e+00
1.9060000000e+01   -5.6340932797e+00
1.9080000000e+01   -5.4951778737e+00
1.9100000000e+01   -6.4654592839e+00
1.9120000000e+01   -5.5366660525e+00
1.9140000000e+01   -5.5592431498e+00
1.9160000000e+01   -6.2180944773e+00
1.9180000000e+01   -5.4872022495e+00
1.9200000000e+01   -5.6767462489e+00
1.9220000000e+01   -5.8241639306e+00
1.9240000000e+01   -5.4752481378e+00
1.9260000000e+01   -5.8899002510e+00
1.9280000000e+01   -5.6441687647e+00
1.9300000000e+01   -5.4984832104e+00
1.9320000000e+01   -6.4257461304e+00
1.9340000000e+01   -5.5444398593e+00
1.9360000000e+01   -5.5608149742e+00
1.9380000000e+01   -6.2500719365e+00
1.9400000000e+01   -5.4933484403e+00
1.9420000000e+01   -5.6757210401e+00
1.9440000000e+01   -5.8387777079e+00
1.9460000000e+01   -5.4799933962e+00
1.9480000000e+01   -5.8834153276e+00
1.9500000000e+01   -5.6542812841e+00
1.9520000000e+01   -5.5018050363e+00
1.9540000000e+01   -6.3900753890e+00
1.9560000000e+01   -5.5522134304e+00
1.9580000000e+01   -5.5624240620e+00
1.9600000000e+01   -6.2839323714e+00
1.9620000000e+01   -5.4994817938e+00
1.9640000000e+01   -5.6747907308e+00
1.9660000000e+01   -5.8536410864e+00
1.9680000000e+01   -5.4847236109e+00
1.9700000000e+01   -5.8772448296e+00
1.9720000000e+01   -5.6644731276e+00
1.9740000000e+01   -5.5051175681e+00
1.9760000000e+01   -6.3579423655e+00
1.9780000000e+01   -5.5600175420e+00
1.9800000000e+01   -5.5640415965e+00
1.9820000000e+01   -6.3198012286e+00
1.9840000000e+01   -5.5056277563e+00
1.9860000000e+01   -5.6739177003e+00
1.9880000000e+01   -5.8687172868e+00
1.9900000000e+01   -5.4894617583e+00
1.9920000000e+01   -5.8713195653e+00
1.9940000000e+01   -5.6747171017e+00
1.9960000000e+01   -5.5084431555e+00
1.9980000000e+01   -6.3286386391e+00
2.0000000000e+01   -5.5678311131e+00
2.0020000000e+01   -5.5656909535e+00
2.0040000000e+01   -6.3581326633e+00
2.0060000000e+01   -5.5117684679e+00
2.0080000000e+01   -5.6731282003e+00
2.0100000000e+01   -5.8840641654e+00
2.0120000000e+01   -5.4941913608e+00
2.0140000000e+01   -5.8656675657e+00
2.0160000000e+01   -5.6850432750e+00
2.0180000000e+01   -5.5117651840e+00
2.0200000000e+01   -6.3018549887e+00
2.0220000000e+01   -5.5756754304e+00
2.0240000000e+01   -5.5673534721e+00
2.0260000000e+01   -6.3992320987e+00
2.0280000000e+01   -5.5179212764e+00
2.0300000000e+01   -5.6723975431e+00
2.0320000000e+01   -5.8996628775e+00
2.0340000000e+01   -5.4989279023e+00
2.0360000000e+01   -5.8602420244e+00
2.0380000000e+01   -5.6954348645e+00
2.0400000000e+01   -5.5150985103e+00
2.0420000000e+01   -6.2771616588e+00
2.0440000000e+01   -5.5835371665e+00
2.0460000000e+01   -5.5690443592e+00
2.0480000000e+01   -6.4437226073e+00
2.0500000000e+01   -5.5240748349e+00
2.0520000000e+01   -5.6717420456e+00
2.0540000000e+01   -5.9155604828e+00
2.0560000000e+01   -5.5036608911e+00
2.0580000000e+01   -5.8550573128e+00
2.0600000000e+01   -5.7059138080e+00
2.0620000000e+01   -5.5184325051e+00
2.0640000000e+01   -6.2543511747e+00
2.0660000000e+01   -5.5914312879e+00
2.0680000000e+01   -5.5707515434e+00
2.0700000000e+01   -6.4922086546e+00
2.0720000000e+01   -5.5302411195e+00
2.0740000000e+01   -5.6711453625e+00
2.0760000000e+01   -5.9317516161e+00
2.0780000000e+01   -5.5084008678e+00
2.0800000000e+01   -5.8500810425e+00
2.0820000000e+01   -5.7164704575e+00
2.0840000000e+01   -5.5217771156e+00
2.0860000000e+01   -6.2331469659e+00
2.0880000000e+01   -5.5993496563e+00
2.0900000000e+01   -5.5724849345e+00
2.0920000000e+01   -6.5456879223e+00
2.0940000000e+01   -5.5364130924e+00
2.0960000000e+01   -5.6706174959e+00
2.0980000000e+01   -5.9482772279e+00
2.1000000000e+01   -5.5131412697e+00
2.1020000000e+01   -5.8453194564e+00
2.1040000000e+01   -5.7271213942e+00
2.1060000000e+01   -5.5251256173e+00
2.1080000000e+01   -6.2134011871e+00
2.1100000000e+01   -5.6073030377e+00
2.1120000000e+01   -5.5742367378e+00
2.1140000000e+01   -6.6053684510e+00
2.1160000000e+01   -5.5425991662e+00
2.1180000000e+01   -5.6701474987e+00
2.1200000000e+01   -5.9651426998e+00
2.1220000000e+01   -5.5178893738e+00
2.1240000000e+01   -5.8407495636e+00
2.1260000000e+01   -5.7378619197e+00
2.1280000000e+01   -5.5284847387e+00
2.1300000000e+01   -6.1949272266e+00
2.1320000000e+01   -5.6152867769e+00
2.1340000000e+01   -5.5760134286e+00
2.1360000000e+01   -6.6731493182e+00
2.1380000000e+01   -5.5487951541e+00
2.1400000000e+01   -5.6697413700e+00
2.1420000000e+01   -5.9823864475e+00
2.1440000000e+01   -5.5226411949e+00
2.1460000000e+01   -5.8363728585e+00
2.1480000000e+01   -5.7487051497e+00
2.1500000000e+01   -5.5318503004e+00
2.1520000000e+01   -6.1776153181e+00
2.1540000000e+01   -5.6233088582e+00
2.1560000000e+01   -5.5778099888e+00
2.1580000000e+01   -6.7517579235e+00
2.1600000000e+01   -5.5550071064e+00
2.1620000000e+01   -5.6693916698e+00
2.1640000000e+01   -6.0000231518e+00
2.1660000000e+01   -5.5274018536e+00
2.1680000000e+01   -5.8321725615e+00
2.1700000000e+01   -5.7596498878e+00
2.1720000000e+01   -5.5352269189e+00
2.1740000000e+01   -6.1613344872e+00
2.1760000000e+01   -5.6313669761e+00
2.1780000000e+01   -5.5796306672e+00
2.1800000000e+01   -6.8457734557e+00
2.1820000000e+01   -5.5612327234e+00
2.1840000000e+01   -5.6691018701e+00
2.1860000000e+01   -6.0180916399e+00
2.1880000000e+01   -5.5321690532e+00
2.1900000000e+01   -5.8281474761e+00
2.1920000000e+01   -5.7707070851e+00
2.1940000000e+01   -5.5386120725e+00
2.1960000000e+01   -6.1460008253e+00
2.1980000000e+01   -5.6394672851e+00
2.2000000000e+01   -5.5814722498e+00
2.2020000000e+01   -6.9632457406e+00
2.2040000000e+01   -5.5674764902e+00
2.2060000000e+01   -5.6688668220e+00
2.2080000000e+01   -6.0366154820e+00
2.2100000000e+01   -5.5369464886e+00
2.2120000000e+01   -5.8242849969e+00
2.2140000000e+01   -5.7818781000e+00
2.2160000000e+01   -5.5420089900e+00
2.2180000000e+01   -6.1315192709e+00
2.2200000000e+01   -5.6476090788e+00
2.2220000000e+01   -5.5833375420e+00
2.2240000000e+01   -7.1210959900e+00
2.2260000000e+01   -5.5737373587e+00
2.2280000000e+01   -5.6686884116e+00
2.2300000000e+01   -6.0556366271e+00
2.2320000000e+01   -5.5417329686e+00
2.2340000000e+01   -5.8205824822e+00
2.2360000000e+01   -5.7931726275e+00
2.2380000000e+01   -5.5454162280e+00
2.2400000000e+01   -6.1178242656e+00
2.2420000000e+01   -5.6557973227e+00
2.2440000000e+01   -5.5852245034e+00
2.2460000000e+01   -7.3651388558e+00
2.2480000000e+01   -5.5800187792e+00
2.2500000000e+01   -5.6685629969e+00
2.2520000000e+01   -6.0751880703e+00
2.2540000000e+01   -5.5465312440e+00
2.2560000000e+01   -5.8170301854e+00
2.2580000000e+01   -5.8045939765e+00
2.2600000000e+01   -5.5488361022e+00
2.2620000000e+01   -6.1048447911e+00
2.2640000000e+01   -5.6640324141e+00
2.2660000000e+01   -5.5871350041e+00
2.2680000000e+01   -7.9499635534e+00
2.2700000000e+01   -5.5863205361e+00
2.2720000000e+01   -5.6684914784e+00
2.2740000000e+01   -6.0953177210e+00
2.2760000000e+01   -5.5513408468e+00
2.2780000000e+01   -5.8136247663e+00
2.2800000000e+01   -5.8161512357e+00
2.2820000000e+01   -5.5522678697e+00
2.2840000000e+01   -6.0925287385e+00
2.2860000000e+01   -5.6723185633e+00
2.2880000000e+01   -5.5890677679e+00
2.2900000000e+01   -7.6970141415e+00
2.2920000000e+01   -5.5926453982e+00
2.2940000000e+01   -5.6684712149e+00
2.2960000000e+01   -6.1160695412e+00
2.2980000000e+01   -5.5561639022e+00
2.3000000000e+01   -5.8103584801e+00
2.3020000000e+01   -5.8278492982e+00
2.3040000000e+01   -5.5557132443e+00
2.3060000000e+01   -6.0808217092e+00
2.3080000000e+01   -5.6806569474e+00
2.3100000000e+01   -5.5910240596e+00
2.3120000000e+01   -7.2939972975e+00
2.3140000000e+01   -5.5989937074e+00
2.3160000000e+01   -5.6685025026e+00
2.3180000000e+01   -6.1375007751e+00
2.3200000000e+01   -5.5610004149e+00
2.3220000000e+01   -5.8072277279e+00
2.3240000000e+01   -5.8396971299e+00
2.3260000000e+01   -5.5591719374e+00
2.3280000000e+01   -6.0696816938e+00
2.3300000000e+01   -5.6890513174e+00
2.3320000000e+01   -5.5930031017e+00
2.3340000000e+01   -7.0917048834e+00
2.3360000000e+01   -5.6053677874e+00
2.3380000000e+01   -5.6685833724e+00
2.3400000000e+01   -6.1596691457e+00
2.3420000000e+01   -5.5658520956e+00
2.3440000000e+01   -5.8042262004e+00
2.3460000000e+01   -5.8517010103e+00
2.3480000000e+01   -5.5626452651e+00
2.3500000000e+01   -6.0590661122e+00
2.3520000000e+01   -5.6975034211e+00
2.3540000000e+01   -5.5950057680e+00
2.3560000000e+01   -6.9564330956e+00
2.3580000000e+01   -5.6117683577e+00
2.3600000000e+01   -5.6687137594e+00
2.3620000000e+01   -6.1826456894e+00
2.3640000000e+01   -5.5707192582e+00
2.3660000000e+01   -5.8013502939e+00
2.3680000000e+01   -5.8638701642e+00
2.3700000000e+01   -5.5661332326e+00
2.3720000000e+01   -6.0489406857e+00
2.3740000000e+01   -5.7060167554e+00
2.3760000000e+01   -5.5970316070e+00
2.3780000000e+01   -6.8551537491e+00
2.3800000000e+01   -5.6181974558e+00
2.3820000000e+01   -5.6688921523e+00
2.3840000000e+01   -6.2065064582e+00
2.3860000000e+01   -5.5756033390e+00
2.3880000000e+01   -5.7985947552e+00
2.3900000000e+01   -5.8762121842e+00
2.3920000000e+01   -5.5696368934e+00
2.3940000000e+01   -6.0392714532e+00
2.3960000000e+01   -5.7145935064e+00
2.3980000000e+01   -5.5990812410e+00
2.4000000000e+01   -6.7744710876e+00
2.4020000000e+01   -5.6246560615e+00
2.4040000000e+01   -5.6691182783e+00
2.4060000000e+01   -6.2313426660e+00
2.4080000000e+01   -5.5805048544e+00
2.4100000000e+01   -5.7959561151e+00
2.4120000000e+01   -5.8887368799e+00
2.4140000000e+01   -5.5731564420e+00
2.4160000000e+01   -6.0300301462e+00
2.4180000000e+01   -5.7232370629e+00
2.4200000000e+01   -5.6011544323e+00
2.4220000000e+01   -6.7076246794e+00
2.4240000000e+01   -5.6311460346e+00
2.4260000000e+01   -5.6693909444e+00
2.4280000000e+01   -6.2572560306e+00
2.4300000000e+01   -5.5854250601e+00
2.4320000000e+01   -5.7934299182e+00
2.4340000000e+01   -5.9014531821e+00
2.4360000000e+01   -5.5766927579e+00
2.4380000000e+01   -6.0211892333e+00
2.4400000000e+01   -5.7319499700e+00
2.4420000000e+01   -5.6032516425e+00
2.4440000000e+01   -6.6507097884e+00
2.4460000000e+01   -5.6376685398e+00
2.4480000000e+01   -5.6697097663e+00
2.4500000000e+01   -6.2843677084e+00
2.4520000000e+01   -5.5903646061e+00
2.4540000000e+01   -5.7910129012e+00
2.4560000000e+01   -5.9143717887e+00
2.4580000000e+01   -5.5802461577e+00
2.4600000000e+01   -6.0127251797e+00
2.4620000000e+01   -5.7407356146e+00
2.4640000000e+01   -5.6053727751e+00
2.4660000000e+01   -6.6012752965e+00
2.4680000000e+01   -5.6442253328e+00
2.4700000000e+01   -5.6700737769e+00
2.4720000000e+01   -6.3128170860e+00
2.4740000000e+01   -5.5953246297e+00
2.4760000000e+01   -5.7887012275e+00
2.4780000000e+01   -5.9275030796e+00
2.4800000000e+01   -5.5838174053e+00
2.4820000000e+01   -6.0046153492e+00
2.4840000000e+01   -5.7495968578e+00
2.4860000000e+01   -5.6075181894e+00
2.4880000000e+01   -6.5576742351e+00
2.4900000000e+01   -5.6508177167e+00
2.4920000000e+01   -5.6704825402e+00
2.4940000000e+01   -6.3427711117e+00
2.4960000000e+01   -5.6003058711e+00
2.4980000000e+01   -5.7864918693e+00
2.5000000000e+01   -5.9408589506e+00
2.5020000000e+01   -5.5874068964e+00
2.5040000000e+01   -5.9968399772e+00
2.5060000000e+01   -5.7585371664e+00
2.5080000000e+01   -5.6096878838e+00
2.5100000000e+01   -6.5187518191e+00
2.5120000000e+01   -5.6574473944e+00
2.5140000000e+01   -5.6709352550e+00
2.5160000000e+01   -6.3744272715e+00
2.5180000000e+01   -5.6053093912e+00
2.5200000000e+01   -5.7843814829e+00
2.5220000000e+01   -5.9544514250e+00
2.5240000000e+01   -5.5910153180e+00
2.5260000000e+01   -5.9893802241e+00
2.5280000000e+01   -5.7675597014e+00
2.5300000000e+01   -5.6118821527e+00
2.5320000000e+01   -6.4836630462e+00
2.5340000000e+01   -5.6641157797e+00
2.5360000000e+01   -5.6714314691e+00
2.5380000000e+01   -6.4080257008e+00
2.5400000000e+01   -5.6103359930e+00
2.5420000000e+01   -5.7823672815e+00
2.5440000000e+01   -5.9682939368e+00
2.5460000000e+01   -5.5946431180e+00
2.5480000000e+01   -5.9822193574e+00
2.5500000000e+01   -5.7766680745e+00
2.5520000000e+01   -5.6141010599e+00
2.5540000000e+01   -6.4517739818e+00
2.5560000000e+01   -5.6708245586e+00
2.5580000000e+01   -5.6719705073e+00
2.5600000000e+01   -6.4438588190e+00
2.5620000000e+01   -5.6153866894e+00
2.5640000000e+01   -5.7804463238e+00
2.5660000000e+01   -5.9824004359e+00
2.5680000000e+01   -5.5982909314e+00
2.5700000000e+01   -5.9753415307e+00
2.5720000000e+01   -5.7858657499e+00
2.5740000000e+01   -5.6163448589e+00
2.5760000000e+01   -6.4225946150e+00
2.5780000000e+01   -5.6775752408e+00
2.5800000000e+01   -5.6725519228e+00
2.5820000000e+01   -6.4822909178e+00
2.5840000000e+01   -5.6204623301e+00
2.5860000000e+01   -5.7786160561e+00
2.5880000000e+01   -5.9967862952e+00
2.5900000000e+01   -5.6019592418e+00
2.5920000000e+01   -5.9687324724e+00
2.5940000000e+01   -5.7951565419e+00
2.5960000000e+01   -5.6186136601e+00
2.5980000000e+01   -6.3957400610e+00
2.6000000000e+01   -5.6843695223e+00
2.6020000000e+01   -5.6731751391e+00
2.6040000000e+01   -6.5237811143e+00
2.6060000000e+01   -5.6255638996e+00
2.6080000000e+01   -5.7768738722e+00
2.6100000000e+01   -6.0114677769e+00
2.6120000000e+01   -5.6056486496e+00
2.6140000000e+01   -5.9623787293e+00
2.6160000000e+01   -5.8045442346e+00
2.6180000000e+01   -5.6209076923e+00
2.6200000000e+01   -6.3709012523e+00
2.6220000000e+01   -5.6912090014e+00
2.6240000000e+01   -5.6738397280e+00
2.6260000000e+01   -6.5689219152e+00
2.6280000000e+01   -5.6306922836e+00
2.6300000000e+01   -5.7752174396e+00
2.6320000000e+01   -6.0264626897e+00
2.6340000000e+01   -5.6093596623e+00
2.6360000000e+01   -5.9562680489e+00
2.6380000000e+01   -5.8140329031e+00
2.6400000000e+01   -5.6232270981e+00
2.6420000000e+01   -6.3478272078e+00
2.6440000000e+01   -5.6980954080e+00
2.6460000000e+01   -5.6745451901e+00
2.6480000000e+01   -6.6184944054e+00
2.6500000000e+01   -5.6358484558e+00
2.6520000000e+01   -5.7736444310e+00
2.6540000000e+01   -6.0417901158e+00
2.6560000000e+01   -5.6130928611e+00
2.6580000000e+01   -5.9503889082e+00
2.6600000000e+01   -5.8236266748e+00
2.6620000000e+01   -5.6255720958e+00
2.6640000000e+01   -6.3263106376e+00
2.6660000000e+01   -5.7050304236e+00
2.6680000000e+01   -5.6752911269e+00
2.6700000000e+01   -6.6735599496e+00
2.6720000000e+01   -5.6410333290e+00
2.6740000000e+01   -5.7721527236e+00
2.6760000000e+01   -6.0574709364e+00
2.6780000000e+01   -5.6168487675e+00
2.6800000000e+01   -5.9447307288e+00
2.6820000000e+01   -5.8333299464e+00
2.6840000000e+01   -5.6279428492e+00
2.6860000000e+01   -6.3061789199e+00
2.6880000000e+01   -5.7120158327e+00
2.6900000000e+01   -5.6760771002e+00
2.6920000000e+01   -6.7356110010e+00
2.6940000000e+01   -5.6462478785e+00
2.6960000000e+01   -5.7707402269e+00
2.6980000000e+01   -6.0735277390e+00
2.7000000000e+01   -5.6206279528e+00
2.7020000000e+01   -5.9392835666e+00
2.7040000000e+01   -5.8431472285e+00
2.7060000000e+01   -5.6303395734e+00
2.7080000000e+01   -6.2872863646e+00
2.7100000000e+01   -5.7190534036e+00
2.7120000000e+01   -5.6769027439e+00
2.7140000000e+01   -6.8068436361e+00
2.7160000000e+01   -5.6514930433e+00
2.7180000000e+01   -5.7694050086e+00
2.7200000000e+01   -6.0899852934e+00
2.7220000000e+01   -5.6244309507e+00
2.7240000000e+01   -5.9340382332e+00
2.7260000000e+01   -5.8530832974e+00
2.7280000000e+01   -5.6327624501e+00
2.7300000000e+01   -6.2695092243e+00
2.7320000000e+01   -5.7261449892e+00
2.7340000000e+01   -5.6777676737e+00
2.7360000000e+01   -6.8906822438e+00
2.7380000000e+01   -5.6567698066e+00
2.7400000000e+01   -5.7681451857e+00
2.7420000000e+01   -6.1068706223e+00
2.7440000000e+01   -5.6282583271e+00
2.7460000000e+01   -5.9289860934e+00
2.7480000000e+01   -5.8631431005e+00
2.7500000000e+01   -5.6352116943e+00
2.7520000000e+01   -6.2527412621e+00
2.7540000000e+01   -5.7332924522e+00
2.7560000000e+01   -5.6786715558e+00
2.7580000000e+01   -6.9929124838e+00
2.7600000000e+01   -5.6620791345e+00
2.7620000000e+01   -5.7669589986e+00
2.7640000000e+01   -6.1242134755e+00
2.7660000000e+01   -5.6321106265e+00
2.7680000000e+01   -5.9241191232e+00
2.7700000000e+01   -5.8733318605e+00
2.7720000000e+01   -5.6376875025e+00
2.7740000000e+01   -6.2368907888e+00
2.7760000000e+01   -5.7404977289e+00
2.7780000000e+01   -5.6796140525e+00
2.7800000000e+01   -7.1245189265e+00
2.7820000000e+01   -5.6674220256e+00
2.7840000000e+01   -5.7658447448e+00
2.7860000000e+01   -6.1420465707e+00
2.7880000000e+01   -5.6359884147e+00
2.7900000000e+01   -5.9194297785e+00
2.7920000000e+01   -5.8836550248e+00
2.7940000000e+01   -5.6401900936e+00
2.7960000000e+01   -6.2218779918e+00
2.7980000000e+01   -5.7477627843e+00
2.8000000000e+01   -5.6805948633e+00
2.8020000000e+01   -7.3107114715e+00
2.8040000000e+01   -5.6727994736e+00
2.8060000000e+01   -5.7648008225e+00
2.8080000000e+01   -6.1604061314e+00
2.8100000000e+01   -5.6398922458e+00
2.8120000000e+01   -5.9149110188e+00
2.8140000000e+01   -5.8941183405e+00
2.8160000000e+01   -5.6427196766e+00
2.8180000000e+01   -6.2076330810e+00
2.8200000000e+01   -5.7550896541e+00
2.8220000000e+01   -5.6816136908e+00
2.8240000000e+01   -7.6361140102e+00
2.8260000000e+01   -5.6782124993e+00
2.8280000000e+01   -5.7638256878e+00
2.8300000000e+01   -6.1793323170e+00
2.8320000000e+01   -5.6438226897e+00
2.8340000000e+01   -5.9105562171e+00
2.8360000000e+01   -5.9047278320e+00
2.8380000000e+01   -5.6452764765e+00
2.8400000000e+01   -6.1940946014e+00
2.8420000000e+01   -5.7624804161e+00
2.8440000000e+01   -5.6826702675e+00
2.8460000000e+01   -8.6414898219e+00
2.8480000000e+01   -5.6836621259e+00
2.8500000000e+01   -5.7629178822e+00
2.8520000000e+01   -6.1988699096e+00
2.8540000000e+01   -5.6477803100e+00
2.8560000000e+01   -5.9063591684e+00
2.8580000000e+01   -5.9154898622e+00
2.8600000000e+01   -5.6478607135e+00
2.8620000000e+01   -6.1812082290e+00
2.8640000000e+01   -5.7699372211e+00
2.8660000000e+01   -5.6837643323e+00
2.8680000000e+01   -7.5638212007e+00
2.8700000000e+01   -5.6891494020e+00
2.8720000000e+01   -5.7620760025e+00
2.8740000000e+01   -6.2190689872e+00
2.8760000000e+01   -5.6517656838e+00
2.8780000000e+01   -5.9023140234e+00
2.8800000000e+01   -5.9264111265e+00
2.8820000000e+01   -5.6504726207e+00
2.8840000000e+01   -6.1689256580e+00
2.8860000000e+01   -5.7774622731e+00
2.8880000000e+01   -5.6848956491e+00
2.8900000000e+01   -7.2844547492e+00
2.8920000000e+01   -5.6946753840e+00
2.8940000000e+01   -5.7612987195e+00
2.8960000000e+01   -6.2399858720e+00
2.8980000000e+01   -5.6557793854e+00
2.9000000000e+01   -5.8984152899e+00
2.9020000000e+01   -5.9374987107e+00
2.9040000000e+01   -5.6531124290e+00
2.9060000000e+01   -6.1572037940e+00
2.9080000000e+01   -5.7850578541e+00
2.9100000000e+01   -5.6860639902e+00
2.9120000000e+01   -7.1179248869e+00
2.9140000000e+01   -5.7002411531e+00
2.9160000000e+01   -5.7605847561e+00
2.9180000000e+01   -6.2616841653e+00
2.9200000000e+01   -5.6598220011e+00
2.9220000000e+01   -5.8946577827e+00
2.9240000000e+01   -5.9487600974e+00
2.9260000000e+01   -5.6557803803e+00
2.9280000000e+01   -6.1460039963e+00
2.9300000000e+01   -5.7927263103e+00
2.9320000000e+01   -5.6872691492e+00
2.9340000000e+01   -6.9994177685e+00
2.9360000000e+01   -5.7058478030e+00
2.9380000000e+01   -5.7599329000e+00
2.9400000000e+01   -6.2842361246e+00
2.9420000000e+01   -5.6638941178e+00
2.9440000000e+01   -5.8910366210e+00
2.9460000000e+01   -5.9602032235e+00
2.9480000000e+01   -5.6584767167e+00
2.9500000000e+01   -6.1352915194e+00
2.9520000000e+01   -5.8004700724e+00
2.9540000000e+01   -5.6885109297e+00
2.9560000000e+01   -6.9076666927e+00
2.9580000000e+01   -5.7114964525e+00
2.9600000000e+01   -5.7593419878e+00
2.9620000000e+01   -6.3077242753e+00
2.9640000000e+01   -5.6679963330e+00
2.9660000000e+01   -5.8875471910e+00
2.9680000000e+01   -5.9718365008e+00
2.9700000000e+01   -5.6612016894e+00
2.9720000000e+01   -6.1250349857e+00
2.9740000000e+01   -5.8082916476e+00
2.9760000000e+01   -5.6897891533e+00
2.9780000000e+01   -6.8329999939e+00
2.9800000000e+01   -5.7171882377e+00
2.9820000000e+01   -5.7588109126e+00
2.9840000000e+01   -6.3322435060e+00
2.9860000000e+01   -5.6721292479e+00
2.9880000000e+01   -5.8841851387e+00
2.9900000000e+01   -5.9836688738e+00
2.9920000000e+01   -5.6639555521e+00
2.9940000000e+01   -6.1152059843e+00
2.9960000000e+01   -5.8161936345e+00
2.9980000000e+01   -5.6911036527e+00
3.0000000000e+01   -6.7701951296e+00
3.0020000000e+01   -5.7229243198e+00
3.0040000000e+01   -5.7583386138e+00
3.0060000000e+01   -6.3579036549e+00
3.0080000000e+01   -5.6762934732e+00
3.0100000000e+01   -5.8809463440e+00
3.0120000000e+01   -5.9957098572e+00
3.0140000000e+01   -5.6667385660e+00
3.0160000000e+01   -6.1057786996e+00
3.0180000000e+01   -5.8241787221e+00
3.0200000000e+01   -5.6924542760e+00
3.0220000000e+01   -6.7161092780e+00
3.0240000000e+01   -5.7287058822e+00
3.0260000000e+01   -5.7579240801e+00
3.0280000000e+01   -6.3848328603e+00
3.0300000000e+01   -5.6804896262e+00
3.0320000000e+01   -5.8778269101e+00
3.0340000000e+01   -6.0079695968e+00
3.0360000000e+01   -5.6695509966e+00
3.0380000000e+01   -6.0967296146e+00
3.0400000000e+01   -5.8322496998e+00
3.0420000000e+01   -5.6938408834e+00
3.0440000000e+01   -6.6687034761e+00
3.0460000000e+01   -5.7345341348e+00
3.0480000000e+01   -5.7575663440e+00
3.0500000000e+01   -6.4131818714e+00
3.0520000000e+01   -5.6847183332e+00
3.0540000000e+01   -5.8748231451e+00
3.0560000000e+01   -6.0204589251e+00
3.0580000000e+01   -5.6723931161e+00
3.0600000000e+01   -6.0880372437e+00
3.0620000000e+01   -5.8404094616e+00
3.0640000000e+01   -5.6952633486e+00
3.0660000000e+01   -6.6265794666e+00
3.0680000000e+01   -5.7404103133e+00
3.0700000000e+01   -5.7572644816e+00
3.0720000000e+01   -6.4431297296e+00
3.0740000000e+01   -5.6889802291e+00
3.0760000000e+01   -5.8719315511e+00
3.0780000000e+01   -6.0331894307e+00
3.0800000000e+01   -5.6752652019e+00
3.0820000000e+01   -6.0796819108e+00
3.0840000000e+01   -5.8486610140e+00
3.0860000000e+01   -5.6967215570e+00
3.0880000000e+01   -6.5887365703e+00
3.0900000000e+01   -5.7463356824e+00
3.0920000000e+01   -5.7570176093e+00
3.0940000000e+01   -6.4748913375e+00
3.0960000000e+01   -5.6932759586e+00
3.0980000000e+01   -5.8691488094e+00
3.1000000000e+01   -6.0461735322e+00
3.1020000000e+01   -5.6781675383e+00
3.1040000000e+01   -6.0716455505e+00
3.1060000000e+01   -5.8570074823e+00
3.1080000000e+01   -5.6982154072e+00
3.1100000000e+01   -6.5544339413e+00
3.1120000000e+01   -5.7523115362e+00
3.1140000000e+01   -5.7568248836e+00
3.1160000000e+01   -6.5087277569e+00
3.1180000000e+01   -5.6976061758e+00
3.1200000000e+01   -5.8664717713e+00
3.1220000000e+01   -6.0594245648e+00
3.1240000000e+01   -5.6811004149e+00
3.1260000000e+01   -6.0639115428e+00
3.1280000000e+01   -5.8654521200e+00
3.1300000000e+01   -5.6997448085e+00
3.1320000000e+01   -6.5231077624e+00
3.1340000000e+01   -5.7583392008e+00
3.1360000000e+01   -5.7566854971e+00
3.1380000000e+01   -6.5449604697e+00
3.1400000000e+01   -5.7019715459e+00
3.1420000000e+01   -5.8638974453e+00
3.1440000000e+01   -6.0729568736e+00
3.1460000000e+01   -5.6840641288e+00
3.1480000000e+01   -6.0564645602e+00
3.1500000000e+01   -5.8739983151e+00
3.1520000000e+01   -5.7013096831e+00
3.1540000000e+01   -6.4943189888e+00
3.1560000000e+01   -5.7644200351e+00
3.1580000000e+01   -5.7565986795e+00
3.1600000000e+01   -6.5839916379e+00
3.1620000000e+01   -5.7063727447e+00
3.1640000000e+01   -5.8614229897e+00
3.1660000000e+01   -6.0867859257e+00
3.1680000000e+01   -5.6870589827e+00
3.1700000000e+01   -6.0492904437e+00
3.1720000000e+01   -5.8826496019e+00
3.1740000000e+01   -5.7029099634e+00
3.1760000000e+01   -6.4677190744e+00
3.1780000000e+01   -5.7705554341e+00
3.1800000000e+01   -5.7565636936e+00
3.1820000000e+01   -6.6263336005e+00
3.1840000000e+01   -5.7108104604e+00
3.1860000000e+01   -5.8590457010e+00
3.1880000000e+01   -6.1009284292e+00
3.1900000000e+01   -5.6900852868e+00
3.1920000000e+01   -6.0423760836e+00
3.1940000000e+01   -5.8914096678e+00
3.1960000000e+01   -5.7045455941e+00
3.1980000000e+01   -6.4430266923e+00
3.2000000000e+01   -5.7767468288e+00
3.2020000000e+01   -5.7565798361e+00
3.2040000000e+01   -6.6726532634e+00
3.2060000000e+01   -5.7152853926e+00
3.2080000000e+01   -5.8567630080e+00
3.2100000000e+01   -6.1154024790e+00
3.2120000000e+01   -5.6931433577e+00
3.2140000000e+01   -6.0357093242e+00
3.2160000000e+01   -5.9002823667e+00
3.2180000000e+01   -5.7062165298e+00
3.2200000000e+01   -6.4200115102e+00
3.2220000000e+01   -5.7829956904e+00
3.2240000000e+01   -5.7566464341e+00
3.2260000000e+01   -6.7238413218e+00
3.2280000000e+01   -5.7197982546e+00
3.2300000000e+01   -5.8545724621e+00
3.2320000000e+01   -6.1302277132e+00
3.2340000000e+01   -5.6962335197e+00
3.2360000000e+01   -6.0292788716e+00
3.2380000000e+01   -5.9092717282e+00
3.2400000000e+01   -5.7079227368e+00
3.2420000000e+01   -6.3984825675e+00
3.2440000000e+01   -5.7893035305e+00
3.2460000000e+01   -5.7567628457e+00
3.2480000000e+01   -6.7811252259e+00
3.2500000000e+01   -5.7243497730e+00
3.2520000000e+01   -5.8524717316e+00
3.2540000000e+01   -6.1454255018e+00
3.2560000000e+01   -5.6993561041e+00
3.2580000000e+01   -6.0230742175e+00
3.2600000000e+01   -5.9183819715e+00
3.2620000000e+01   -5.7096641913e+00
3.2640000000e+01   -6.3782797963e+00
3.2660000000e+01   -5.7956719050e+00
3.2680000000e+01   -5.7569284576e+00
3.2700000000e+01   -6.8462638162e+00
3.2720000000e+01   -5.7289406885e+00
3.2740000000e+01   -5.8504585943e+00
3.2760000000e+01   -6.1610191587e+00
3.2780000000e+01   -5.7025114496e+00
3.2800000000e+01   -6.0170855684e+00
3.2820000000e+01   -5.9276175184e+00
3.2840000000e+01   -5.7114408802e+00
3.2860000000e+01   -6.3592677040e+00
3.2880000000e+01   -5.8021024155e+00
3.2900000000e+01   -5.7571426840e+00
3.2920000000e+01   -6.9219067244e+00
3.2940000000e+01   -5.7335717573e+00
3.2960000000e+01   -5.8485309309e+00
3.2980000000e+01   -6.1770341886e+00
3.3000000000e+01   -5.7056999034e+00
3.3020000000e+01   -6.0113037830e+00
3.3040000000e+01   -5.9369830073e+00
3.3060000000e+01   -5.7132528008e+00
3.3080000000e+01   -6.3413305907e+00
3.3100000000e+01   -5.8085967117e+00
3.3120000000e+01   -5.7574049668e+00
3.3140000000e+01   -7.0123206980e+00
3.3160000000e+01   -5.7382437505e+00
3.3180000000e+01   -5.8466867210e+00
3.3200000000e+01   -6.1934985772e+00
3.3220000000e+01   -5.7089218198e+00
3.3240000000e+01   -6.0057203180e+00
3.3260000000e+01   -5.9464833104e+00
3.3280000000e+01   -5.7150999602e+00
3.3300000000e+01   -6.3243688831e+00
3.3320000000e+01   -5.8151564952e+00
3.3340000000e+01   -5.7577147725e+00
3.3360000000e+01   -7.1250505733e+00
3.3380000000e+01   -5.7429574564e+00
3.3400000000e+01   -5.8449240353e+00
3.3420000000e+01   -6.2104431251e+00
3.3440000000e+01   -5.7121775621e+00
3.3460000000e+01   -6.0003271765e+00
3.3480000000e+01   -5.9561235497e+00
3.3500000000e+01   -5.7169823758e+00
3.3520000000e+01   -6.3082962700e+00
3.3540000000e+01   -5.8217835207e+00
3.3560000000e+01   -5.7580715934e+00
3.3580000000e+01   -7.2754769220e+00
3.3600000000e+01   -5.7477136799e+00
3.3620000000e+01   -5.8432410327e+00
3.3640000000e+01   -6.2279018463e+00
3.3660000000e+01   -5.7154675016e+00
3.3680000000e+01   -5.9951168651e+00
3.3700000000e+01   -5.9659091170e+00
3.3720000000e+01   -5.7189000748e+00
3.3740000000e+01   -6.2930374562e+00
3.3760000000e+01   -5.8284796003e+00
3.3780000000e+01   -5.7584749449e+00
3.3800000000e+01   -7.5037822905e+00
3.3820000000e+01   -5.7525132443e+00
3.3840000000e+01   -5.8416359545e+00
3.3860000000e+01   -6.2459124337e+00
3.3880000000e+01   -5.7187920185e+00
3.3900000000e+01   -5.9900823520e+00
3.3920000000e+01   -5.9758456939e+00
3.3940000000e+01   -5.7208530941e+00
3.3960000000e+01   -6.2785263656e+00
3.3980000000e+01   -5.8352466062e+00
3.4000000000e+01   -5.7589243658e+00
3.4020000000e+01   -8.0029141733e+00
3.4040000000e+01   -5.7573569918e+00
3.4060000000e+01   -5.8401071204e+00
3.4080000000e+01   -6.2645168159e+00
3.4100000000e+01   -5.7221515020e+00
3.4120000000e+01   -5.9852170313e+00
3.4140000000e+01   -5.9859392744e+00
3.4160000000e+01   -5.7228414806e+00
3.4180000000e+01   -6.2647046992e+00
3.4200000000e+01   -5.8420864736e+00
3.4220000000e+01   -5.7594194172e+00
3.4240000000e+01   -7.9500526511e+00
3.4260000000e+01   -5.7622457838e+00
3.4280000000e+01   -5.8386529248e+00
3.4300000000e+01   -6.2837618230e+00
3.4320000000e+01   -5.7255463505e+00
3.4340000000e+01   -5.9805146912e+00
3.4360000000e+01   -5.9961961909e+00
3.4380000000e+01   -5.7248652904e+00
3.4400000000e+01   -6.2515207657e+00
3.4420000000e+01   -5.8490012053e+00
3.4440000000e+01   -5.7599596812e+00
3.4460000000e+01   -7.4933614733e+00
3.4480000000e+01   -5.7671805031e+00
3.4500000000e+01   -5.8372718320e+00
3.4520000000e+01   -6.3036999839e+00
3.4540000000e+01   -5.7289769721e+00
3.4560000000e+01   -5.9759694822e+00
3.4580000000e+01   -6.0066231396e+00
3.4600000000e+01   -5.7269245896e+00
3.4620000000e+01   -6.2389285197e+00
3.4640000000e+01   -5.8559928740e+00
3.4660000000e+01   -5.7605447611e+00
3.4680000000e+01   -7.2778389801e+00
3.4700000000e+01   -5.7721620533e+00
3.4720000000e+01   -5.8359623740e+00
3.4740000000e+01   -6.3243905006e+00
3.4760000000e+01   -5.7324437845e+00
3.4780000000e+01   -5.9715758921e+00
3.4800000000e+01   -6.0172272128e+00
3.4820000000e+01   -5.7290194536e+00
3.4840000000e+01   -6.2268867740e+00
3.4860000000e+01   -5.8630636281e+00
3.4880000000e+01   -5.7611742801e+00
3.4900000000e+01   -7.1359680231e+00
3.4920000000e+01   -5.7771913613e+00
3.4940000000e+01   -5.8347231460e+00
3.4960000000e+01   -6.3459004314e+00
3.4980000000e+01   -5.7359472156e+00
3.5000000000e+01   -5.9673287202e+00
3.5020000000e+01   -6.0280159304e+00
3.5040000000e+01   -5.7311499673e+00
3.5060000000e+01   -6.2153585403e+00
3.5080000000e+01   -5.8702156945e+00
3.5100000000e+01   -5.7618478806e+00
3.5120000000e+01   -7.0303859536e+00
3.5140000000e+01   -5.7822693774e+00
3.5160000000e+01   -5.8335528038e+00
3.5180000000e+01   -6.3683061529e+00
3.5200000000e+01   -5.7394877043e+00
3.5220000000e+01   -5.9632230553e+00
3.5240000000e+01   -6.0389972769e+00
3.5260000000e+01   -5.7333162253e+00
3.5280000000e+01   -6.2043104790e+00
3.5300000000e+01   -5.8774513836e+00
3.5320000000e+01   -5.7625652244e+00
3.5340000000e+01   -6.9464813785e+00
3.5360000000e+01   -5.7873970759e+00
3.5380000000e+01   -5.8324500616e+00
3.5400000000e+01   -6.3916951820e+00
3.5420000000e+01   -5.7430656990e+00
3.5440000000e+01   -5.9592542565e+00
3.5460000000e+01   -6.0501797440e+00
3.5480000000e+01   -5.7355183310e+00
3.5500000000e+01   -6.1937124405e+00
3.5520000000e+01   -5.8847730955e+00
3.5540000000e+01   -5.7633259902e+00
3.5560000000e+01   -6.8770055657e+00
3.5580000000e+01   -5.7925754586e+00
3.5600000000e+01   -5.8314136870e+00
3.5620000000e+01   -6.4161684507e+00
3.5640000000e+01   -5.7466816611e+00
3.5660000000e+01   -5.9554179313e+00
3.5680000000e+01   -6.0615723717e+00
3.5700000000e+01   -5.7377563985e+00
3.5720000000e+01   -6.1835370661e+00
3.5740000000e+01   -5.8921833219e+00
3.5760000000e+01   -5.7641298764e+00
3.5780000000e+01   -6.8178301788e+00
3.5800000000e+01   -5.7978055521e+00
3.5820000000e+01   -5.8304425021e+00
3.5840000000e+01   -6.4418432222e+00
3.5860000000e+01   -5.7503360613e+00
3.5880000000e+01   -5.9517099242e+00
3.5900000000e+01   -6.0731848051e+00
3.5920000000e+01   -5.7400305493e+00
3.5940000000e+01   -6.1737594653e+00
3.5960000000e+01   -5.8996846570e+00
3.5980000000e+01   -5.7649765963e+00
3.6000000000e+01   -6.7663791011e+00
3.6020000000e+01   -5.8030884140e+00
3.6040000000e+01   -5.8295353763e+00
3.6060000000e+01   -6.4688568009e+00
3.6080000000e+01   -5.7540293847e+00
3.6100000000e+01   -5.9481262935e+00
3.6120000000e+01   -6.0850273416e+00
3.6140000000e+01   -5.7423409169e+00
3.6160000000e+01   -6.1643569179e+00
3.6180000000e+01   -5.9072797966e+00
3.6200000000e+01   -5.7658658821e+00
3.6220000000e+01   -6.7209362315e+00
3.6240000000e+01   -5.8084251285e+00
3.6260000000e+01   -5.8286912297e+00
3.6280000000e+01   -6.4973714160e+00
3.6300000000e+01   -5.7577621258e+00
3.6320000000e+01   -5.9446633058e+00
3.6340000000e+01   -6.0971110044e+00
3.6360000000e+01   -5.7446876416e+00
3.6380000000e+01   -6.1553086430e+00
3.6400000000e+01   -5.9149715520e+00
3.6420000000e+01   -5.7667974801e+00
3.6440000000e+01   -6.6803007824e+00
3.6460000000e+01   -5.8138168138e+00
3.6480000000e+01   -5.8279090248e+00
3.6500000000e+01   -6.5275806229e+00
3.6520000000e+01   -5.7615347946e+00
3.6540000000e+01   -5.9413174138e+00
3.6560000000e+01   -6.1094476020e+00
3.6580000000e+01   -5.7470708757e+00
3.6600000000e+01   -6.1465955738e+00
3.6620000000e+01   -5.9227628501e+00
3.6640000000e+01   -5.7677711545e+00
3.6660000000e+01   -6.6435995901e+00
3.6680000000e+01   -5.8192646177e+00
3.6700000000e+01   -5.8271877705e+00
3.6720000000e+01   -6.5597179732e+00
3.6740000000e+01   -5.7653479115e+00
3.6760000000e+01   -5.9380852526e+00
3.6780000000e+01   -6.1220498180e+00
3.6800000000e+01   -5.7494907787e+00
3.6820000000e+01   -6.1382001869e+00
3.6840000000e+01   -5.9306567468e+00
3.6860000000e+01   -5.7687866827e+00
3.6880000000e+01   -6.6101778491e+00
3.6900000000e+01   -5.8247697247e+00
3.6920000000e+01   -5.8265265147e+00
3.6940000000e+01   -6.5940688330e+00
3.6960000000e+01   -5.7692020131e+00
3.6980000000e+01   -5.9349636207e+00
3.7000000000e+01   -6.1349312896e+00
3.7020000000e+01   -5.7519475221e+00
3.7040000000e+01   -6.1301063307e+00
3.7060000000e+01   -5.9386564290e+00
3.7080000000e+01   -5.7698438595e+00
3.7100000000e+01   -6.5795318562e+00
3.7120000000e+01   -5.8303333521e+00
3.7140000000e+01   -5.8259243479e+00
3.7160000000e+01   -6.6309869991e+00
3.7180000000e+01   -5.7730976472e+00
3.7200000000e+01   -5.9319494779e+00
3.7220000000e+01   -6.1481067212e+00
3.7240000000e+01   -5.7544412843e+00
3.7260000000e+01   -6.1222990988e+00
3.7280000000e+01   -5.9467652303e+00
3.7300000000e+01   -5.7709424916e+00
3.7320000000e+01   -6.5512658650e+00
3.7340000000e+01   -5.8359567578e+00
3.7360000000e+01   -5.8253803953e+00
3.7380000000e+01   -6.6709184577e+00
3.7400000000e+01   -5.7770353795e+00
3.7420000000e+01   -5.9290399259e+00
3.7440000000e+01   -6.1615919828e+00
3.7460000000e+01   -5.7569722572e+00
3.7480000000e+01   -6.1147646917e+00
3.7500000000e+01   -5.9549866304e+00
3.7520000000e+01   -5.7720824038e+00
3.7540000000e+01   -6.5250632504e+00
3.7560000000e+01   -5.8416412339e+00
3.7580000000e+01   -5.8248938238e+00
3.7600000000e+01   -6.7144365894e+00
3.7620000000e+01   -5.7810157855e+00
3.7640000000e+01   -5.9262322129e+00
3.7660000000e+01   -6.1754042639e+00
3.7680000000e+01   -5.7595406369e+00
3.7700000000e+01   -6.1074903320e+00
3.7720000000e+01   -5.9633242804e+00
3.7740000000e+01   -5.7732634290e+00
3.7760000000e+01   -6.5006667916e+00
3.7780000000e+01   -5.8473881209e+00
3.7800000000e+01   -5.8244638275e+00
3.7820000000e+01   -6.7622957351e+00
3.7840000000e+01   -5.7850394640e+00
3.7860000000e+01   -5.9235237062e+00
3.7880000000e+01   -6.1895621883e+00
3.7900000000e+01   -5.7621466377e+00
3.7920000000e+01   -6.1004641374e+00
3.7940000000e+01   -5.9717819907e+00
3.7960000000e+01   -5.7744854229e+00
3.7980000000e+01   -6.4778646143e+00
3.8000000000e+01   -5.8531987911e+00
3.8020000000e+01   -5.8240896456e+00
3.8040000000e+01   -6.8155166461e+00
3.8060000000e+01   -5.7891070187e+00
3.8080000000e+01   -5.9209119118e+00
3.8100000000e+01   -6.2040860346e+00
3.8120000000e+01   -5.7647904722e+00
3.8140000000e+01   -6.0936750809e+00
3.8160000000e+01   -5.9803637756e+00
3.8180000000e+01   -5.7757482416e+00
3.8200000000e+01   -6.4564802265e+00
3.8220000000e+01   -5.8590746776e+00
3.8240000000e+01   -5.8237705341e+00
3.8260000000e+01   -6.8755285621e+00
3.8280000000e+01   -5.7932190851e+00
3.8300000000e+01   -5.9183944307e+00
3.8320000000e+01   -6.2189978644e+00
3.8340000000e+01   -5.7674723789e+00
3.8360000000e+01   -6.0871128570e+00
3.8380000000e+01   -5.9890738208e+00
3.8400000000e+01   -5.7770517718e+00
3.8420000000e+01   -6.4363649322e+00
3.8440000000e+01   -5.8650172395e+00
3.8460000000e+01   -5.8235058003e+00
3.8480000000e+01   -6.9444218349e+00
3.8500000000e+01   -5.7973762961e+00
3.8520000000e+01   -5.9159690000e+00
3.8540000000e+01   -6.2343218422e+00
3.8560000000e+01   -5.7701925866e+00
3.8580000000e+01   -6.0807678915e+00
3.8600000000e+01   -5.9979165571e+00
3.8620000000e+01   -5.7783958912e+00
3.8640000000e+01   -6.4173924444e+00
3.8660000000e+01   -5.8710280123e+00
3.8680000000e+01   -5.8232947563e+00
3.8700000000e+01   -7.0254304836e+00
3.8720000000e+01   -5.8015793268e+00
3.8740000000e+01   -5.9136334276e+00
3.8760000000e+01   -6.2500843804e+00
3.8780000000e+01   -5.7729513585e+00
3.8800000000e+01   -6.0746311898e+00
3.8820000000e+01   -6.0068966005e+00
3.8840000000e+01   -5.7797805164e+00
3.8860000000e+01   -6.3994544198e+00
3.8880000000e+01   -5.8771085518e+00
3.8900000000e+01   -5.8231367726e+00
3.8920000000e+01   -7.1239582353e+00
3.8940000000e+01   -5.8058288421e+00
3.8960000000e+01   -5.9113856572e+00
3.8980000000e+01   -6.2663145945e+00
3.9000000000e+01   -5.7757489405e+00
3.9020000000e+01   -6.0686943909e+00
3.9040000000e+01   -6.0160188584e+00
3.9060000000e+01   -5.7812055464e+00
3.9080000000e+01   -6.3824574218e+00
3.9100000000e+01   -5.8832605054e+00
3.9120000000e+01   -5.8230312133e+00
3.9140000000e+01   -7.2500931514e+00
3.9160000000e+01   -5.8101255590e+00
3.9180000000e+01   -5.9092236818e+00
3.9200000000e+01   -6.2830444886e+00
3.9220000000e+01   -5.7785856209e+00
3.9240000000e+01   -6.0629495995e+00
3.9260000000e+01   -6.0252884434e+00
3.9280000000e+01   -5.7826709261e+00
3.9300000000e+01   -6.3663200834e+00
3.9320000000e+01   -5.8894855358e+00
3.9340000000e+01   -5.8229775076e+00
3.9360000000e+01   -7.4263276712e+00
3.9380000000e+01   -5.8144701773e+00
3.9400000000e+01   -5.9071456295e+00
3.9420000000e+01   -6.3003095853e+00
3.9440000000e+01   -5.7814616635e+00
3.9460000000e+01   -6.0573894761e+00
3.9480000000e+01   -6.0347108111e+00
3.9500000000e+01   -5.7841765758e+00
3.9520000000e+01   -6.3509713601e+00
3.9540000000e+01   -5.8957854137e+00
3.9560000000e+01   -5.8229750684e+00
3.9580000000e+01   -7.7233237917e+00
3.9600000000e+01   -5.8188634582e+00
3.9620000000e+01   -5.9051496601e+00
3.9640000000e+01   -6.3181491965e+00
3.9660000000e+01   -5.7843773818e+00
3.9680000000e+01   -6.0520070545e+00
3.9700000000e+01   -6.0442916498e+00
3.9720000000e+01   -5.7857224672e+00
3.9740000000e+01   -6.3363486021e+00
3.9760000000e+01   -5.9021619220e+00
3.9780000000e+01   -5.8230233777e+00
3.9800000000e+01   -9.2661117477e+00
3.9820000000e+01   -5.8233061412e+00
3.9840000000e+01   -5.9032340653e+00
3.9860000000e+01   -6.3366072797e+00
3.9880000000e+01   -5.7873330607e+00
3.9900000000e+01   -6.0467958577e+00
3.9920000000e+01   -6.0540370454e+00
3.9940000000e+01   -5.7873085438e+00
3.9960000000e+01   -6.3223965414e+00
3.9980000000e+01   -5.9086169628e+00
4.0000000000e+01   -5.8231218980e+00
