X    Y
0.0000000000e+00   0.0000000000e+00
2.0000000000e-02   -4.9549242044e-03
4.0000000000e-02   -1.4905660923e-02
6.0000000000e-02   -2.3549338670e-02
8.0000000000e-02   -3.1656325602e-02
1.0000000000e-01   -4.0825003124e-02
1.2000000000e-01   -4.9555620754e-02
1.4000000000e-01   -5.7876679489e-02
1.6000000000e-01   -6.6834399160e-02
1.8000000000e-01   -7.5623670465e-02
2.0000000000e-01   -8.4029334995e-02
2.2000000000e-01   -9.2877629366e-02
2.4000000000e-01   -1.0170340381e-01
2.6000000000e-01   -1.1016414354e-01
2.8000000000e-01   -1.1893874320e-01
3.0000000000e-01   -1.2778744120e-01
3.2000000000e-01   -1.3629413092e-01
3.4000000000e-01   -1.4501276995e-01
3.6000000000e-01   -1.5387425102e-01
3.8000000000e-01   -1.6242406739e-01
4.0000000000e-01   -1.7109815979e-01
4.2000000000e-01   -1.7996383995e-01
4.4000000000e-01   -1.8855606697e-01
4.6000000000e-01   -1.9719466515e-01
4.8000000000e-01   -2.0605686355e-01
5.0000000000e-01   -2.1469121277e-01
5.2000000000e-01   -2.2330259505e-01
5.4000000000e-01   -2.3215437548e-01
5.6000000000e-01   -2.4083016976e-01
5.8000000000e-01   -2.4942250393e-01
6.0000000000e-01   -2.5825773773e-01
6.2000000000e-01   -2.6697347178e-01
6.4000000000e-01   -2.7555504660e-01
6.6000000000e-01   -2.8436857758e-01
6.8000000000e-01   -2.9312168562e-01
7.0000000000e-01   -3.0170090852e-01
7.2000000000e-01   -3.1048875802e-01
7.4000000000e-01   -3.1927552239e-01
7.6000000000e-01   -3.2786077711e-01
7.8000000000e-01   -3.3662035090e-01
8.0000000000e-01   -3.4543592309e-01
8.2000000000e-01   -3.5403534018e-01
8.4000000000e-01   -3.6276560944e-01
8.6000000000e-01   -3.7160412901e-01
8.8000000000e-01   -3.8022530503e-01
9.0000000000e-01   -3.8892694028e-01
9.2000000000e-01   -3.9778174099e-01
9.4000000000e-01   -4.0643143535e-01
9.6000000000e-01   -4.1510687643e-01
9.8000000000e-01   -4.2397076886e-01
1.0000000000e+00   -4.3265460406e-01
1.0200000000e+00   -4.4130805345e-01
1.0400000000e+00   -4.5017367117e-01
1.0600000000e+00   -4.5889586045e-01
1.0800000000e+00   -4.6753319196e-01
1.1000000000e+00   -4.7639338508e-01
1.1200000000e+00   -4.8515651000e-01
1.1400000000e+00   -4.9378508939e-01
1.1600000000e+00   -5.0263334657e-01
1.1800000000e+00   -5.1143820493e-01
1.2000000000e+00   -5.2006662445e-01
1.2200000000e+00   -5.2889750154e-01
1.2400000000e+00   -5.3774304312e-01
1.2600000000e+00   -5.4638077749e-01
1.2800000000e+00   -5.5519030921e-01
1.3000000000e+00   -5.6407367272e-01
1.3200000000e+00   -5.7273066964e-01
1.3400000000e+00   -5.8151673984e-01
1.3600000000e+00   -5.9043339988e-01
1.3800000000e+00   -5.9911962348e-01
1.4000000000e+00   -6.0788226985e-01
1.4200000000e+00   -6.1682629674e-01
1.4400000000e+00   -6.2555124692e-01
1.4600000000e+00   -6.3429287823e-01
1.4800000000e+00   -6.4325730722e-01
1.5000000000e+00   -6.5202954208e-01
1.5200000000e+00   -6.6075504878e-01
1.5400000000e+00   -6.6973234857e-01
1.5600000000e+00   -6.7855903928e-01
1.5800000000e+00   -6.8727578361e-01
1.6000000000e+00   -6.9625840750e-01
1.6200000000e+00   -7.0514495647e-01
1.6400000000e+00   -7.1386263382e-01
1.6600000000e+00   -7.2284363048e-01
1.6800000000e+00   -7.3179338288e-01
1.7000000000e+00   -7.4052375367e-01
1.7200000000e+00   -7.4949740931e-01
1.7400000000e+00   -7.5851148563e-01
1.7600000000e+00   -7.6726798471e-01
1.7800000000e+00   -7.7623046429e-01
1.8000000000e+00   -7.8530773746e-01
1.8200000000e+00   -7.9410497644e-01
1.8400000000e+00   -8.0305492906e-01
1.8600000000e+00   -8.1219216351e-01
1.8800000000e+00   -8.2104535000e-01
1.9000000000e+00   -8.2998444311e-01
1.9200000000e+00   -8.3917660558e-01
1.9400000000e+00   -8.4810091080e-01
1.9600000000e+00   -8.5703425943e-01
1.9800000000e+00   -8.6627500272e-01
2.0000000000e+00   -8.7528491611e-01
2.0200000000e+00   -8.8422137731e-01
2.0400000000e+00   -8.9350368851e-01
2.0600000000e+00   -9.0261240280e-01
2.0800000000e+00   -9.1156471170e-01
2.1000000000e+00   -9.2088170699e-01
2.1200000000e+00   -9.3010058089e-01
2.1400000000e+00   -9.3908531294e-01
2.1600000000e+00   -9.4843115172e-01
2.1800000000e+00   -9.5776929798e-01
2.2000000000e+00   -9.6680665270e-01
2.2200000000e+00   -9.7617753585e-01
2.2400000000e+00   -9.8564158093e-01
2.2600000000e+00   -9.9475499396e-01
2.2800000000e+00   -1.0041502048e+00
2.3000000000e+00   -1.0137442623e+00
2.3200000000e+00   -1.0229598658e+00
2.3400000000e+00   -1.0323828083e+00
2.3600000000e+00   -1.0421087014e+00
2.3800000000e+00   -1.0514546666e+00
2.4000000000e+00   -1.0609138549e+00
2.4200000000e+00   -1.0707716147e+00
2.4400000000e+00   -1.0802774225e+00
2.4600000000e+00   -1.0897873786e+00
2.4800000000e+00   -1.0997760344e+00
2.5000000000e+00   -1.1094717350e+00
2.5200000000e+00   -1.1190537568e+00
2.5400000000e+00   -1.1291724254e+00
2.5600000000e+00   -1.1390879567e+00
2.5800000000e+00   -1.1487707313e+00
2.6000000000e+00   -1.1590200003e+00
2.6200000000e+00   -1.1691846465e+00
2.6400000000e+00   -1.1790046972e+00
2.6600000000e+00   -1.1893882903e+00
2.6800000000e+00   -1.1998303695e+00
2.7000000000e+00   -1.2098323459e+00
2.7200000000e+00   -1.2203590545e+00
2.7400000000e+00   -1.2311059304e+00
2.7600000000e+00   -1.2413427750e+00
2.7800000000e+00   -1.2520286397e+00
2.8000000000e+00   -1.2631071613e+00
2.8200000000e+00   -1.2736402165e+00
2.8400000000e+00   -1.2845109541e+00
2.8600000000e+00   -1.2959484321e+00
2.8800000000e+00   -1.3068475906e+00
2.9000000000e+00   -1.3179412823e+00
2.9200000000e+00   -1.3297671277e+00
2.9400000000e+00   -1.3411111740e+00
2.9600000000e+00   -1.3524812681e+00
2.9800000000e+00   -1.3647294427e+00
3.0000000000e+00   -1.3766067963e+00
3.0200000000e+00   -1.3883255450e+00
3.0400000000e+00   -1.4010380162e+00
3.0600000000e+00   -1.4135481725e+00
3.0800000000e+00   -1.4257107198e+00
3.1000000000e+00   -1.4389421977e+00
3.1200000000e+00   -1.4521982854e+00
3.1400000000e+00   -1.4649277898e+00
3.1600000000e+00   -1.4787521670e+00
3.1800000000e+00   -1.4928852384e+00
3.2000000000e+00   -1.5063396766e+00
3.2200000000e+00   -1.5208588540e+00
3.2400000000e+00   -1.5360248498e+00
3.2600000000e+00   -1.5504066012e+00
3.2800000000e+00   -1.5657628533e+00
3.3000000000e+00   -1.5821537567e+00
3.3200000000e+00   -1.5977238622e+00
3.3400000000e+00   -1.6141177739e+00
3.3600000000e+00   -1.6319795361e+00
3.3800000000e+00   -1.6490800136e+00
3.4000000000e+00   -1.6667977218e+00
3.4200000000e+00   -1.6864596282e+00
3.4400000000e+00   -1.7055501729e+00
3.4600000000e+00   -1.7250071317e+00
3.4800000000e+00   -1.7469316681e+00
3.5000000000e+00   -1.7686533514e+00
3.5200000000e+00   -1.7904695110e+00
3.5400000000e+00   -1.8153417106e+00
3.5600000000e+00   -1.8406349088e+00
3.5800000000e+00   -1.8657746799e+00
3.6000000000e+00   -1.8946747429e+00
3.6200000000e+00   -1.9250164587e+00
3.6400000000e+00   -1.9550769489e+00
3.6600000000e+00   -1.9898504143e+00
3.6800000000e+00   -2.0277897425e+00
3.7000000000e+00   -2.0656800313e+00
3.7200000000e+00   -2.1098588311e+00
3.7400000000e+00   -2.1604451364e+00
3.7600000000e+00   -2.2123360610e+00
3.7800000000e+00   -2.2740188525e+00
3.8000000000e+00   -2.3497942797e+00
3.8200000000e+00   -2.4329151773e+00
3.8400000000e+00   -2.5383773636e+00
3.8600000000e+00   -2.6894072379e+00
3.8800000000e+00   -2.8992970708e+00
3.9000000000e+00   -3.3207031808e+00
3.9200000000e+00   -3.4307127294e+00
3.9400000000e+00   -2.9340381913e+00
3.9600000000e+00   -2.7124204998e+00
3.9800000000e+00   -2.5549647950e+00
4.0000000000e+00   -2.4445726836e+00
4.0200000000e+00   -2.3600551313e+00
4.0400000000e+00   -2.2830984750e+00
4.0600000000e+00   -2.2194271887e+00
4.0800000000e+00   -2.1669998888e+00
4.1000000000e+00   -2.1161507326e+00
4.1200000000e+00   -2.0708449916e+00
4.1400000000e+00   -2.0325928525e+00
4.1600000000e+00   -1.9946815869e+00
4.1800000000e+00   -1.9591923400e+00
4.2000000000e+00   -1.9288109019e+00
4.2200000000e+00   -1.8986025916e+00
4.2400000000e+00   -1.8692355524e+00
4.2600000000e+00   -1.8437837550e+00
4.2800000000e+00   -1.8186534096e+00
4.3000000000e+00   -1.7934853891e+00
4.3200000000e+00   -1.7713618681e+00
4.3400000000e+00   -1.7497955145e+00
4.3600000000e+00   -1.7277008728e+00
4.3800000000e+00   -1.7079458812e+00
4.4000000000e+00   -1.6889837463e+00
4.4200000000e+00   -1.6692463941e+00
4.4400000000e+00   -1.6512473244e+00
4.4600000000e+00   -1.6342384823e+00
4.4800000000e+00   -1.6163721654e+00
4.5000000000e+00   -1.5997210698e+00
4.5200000000e+00   -1.5842019282e+00
4.5400000000e+00   -1.5678578058e+00
4.5600000000e+00   -1.5522750499e+00
4.5800000000e+00   -1.5379037699e+00
4.6000000000e+00   -1.5228191877e+00
4.6200000000e+00   -1.5081091027e+00
4.6400000000e+00   -1.4946277330e+00
4.6600000000e+00   -1.4805962844e+00
4.6800000000e+00   -1.4666196512e+00
4.7000000000e+00   -1.4538309708e+00
4.7200000000e+00   -1.4406843728e+00
4.7400000000e+00   -1.4273404059e+00
4.7600000000e+00   -1.4150929819e+00
4.7800000000e+00   -1.4026898852e+00
4.8000000000e+00   -1.3899039287e+00
4.8200000000e+00   -1.3780819415e+00
4.8400000000e+00   -1.3663009829e+00
4.8600000000e+00   -1.3540158547e+00
4.8800000000e+00   -1.3425317697e+00
4.9000000000e+00   -1.3312672909e+00
4.9200000000e+00   -1.3194370956e+00
4.9400000000e+00   -1.3082260812e+00
4.9600000000e+00   -1.2973855366e+00
4.9800000000e+00   -1.2859712420e+00
5.0000000000e+00   -1.2749866879e+00
5.0200000000e+00   -1.2644891116e+00
5.0400000000e+00   -1.2534554446e+00
5.0600000000e+00   -1.2426652074e+00
5.0800000000e+00   -1.2324403136e+00
5.1000000000e+00   -1.2217536771e+00
5.1200000000e+00   -1.2111368380e+00
5.1400000000e+00   -1.2011244654e+00
5.1600000000e+00   -1.1907516607e+00
5.1800000000e+00   -1.1802956832e+00
5.2000000000e+00   -1.1704453812e+00
5.2200000000e+00   -1.1603529672e+00
5.2400000000e+00   -1.1500511994e+00
5.2600000000e+00   -1.1403218218e+00
5.2800000000e+00   -1.1304759709e+00
5.3000000000e+00   -1.1203254729e+00
5.3200000000e+00   -1.1106846929e+00
5.3400000000e+00   -1.1010514190e+00
5.3600000000e+00   -1.0910511146e+00
5.3800000000e+00   -1.0814748131e+00
5.4000000000e+00   -1.0720204607e+00
5.4200000000e+00   -1.0621696173e+00
5.4400000000e+00   -1.0526411266e+00
5.4600000000e+00   -1.0433330208e+00
5.4800000000e+00   -1.0336300608e+00
5.5000000000e+00   -1.0241392695e+00
5.5200000000e+00   -1.0149464373e+00
5.5400000000e+00   -1.0053880799e+00
5.5600000000e+00   -9.9593042201e-01
5.5800000000e+00   -9.8682430678e-01
5.6000000000e+00   -9.7740502691e-01
5.6200000000e+00   -9.6798039043e-01
5.6400000000e+00   -9.5893549688e-01
5.6600000000e+00   -9.4964728119e-01
5.6800000000e+00   -9.4025887939e-01
5.7000000000e+00   -9.3125329737e-01
5.7200000000e+00   -9.2208566532e-01
5.7400000000e+00   -9.1273891697e-01
5.7600000000e+00   -9.0375468966e-01
5.7800000000e+00   -8.9469494076e-01
5.8000000000e+00   -8.8539640481e-01
5.8200000000e+00   -8.7641971989e-01
5.8400000000e+00   -8.6745336112e-01
5.8600000000e+00   -8.5820976776e-01
5.8800000000e+00   -8.4923096466e-01
5.9000000000e+00   -8.4034226829e-01
5.9200000000e+00   -8.3115968169e-01
5.9400000000e+00   -8.2217308038e-01
5.9600000000e+00   -8.1334572126e-01
5.9800000000e+00   -8.0422886105e-01
6.0000000000e+00   -7.9523242868e-01
6.0200000000e+00   -7.8645015128e-01
6.0400000000e+00   -7.7740189027e-01
6.0600000000e+00   -7.6839677080e-01
6.0800000000e+00   -7.5964404018e-01
6.1000000000e+00   -7.5066508565e-01
6.1200000000e+00   -7.4165502405e-01
6.1400000000e+00   -7.3291762052e-01
6.1600000000e+00   -7.2400637684e-01
6.1800000000e+00   -7.1499707321e-01
6.2000000000e+00   -7.0626259799e-01
6.2200000000e+00   -6.9741519905e-01
6.2400000000e+00   -6.8841362987e-01
6.2600000000e+00   -6.7967189717e-01
6.2800000000e+00   -6.7088238946e-01
6.3000000000e+00   -6.6189613215e-01
6.3200000000e+00   -6.5313943219e-01
6.3400000000e+00   -6.4440008320e-01
6.3600000000e+00   -6.3543667759e-01
6.3800000000e+00   -6.2665990385e-01
6.4000000000e+00   -6.1796160600e-01
6.4200000000e+00   -6.0902798203e-01
6.4400000000e+00   -6.0022862415e-01
6.4600000000e+00   -5.9156136250e-01
6.4800000000e+00   -5.8266335738e-01
6.5000000000e+00   -5.7384136900e-01
6.5200000000e+00   -5.6519472017e-01
6.5400000000e+00   -5.5633670202e-01
6.5600000000e+00   -5.4749425879e-01
6.5800000000e+00   -5.3885789019e-01
6.6000000000e+00   -5.3004249802e-01
6.6200000000e+00   -5.2118366591e-01
6.6400000000e+00   -5.1254780717e-01
6.6600000000e+00   -5.0377581014e-01
6.6800000000e+00   -4.9490614767e-01
6.7000000000e+00   -4.8626201035e-01
6.7200000000e+00   -4.7753228262e-01
6.7400000000e+00   -4.6865840218e-01
6.7600000000e+00   -4.5999852894e-01
6.7800000000e+00   -4.5130813055e-01
6.8000000000e+00   -4.4243724429e-01
6.8200000000e+00   -4.3375577441e-01
6.8400000000e+00   -4.2510012369e-01
6.8600000000e+00   -4.1623959840e-01
6.8800000000e+00   -4.0753244235e-01
6.9000000000e+00   -3.9890556137e-01
6.9200000000e+00   -3.9006250444e-01
6.9400000000e+00   -3.8132742600e-01
6.9600000000e+00   -3.7272223818e-01
6.9800000000e+00   -3.6390313347e-01
7.0000000000e+00   -3.5513974351e-01
7.0200000000e+00   -3.4654840043e-01
7.0400000000e+00   -3.3775880928e-01
7.0600000000e+00   -3.2896848020e-01
7.0800000000e+00   -3.2038269428e-01
7.1000000000e+00   -3.1162703267e-01
7.1200000000e+00   -3.0281274702e-01
7.1400000000e+00   -2.9422410609e-01
7.1600000000e+00   -2.8550550522e-01
7.1800000000e+00   -2.7667165622e-01
7.2000000000e+00   -2.6807189575e-01
7.2200000000e+00   -2.5939215005e-01
7.2400000000e+00   -2.5054431581e-01
7.2600000000e+00   -2.4192552229e-01
7.2800000000e+00   -2.3328512742e-01
7.3000000000e+00   -2.2442984581e-01
7.3200000000e+00   -2.1578455879e-01
7.3400000000e+00   -2.0718284341e-01
7.3600000000e+00   -1.9832742341e-01
7.3800000000e+00   -1.8964858753e-01
7.4000000000e+00   -1.8108395092e-01
7.4200000000e+00   -1.7223637377e-01
7.4400000000e+00   -1.6351705228e-01
7.4600000000e+00   -1.5498734382e-01
7.4800000000e+00   -1.4615634788e-01
7.5000000000e+00   -1.3738900630e-01
7.5200000000e+00   -1.2889215072e-01
7.5400000000e+00   -1.2008769907e-01
7.5600000000e+00   -1.1126257774e-01
7.5800000000e+00   -1.0279776203e-01
7.6000000000e+00   -9.4032395470e-02
7.6200000000e+00   -8.5133543020e-02
7.6400000000e+00   -7.6704076913e-02
7.6600000000e+00   -6.7996693110e-02
7.6800000000e+00   -5.8990349332e-02
7.7000000000e+00   -5.0613343831e-02
7.7200000000e+00   -4.2001377660e-02
7.7400000000e+00   -3.2788190682e-02
7.7600000000e+00   -2.4551179479e-02
7.7800000000e+00   -1.6139274131e-02
7.8000000000e+00   -6.1339663342e-03
7.8200000000e+00   -9.0434794219e-05
7.8400000000e+00   -3.8599730435e-03
7.8600000000e+00   -1.3636665895e-02
7.8800000000e+00   -2.2538692161e-02
7.9000000000e+00   -3.0548626110e-02
7.9200000000e+00   -3.9637439354e-02
7.9400000000e+00   -4.8489184780e-02
7.9600000000e+00   -5.6777805548e-02
7.9800000000e+00   -6.5667738494e-02
8.0000000000e+00   -7.4534647468e-02
8.0200000000e+00   -8.2935486323e-02
8.0400000000e+00   -9.1722084722e-02
8.0600000000e+00   -1.0060068878e-01
8.0800000000e+00   -1.0907308384e-01
8.1000000000e+00   -1.1779135017e-01
8.1200000000e+00   -1.2667483472e-01
8.1400000000e+00   -1.3520425406e-01
8.1600000000e+00   -1.4387240733e-01
8.1800000000e+00   -1.5275392937e-01
8.2000000000e+00   -1.6133403201e-01
8.2200000000e+00   -1.6996432810e-01
8.2400000000e+00   -1.7883736920e-01
8.2600000000e+00   -1.8746467352e-01
8.2800000000e+00   -1.9606705530e-01
8.3000000000e+00   -2.0492557423e-01
8.3200000000e+00   -2.1359737137e-01
8.3400000000e+00   -2.2218089763e-01
8.3600000000e+00   -2.3101951508e-01
8.3800000000e+00   -2.3973290623e-01
8.4000000000e+00   -2.4830631299e-01
8.4200000000e+00   -2.5712052819e-01
8.4400000000e+00   -2.6587195031e-01
8.4600000000e+00   -2.7444380953e-01
8.4800000000e+00   -2.8323022546e-01
8.5000000000e+00   -2.9201523769e-01
8.5200000000e+00   -3.0059390384e-01
8.5400000000e+00   -3.0935043808e-01
8.5600000000e+00   -3.1816367580e-01
8.5800000000e+00   -3.2675711227e-01
8.6000000000e+00   -3.3548317382e-01
8.6200000000e+00   -3.4431842677e-01
8.6400000000e+00   -3.5293396551e-01
8.6600000000e+00   -3.6163058046e-01
8.6800000000e+00   -3.7048097042e-01
8.7000000000e+00   -3.7912504144e-01
8.7200000000e+00   -3.8779491368e-01
8.7400000000e+00   -3.9665315352e-01
8.7600000000e+00   -4.0533101369e-01
8.7800000000e+00   -4.1397850996e-01
8.8000000000e+00   -4.2283722744e-01
8.8200000000e+00   -4.3155271390e-01
8.8400000000e+00   -4.4018376653e-01
8.8600000000e+00   -4.4903587482e-01
8.8800000000e+00   -4.5779120565e-01
8.9000000000e+00   -4.6641313089e-01
8.9200000000e+00   -4.7525222597e-01
8.9400000000e+00   -4.8404786824e-01
8.9600000000e+00   -4.9266910266e-01
8.9800000000e+00   -5.0148986592e-01
9.0000000000e+00   -5.1032448762e-01
9.0200000000e+00   -5.1895425062e-01
9.0400000000e+00   -5.2775283351e-01
9.0600000000e+00   -5.3662335216e-01
9.0800000000e+00   -5.4527124762e-01
9.1000000000e+00   -5.5404561472e-01
9.1200000000e+00   -5.6294735038e-01
9.1400000000e+00   -5.7162292543e-01
9.1600000000e+00   -5.8037313308e-01
9.1800000000e+00   -5.8930006803e-01
9.2000000000e+00   -5.9801235136e-01
9.2200000000e+00   -6.0674074086e-01
9.2400000000e+00   -6.1568588210e-01
9.2600000000e+00   -6.2444292764e-01
9.2800000000e+00   -6.3315421537e-01
9.3000000000e+00   -6.4211004963e-01
9.3200000000e+00   -6.5091851398e-01
9.3400000000e+00   -6.5961976554e-01
9.3600000000e+00   -6.6857879024e-01
9.3800000000e+00   -6.7744357274e-01
9.4000000000e+00   -6.8614405391e-01
9.4200000000e+00   -6.9509936181e-01
9.4400000000e+00   -7.0402333586e-01
9.4600000000e+00   -7.1273424020e-01
9.4800000000e+00   -7.2168013028e-01
9.5000000000e+00   -7.3066399161e-01
9.5200000000e+00   -7.3939805214e-01
9.5400000000e+00   -7.4833063553e-01
9.5600000000e+00   -7.5737288921e-01
9.5800000000e+00   -7.6614388940e-01
9.6000000000e+00   -7.7506165716e-01
9.6200000000e+00   -7.8415875906e-01
9.6400000000e+00   -7.9298096641e-01
9.6600000000e+00   -8.0188528527e-01
9.6800000000e+00   -8.1103194639e-01
9.7000000000e+00   -8.1991949914e-01
9.7200000000e+00   -8.2881500321e-01
9.7400000000e+00   -8.3800465686e-01
9.7600000000e+00   -8.4697094068e-01
9.7800000000e+00   -8.5586579099e-01
9.8000000000e+00   -8.6509121376e-01
9.8200000000e+00   -8.7414826990e-01
9.8400000000e+00   -8.8305425954e-01
9.8600000000e+00   -8.9230832762e-01
9.8800000000e+00   -9.0146633713e-01
9.9000000000e+00   -9.1039882794e-01
9.9200000000e+00   -9.1967538176e-01
9.9400000000e+00   -9.2894227061e-01
9.9600000000e+00   -9.3791995719e-01
9.9800000000e+00   -9.4721473945e-01
1.0000000000e+01   -9.5659594773e-01
1.0020000000e+01   -9.6564045587e-01
1.0040000000e+01   -9.7495208224e-01
1.0060000000e+01   -9.8445053610e-01
1.0080000000e+01   -9.9358587477e-01
1.0100000000e+01   -1.0029167927e+00
1.0120000000e+01   -1.0125331108e+00
1.0140000000e+01   -1.0217850099e+00
1.0160000000e+01   -1.0311424001e+00
1.0180000000e+01   -1.0408753579e+00
1.0200000000e+01   -1.0502705355e+00
1.0220000000e+01   -1.0596671133e+00
1.0240000000e+01   -1.0695143773e+00
1.0260000000e+01   -1.0790797931e+00
1.0280000000e+01   -1.0885344716e+00
1.0300000000e+01   -1.0984936061e+00
1.0320000000e+01   -1.1082557656e+00
1.0340000000e+01   -1.1177941545e+00
1.0360000000e+01   -1.1278638921e+00
1.0380000000e+01   -1.1378482761e+00
1.0400000000e+01   -1.1475030009e+00
1.0420000000e+01   -1.1576847572e+00
1.0440000000e+01   -1.1679154571e+00
1.0460000000e+01   -1.1777263025e+00
1.0480000000e+01   -1.1880259132e+00
1.0500000000e+01   -1.1985255549e+00
1.0520000000e+01   -1.2085394571e+00
1.0540000000e+01   -1.2189691088e+00
1.0560000000e+01   -1.2297591530e+00
1.0580000000e+01   -1.2400300909e+00
1.0600000000e+01   -1.2506104257e+00
1.0620000000e+01   -1.2617119340e+00
1.0640000000e+01   -1.2723007995e+00
1.0660000000e+01   -1.2830631836e+00
1.0680000000e+01   -1.2944981451e+00
1.0700000000e+01   -1.3054727080e+00
1.0720000000e+01   -1.3164616824e+00
1.0740000000e+01   -1.3282550064e+00
1.0760000000e+01   -1.3396901340e+00
1.0780000000e+01   -1.3509661046e+00
1.0800000000e+01   -1.3631484093e+00
1.0820000000e+01   -1.3751267574e+00
1.0840000000e+01   -1.3867690506e+00
1.0860000000e+01   -1.3993804205e+00
1.0880000000e+01   -1.4119938906e+00
1.0900000000e+01   -1.4241044018e+00
1.0920000000e+01   -1.4371993705e+00
1.0940000000e+01   -1.4505517450e+00
1.0960000000e+01   -1.4632595702e+00
1.0980000000e+01   -1.4769137311e+00
1.1000000000e+01   -1.4911250819e+00
1.1020000000e+01   -1.5045927854e+00
1.1040000000e+01   -1.5189116948e+00
1.1060000000e+01   -1.5341254707e+00
1.1080000000e+01   -1.5485580784e+00
1.1100000000e+01   -1.5636895872e+00
1.1120000000e+01   -1.5800838342e+00
1.1140000000e+01   -1.5957424194e+00
1.1160000000e+01   -1.6118944404e+00
1.1180000000e+01   -1.6296996292e+00
1.1200000000e+01   -1.6469227919e+00
1.1220000000e+01   -1.6643901936e+00
1.1240000000e+01   -1.6839181346e+00
1.1260000000e+01   -1.7031575211e+00
1.1280000000e+01   -1.7223652695e+00
1.1300000000e+01   -1.7440577924e+00
1.1320000000e+01   -1.7659398390e+00
1.1340000000e+01   -1.7875170301e+00
1.1360000000e+01   -1.8120325785e+00
1.1380000000e+01   -1.8374726641e+00
1.1400000000e+01   -1.8623901199e+00
1.1420000000e+01   -1.8907699766e+00
1.1440000000e+01   -1.9212012930e+00
1.1460000000e+01   -1.9510540029e+00
1.1480000000e+01   -1.9850764143e+00
1.1500000000e+01   -2.0229632735e+00
1.1520000000e+01   -2.0606322435e+00
1.1540000000e+01   -2.1036864190e+00
1.1560000000e+01   -2.1538807724e+00
1.1580000000e+01   -2.2054144180e+00
1.1600000000e+01   -2.2652002260e+00
1.1620000000e+01   -2.3396097737e+00
1.1640000000e+01   -2.4216093277e+00
1.1660000000e+01   -2.5225845030e+00
1.1680000000e+01   -2.6672410605e+00
1.1700000000e+01   -2.8671281220e+00
1.1720000000e+01   -3.2341363418e+00
1.1740000000e+01   -3.5805324609e+00
1.1760000000e+01   -2.9719741659e+00
1.1780000000e+01   -2.7363259494e+00
1.1800000000e+01   -2.5723661172e+00
1.1820000000e+01   -2.4566525144e+00
1.1840000000e+01   -2.3703899326e+00
1.1860000000e+01   -2.2924192974e+00
1.1880000000e+01   -2.2267197412e+00
1.1900000000e+01   -2.1735489823e+00
1.1920000000e+01   -2.1225417507e+00
1.1940000000e+01   -2.0761445267e+00
1.1960000000e+01   -2.0373805722e+00
1.1980000000e+01   -1.9995524233e+00
1.2000000000e+01   -1.9634093384e+00
1.2020000000e+01   -1.9325946056e+00
1.2040000000e+01   -1.9025393542e+00
1.2060000000e+01   -1.8727764339e+00
1.2080000000e+01   -1.8469299125e+00
1.2100000000e+01   -1.8219568092e+00
1.2120000000e+01   -1.7965645175e+00
1.2140000000e+01   -1.7740759516e+00
1.2160000000e+01   -1.7526415791e+00
1.2180000000e+01   -1.7304436343e+00
1.2200000000e+01   -1.7103544475e+00
1.2220000000e+01   -1.6914855847e+00
1.2240000000e+01   -1.6717315191e+00
1.2260000000e+01   -1.6534333355e+00
1.2280000000e+01   -1.6364740904e+00
1.2300000000e+01   -1.6186518121e+00
1.2320000000e+01   -1.6017411811e+00
1.2340000000e+01   -1.5862281341e+00
1.2360000000e+01   -1.5699681362e+00
1.2380000000e+01   -1.5541689341e+00
1.2400000000e+01   -1.5397637852e+00
1.2420000000e+01   -1.5247863861e+00
1.2440000000e+01   -1.5099048934e+00
1.2460000000e+01   -1.4963554786e+00
1.2480000000e+01   -1.4824401827e+00
1.2500000000e+01   -1.4683373478e+00
1.2520000000e+01   -1.4554536633e+00
1.2540000000e+01   -1.4424207214e+00
1.2560000000e+01   -1.4289941380e+00
1.2580000000e+01   -1.4166327365e+00
1.2600000000e+01   -1.4043318056e+00
1.2620000000e+01   -1.3915035486e+00
1.2640000000e+01   -1.3795568017e+00
1.2660000000e+01   -1.3678598986e+00
1.2680000000e+01   -1.3555681107e+00
1.2700000000e+01   -1.3439563996e+00
1.2720000000e+01   -1.3327535108e+00
1.2740000000e+01   -1.3209465290e+00
1.2760000000e+01   -1.3096122578e+00
1.2780000000e+01   -1.2988086004e+00
1.2800000000e+01   -1.2874408888e+00
1.2820000000e+01   -1.2763436810e+00
1.2840000000e+01   -1.2658579699e+00
1.2860000000e+01   -1.2548873903e+00
1.2880000000e+01   -1.2440000959e+00
1.2900000000e+01   -1.2337633951e+00
1.2920000000e+01   -1.2231494921e+00
1.2940000000e+01   -1.2124547966e+00
1.2960000000e+01   -1.2024096687e+00
1.2980000000e+01   -1.1921127349e+00
1.3000000000e+01   -1.1816002542e+00
1.3020000000e+01   -1.1717000216e+00
1.3040000000e+01   -1.1616807556e+00
1.3060000000e+01   -1.1513445594e+00
1.3080000000e+01   -1.1415525566e+00
1.3100000000e+01   -1.1317721607e+00
1.3120000000e+01   -1.1216086952e+00
1.3140000000e+01   -1.1118974430e+00
1.3160000000e+01   -1.1023180262e+00
1.3180000000e+01   -1.0923244263e+00
1.3200000000e+01   -1.0826746943e+00
1.3220000000e+01   -1.0732598660e+00
1.3240000000e+01   -1.0634326450e+00
1.3260000000e+01   -1.0538324016e+00
1.3280000000e+01   -1.0445479541e+00
1.3300000000e+01   -1.0348820611e+00
1.3320000000e+01   -1.0253253265e+00
1.3340000000e+01   -1.0161399214e+00
1.3360000000e+01   -1.0066281468e+00
1.3380000000e+01   -9.9711378271e-01
1.3400000000e+01   -9.8799957027e-01
1.3420000000e+01   -9.7863227179e-01
1.3440000000e+01   -9.6916274895e-01
1.3460000000e+01   -9.6009586730e-01
1.3480000000e+01   -9.5086098055e-01
1.3500000000e+01   -9.4144116925e-01
1.3520000000e+01   -9.3240208450e-01
1.3540000000e+01   -9.2328537339e-01
1.3560000000e+01   -9.1392140303e-01
1.3580000000e+01   -9.0489506847e-01
1.3600000000e+01   -8.9588056560e-01
1.3620000000e+01   -8.8657879457e-01
1.3640000000e+01   -8.7755462140e-01
1.3660000000e+01   -8.6862520474e-01
1.3680000000e+01   -8.5939133597e-01
1.3700000000e+01   -8.5036298148e-01
1.3720000000e+01   -8.4150103289e-01
1.3740000000e+01   -8.3233940157e-01
1.3760000000e+01   -8.2330439210e-01
1.3780000000e+01   -8.1449248509e-01
1.3800000000e+01   -8.0540553535e-01
1.3820000000e+01   -7.9636475060e-01
1.3840000000e+01   -7.8758631910e-01
1.3860000000e+01   -7.7857427588e-01
1.3880000000e+01   -7.6953132771e-01
1.3900000000e+01   -7.6077127381e-01
1.3920000000e+01   -7.5183200620e-01
1.3940000000e+01   -7.4279254904e-01
1.3960000000e+01   -7.3403775578e-01
1.3980000000e+01   -7.2516681854e-01
1.4000000000e+01   -7.1613783031e-01
1.4020000000e+01   -7.0737755428e-01
1.4040000000e+01   -6.9856838652e-01
1.4060000000e+01   -6.8955745764e-01
1.4080000000e+01   -6.8078358582e-01
1.4100000000e+01   -6.7202783931e-01
1.4120000000e+01   -6.6304250473e-01
1.4140000000e+01   -6.5424966909e-01
1.4160000000e+01   -6.4553763465e-01
1.4180000000e+01   -6.3658477885e-01
1.4200000000e+01   -6.2777033115e-01
1.4220000000e+01   -6.1909142902e-01
1.4240000000e+01   -6.1017678801e-01
1.4260000000e+01   -6.0134064493e-01
1.4280000000e+01   -5.9268394509e-01
1.4300000000e+01   -5.8381172234e-01
1.4320000000e+01   -5.7495609748e-01
1.4340000000e+01   -5.6631083742e-01
1.4360000000e+01   -5.5748344334e-01
1.4380000000e+01   -5.4861248784e-01
1.4400000000e+01   -5.3996855845e-01
1.4420000000e+01   -5.3118647579e-01
1.4440000000e+01   -5.2230585234e-01
1.4460000000e+01   -5.1365422716e-01
1.4480000000e+01   -5.0491599783e-01
1.4500000000e+01   -4.9603241467e-01
1.4520000000e+01   -4.8736550337e-01
1.4540000000e+01   -4.7866782600e-01
1.4560000000e+01   -4.6978855761e-01
1.4580000000e+01   -4.6110047025e-01
1.4600000000e+01   -4.5243839287e-01
1.4620000000e+01   -4.4357081255e-01
1.4640000000e+01   -4.3485752762e-01
1.4660000000e+01   -4.2622471604e-01
1.4680000000e+01   -4.1737586311e-01
1.4700000000e+01   -4.0863529835e-01
1.4720000000e+01   -4.0002435816e-01
1.4740000000e+01   -3.9120055874e-01
1.4760000000e+01   -3.8243254940e-01
1.4780000000e+01   -3.7383537832e-01
1.4800000000e+01   -3.6504193460e-01
1.4820000000e+01   -3.5624812885e-01
1.4840000000e+01   -3.4765627575e-01
1.4860000000e+01   -3.3889723378e-01
1.4880000000e+01   -3.3008091957e-01
1.4900000000e+01   -3.2148592734e-01
1.4920000000e+01   -3.1276392883e-01
1.4940000000e+01   -3.0392981001e-01
1.4960000000e+01   -2.9532352019e-01
1.4980000000e+01   -2.8663973928e-01
1.5000000000e+01   -2.7779368261e-01
1.5020000000e+01   -2.6916848054e-01
1.5040000000e+01   -2.6052264260e-01
1.5060000000e+01   -2.5167142076e-01
1.5080000000e+01   -2.4302039906e-01
1.5100000000e+01   -2.3441087588e-01
1.5120000000e+01   -2.2556193730e-01
1.5140000000e+01   -2.1687895064e-01
1.5160000000e+01   -2.0830292520e-01
1.5180000000e+01   -1.9946423164e-01
1.5200000000e+01   -1.9074380196e-01
1.5220000000e+01   -1.8219749816e-01
1.5240000000e+01   -1.7337749373e-01
1.5260000000e+01   -1.6461448861e-01
1.5280000000e+01   -1.5609347101e-01
1.5300000000e+01   -1.4730129982e-01
1.5320000000e+01   -1.3849021299e-01
1.5340000000e+01   -1.2998979203e-01
1.5360000000e+01   -1.2123602257e-01
1.5380000000e+01   -1.1236941948e-01
1.5400000000e+01   -1.0388529944e-01
1.5420000000e+01   -9.5183830756e-02
1.5440000000e+01   -8.6248650655e-02
1.5460000000e+01   -7.7778368744e-02
1.5480000000e+01   -6.9151666107e-02
1.5500000000e+01   -6.0118483555e-02
1.5520000000e+01   -5.1666450622e-02
1.5540000000e+01   -4.3163045636e-02
1.5560000000e+01   -3.3941810691e-02
1.5580000000e+01   -2.5552370700e-02
1.5600000000e+01   -1.7333204584e-02
1.5620000000e+01   -7.3768617324e-03
1.5640000000e+01   -3.5982910230e-04
1.5660000000e+01   -2.8689702275e-03
1.5680000000e+01   -1.2339629958e-02
1.5700000000e+01   -2.1511000572e-02
1.5720000000e+01   -2.9466014023e-02
1.5740000000e+01   -3.8443123273e-02
1.5760000000e+01   -4.7410367264e-02
1.5780000000e+01   -5.5693080697e-02
1.5800000000e+01   -6.4500037014e-02
1.5820000000e+01   -7.3435022303e-02
1.5840000000e+01   -8.1850756532e-02
1.5860000000e+01   -9.0568412036e-02
1.5880000000e+01   -9.9488612327e-02
1.5900000000e+01   -1.0798786130e-01
1.5920000000e+01   -1.1664764048e-01
1.5940000000e+01   -1.2555401755e-01
1.5960000000e+01   -1.3411769747e-01
1.5980000000e+01   -1.4273690679e-01
1.6000000000e+01   -1.5162659324e-01
1.6020000000e+01   -1.6024523685e-01
1.6040000000e+01   -1.6883607667e-01
1.6060000000e+01   -1.7770516597e-01
1.6080000000e+01   -1.8637275625e-01
1.6100000000e+01   -1.9494535897e-01
1.6120000000e+01   -2.0378991941e-01
1.6140000000e+01   -2.1250151903e-01
1.6160000000e+01   -2.2106510327e-01
1.6180000000e+01   -2.2988171752e-01
1.6200000000e+01   -2.3863241797e-01
1.6220000000e+01   -2.4719570170e-01
1.6240000000e+01   -2.5598183333e-01
1.6260000000e+01   -2.6476627490e-01
1.6280000000e+01   -2.7333754701e-01
1.6300000000e+01   -2.8209181613e-01
1.6320000000e+01   -2.9090400619e-01
1.6340000000e+01   -2.9949102366e-01
1.6360000000e+01   -3.0821341255e-01
1.6380000000e+01   -3.1704672762e-01
1.6400000000e+01   -3.2565652149e-01
1.6420000000e+01   -3.3434851156e-01
1.6440000000e+01   -3.4319582708e-01
1.6460000000e+01   -3.5183446691e-01
1.6480000000e+01   -3.6049910222e-01
1.6500000000e+01   -3.6935301706e-01
1.6520000000e+01   -3.7802536878e-01
1.6540000000e+01   -3.8666724071e-01
1.6560000000e+01   -3.9552037209e-01
1.6580000000e+01   -4.0422987689e-01
1.6600000000e+01   -4.1285502646e-01
1.6620000000e+01   -4.2170035363e-01
1.6640000000e+01   -4.3044885122e-01
1.6660000000e+01   -4.3906458877e-01
1.6680000000e+01   -4.4789582370e-01
1.6700000000e+01   -4.5668343965e-01
1.6720000000e+01   -4.6529808591e-01
1.6740000000e+01   -4.7411004880e-01
1.6760000000e+01   -4.8293516207e-01
1.6780000000e+01   -4.9155771906e-01
1.6800000000e+01   -5.0034669565e-01
1.6820000000e+01   -5.0920599817e-01
1.6840000000e+01   -5.1784576329e-01
1.6860000000e+01   -5.2660982096e-01
1.6880000000e+01   -5.3549847635e-01
1.6900000000e+01   -5.4416461731e-01
1.6920000000e+01   -5.5290385810e-01
1.6940000000e+01   -5.6181576110e-01
1.6960000000e+01   -5.7051687356e-01
1.6980000000e+01   -5.7923360417e-01
1.7000000000e+01   -5.8816173654e-01
1.7020000000e+01   -5.9690540936e-01
1.7040000000e+01   -6.0560421162e-01
1.7060000000e+01   -6.1454108409e-01
1.7080000000e+01   -6.2333349917e-01
1.7100000000e+01   -6.3202118907e-01
1.7120000000e+01   -6.4095935313e-01
1.7140000000e+01   -6.4980494737e-01
1.7160000000e+01   -6.5849041648e-01
1.7180000000e+01   -6.6742302405e-01
1.7200000000e+01   -6.7632424030e-01
1.7220000000e+01   -6.8501817986e-01
1.7240000000e+01   -6.9393956454e-01
1.7260000000e+01   -7.0289671565e-01
1.7280000000e+01   -7.1161123108e-01
1.7300000000e+01   -7.2051748094e-01
1.7320000000e+01   -7.2952874692e-01
1.7340000000e+01   -7.3827687793e-01
1.7360000000e+01   -7.4716636795e-01
1.7380000000e+01   -7.5622794044e-01
1.7400000000e+01   -7.6502310932e-01
1.7420000000e+01   -7.7389696143e-01
1.7440000000e+01   -7.8300334271e-01
1.7460000000e+01   -7.9185876029e-01
1.7480000000e+01   -8.0072120059e-01
1.7500000000e+01   -8.0986565595e-01
1.7520000000e+01   -8.1879372063e-01
1.7540000000e+01   -8.2765230725e-01
1.7560000000e+01   -8.3682746123e-01
1.7580000000e+01   -8.4583919051e-01
1.7600000000e+01   -8.5470489153e-01
1.7620000000e+01   -8.6390344918e-01
1.7640000000e+01   -8.7300798595e-01
1.7660000000e+01   -8.8189509436e-01
1.7680000000e+01   -8.9111066085e-01
1.7700000000e+01   -9.0031489669e-01
1.7720000000e+01   -9.0924077889e-01
1.7740000000e+01   -9.1846874307e-01
1.7760000000e+01   -9.2777709872e-01
1.7780000000e+01   -9.3676178392e-01
1.7800000000e+01   -9.4600022602e-01
1.7820000000e+01   -9.5541462467e-01
1.7840000000e+01   -9.6448025389e-01
1.7860000000e+01   -9.7373083375e-01
1.7880000000e+01   -9.8325089597e-01
1.7900000000e+01   -9.9242106121e-01
1.7920000000e+01   -1.0016898429e+00
1.7940000000e+01   -1.0113133230e+00
1.7960000000e+01   -1.0206123387e+00
1.7980000000e+01   -1.0299105091e+00
1.8000000000e+01   -1.0396339828e+00
1.8020000000e+01   -1.0490861423e+00
1.8040000000e+01   -1.0584305870e+00
1.8060000000e+01   -1.0682503886e+00
1.8080000000e+01   -1.0778792665e+00
1.8100000000e+01   -1.0872929752e+00
1.8120000000e+01   -1.0972063725e+00
1.8140000000e+01   -1.1070342416e+00
1.8160000000e+01   -1.1165465271e+00
1.8180000000e+01   -1.1265531112e+00
1.8200000000e+01   -1.1366005471e+00
1.8220000000e+01   -1.1462470778e+00
1.8240000000e+01   -1.1563503395e+00
1.8260000000e+01   -1.1666360871e+00
1.8280000000e+01   -1.1764587520e+00
1.8300000000e+01   -1.1866678095e+00
1.8320000000e+01   -1.1972089876e+00
1.8340000000e+01   -1.2072556346e+00
1.8360000000e+01   -1.2175870824e+00
1.8380000000e+01   -1.2283997995e+00
1.8400000000e+01   -1.2387239124e+00
1.8420000000e+01   -1.2492037661e+00
1.8440000000e+01   -1.2603042232e+00
1.8460000000e+01   -1.2709646311e+00
1.8480000000e+01   -1.2816303611e+00
1.8500000000e+01   -1.2930365170e+00
1.8520000000e+01   -1.3040972648e+00
1.8540000000e+01   -1.3149999408e+00
1.8560000000e+01   -1.3267338273e+00
1.8580000000e+01   -1.3382643724e+00
1.8600000000e+01   -1.3494709866e+00
1.8620000000e+01   -1.3615617826e+00
1.8640000000e+01   -1.3736377381e+00
1.8660000000e+01   -1.3852338404e+00
1.8680000000e+01   -1.3977218612e+00
1.8700000000e+01   -1.4104265753e+00
1.8720000000e+01   -1.4225194616e+00
1.8740000000e+01   -1.4354613003e+00
1.8760000000e+01   -1.4488886711e+00
1.8780000000e+01   -1.4616115232e+00
1.8800000000e+01   -1.4750867338e+00
1.8820000000e+01   -1.4893458310e+00
1.8840000000e+01   -1.5028634632e+00
1.8860000000e+01   -1.5169834367e+00
1.8880000000e+01   -1.5322057992e+00
1.8900000000e+01   -1.5467230930e+00
1.8920000000e+01   -1.5616432492e+00
1.8940000000e+01   -1.5779942509e+00
1.8960000000e+01   -1.5937691064e+00
1.8980000000e+01   -1.6097063919e+00
1.9000000000e+01   -1.6274030541e+00
1.9020000000e+01   -1.6447670716e+00
1.9040000000e+01   -1.6620264177e+00
1.9060000000e+01   -1.6813659752e+00
1.9080000000e+01   -1.7007588101e+00
1.9100000000e+01   -1.7197755835e+00
1.9120000000e+01   -1.7411831459e+00
1.9140000000e+01   -1.7632122697e+00
1.9160000000e+01   -1.7846251215e+00
1.9180000000e+01   -1.8087378446e+00
1.9200000000e+01   -1.8342887983e+00
1.9220000000e+01   -1.8590749115e+00
1.9240000000e+01   -1.8869025663e+00
1.9260000000e+01   -1.9173590973e+00
1.9280000000e+01   -1.9471109844e+00
1.9300000000e+01   -1.9803758832e+00
1.9320000000e+01   -2.0181106157e+00
1.9340000000e+01   -2.0556811612e+00
1.9360000000e+01   -2.0976505953e+00
1.9380000000e+01   -2.1473098862e+00
1.9400000000e+01   -2.1986284868e+00
1.9420000000e+01   -2.2566556797e+00
1.9440000000e+01   -2.3295138830e+00
1.9460000000e+01   -2.4105879808e+00
1.9480000000e+01   -2.5075563257e+00
1.9500000000e+01   -2.6458996477e+00
1.9520000000e+01   -2.8370480328e+00
1.9540000000e+01   -3.1630346976e+00
1.9560000000e+01   -3.8138674786e+00
1.9580000000e+01   -3.0139134902e+00
1.9600000000e+01   -2.7611998395e+00
1.9620000000e+01   -2.5905910099e+00
1.9640000000e+01   -2.4692260245e+00
1.9660000000e+01   -2.3808075546e+00
1.9680000000e+01   -2.3019562227e+00
1.9700000000e+01   -2.2342420101e+00
1.9720000000e+01   -2.1801035580e+00
1.9740000000e+01   -2.1290096139e+00
1.9760000000e+01   -2.0815918818e+00
1.9780000000e+01   -2.0421656650e+00
1.9800000000e+01   -2.0044453934e+00
1.9820000000e+01   -1.9677331425e+00
1.9840000000e+01   -1.9363806622e+00
1.9860000000e+01   -1.9064719441e+00
1.9880000000e+01   -1.8763974914e+00
1.9900000000e+01   -1.8500859205e+00
1.9920000000e+01   -1.8252427674e+00
1.9940000000e+01   -1.7997037625e+00
1.9960000000e+01   -1.7768069958e+00
1.9980000000e+01   -1.7554641652e+00
2.0000000000e+01   -1.7332301626e+00
2.0020000000e+01   -1.7127857255e+00
2.0040000000e+01   -1.6939624008e+00
2.0060000000e+01   -1.6742466141e+00
2.0080000000e+01   -1.6556461189e+00
2.0100000000e+01   -1.6386860821e+00
2.0120000000e+01   -1.6209497074e+00
2.0140000000e+01   -1.6037903691e+00
2.0160000000e+01   -1.5882340704e+00
2.0180000000e+01   -1.5720868794e+00
2.0200000000e+01   -1.5560925175e+00
2.0220000000e+01   -1.5416080830e+00
2.0240000000e+01   -1.5267539718e+00
2.0260000000e+01   -1.5117294851e+00
2.0280000000e+01   -1.4980726874e+00
2.0300000000e+01   -1.4842782094e+00
2.0320000000e+01   -1.4700816459e+00
2.0340000000e+01   -1.4570711618e+00
2.0360000000e+01   -1.4441466504e+00
2.0380000000e+01   -1.4306712306e+00
2.0400000000e+01   -1.4181724240e+00
2.0420000000e+01   -1.4059603819e+00
2.0440000000e+01   -1.3931225294e+00
2.0460000000e+01   -1.3810362071e+00
2.0480000000e+01   -1.3694040411e+00
2.0500000000e+01   -1.3571352604e+00
2.0520000000e+01   -1.3453894488e+00
2.0540000000e+01   -1.3342248557e+00
2.0560000000e+01   -1.3224662064e+00
2.0580000000e+01   -1.3110098394e+00
2.0600000000e+01   -1.3002178116e+00
2.0620000000e+01   -1.2889162132e+00
2.0640000000e+01   -1.2777140943e+00
2.0660000000e+01   -1.2672148936e+00
2.0680000000e+01   -1.2563207655e+00
2.0700000000e+01   -1.2453494329e+00
2.0720000000e+01   -1.2350771113e+00
2.0740000000e+01   -1.2245430022e+00
2.0760000000e+01   -1.2137872856e+00
2.0780000000e+01   -1.2036884803e+00
2.0800000000e+01   -1.1934684319e+00
2.0820000000e+01   -1.1829185817e+00
2.0840000000e+01   -1.1729514095e+00
2.0860000000e+01   -1.1630008555e+00
2.0880000000e+01   -1.1526501757e+00
2.0900000000e+01   -1.1427831242e+00
2.0920000000e+01   -1.1330591587e+00
2.0940000000e+01   -1.1229021066e+00
2.0960000000e+01   -1.1131128657e+00
2.0980000000e+01   -1.1035747444e+00
2.1000000000e+01   -1.0936054684e+00
2.1020000000e+01   -1.0838796864e+00
2.1040000000e+01   -1.0744894444e+00
2.1060000000e+01   -1.0647007356e+00
2.1080000000e+01   -1.0550307085e+00
2.1100000000e+01   -1.0457537966e+00
2.1120000000e+01   -1.0361364255e+00
2.1140000000e+01   -1.0265197451e+00
2.1160000000e+01   -1.0173256092e+00
2.1180000000e+01   -1.0078680112e+00
2.1200000000e+01   -9.9830621210e-01
2.1220000000e+01   -9.8916875390e-01
2.1240000000e+01   -9.7985702146e-01
2.1260000000e+01   -9.7035426917e-01
2.1280000000e+01   -9.6125214784e-01
2.1300000000e+01   -9.5207027914e-01
2.1320000000e+01   -9.4263214423e-01
2.1340000000e+01   -9.3354889468e-01
2.1360000000e+01   -9.2447924332e-01
2.1380000000e+01   -9.1511160256e-01
2.1400000000e+01   -9.0603556202e-01
2.1420000000e+01   -8.9705942995e-01
2.1440000000e+01   -8.8776752896e-01
2.1460000000e+01   -8.7869157786e-01
2.1480000000e+01   -8.6978989328e-01
2.1500000000e+01   -8.6057759633e-01
2.1520000000e+01   -8.5149873185e-01
2.1540000000e+01   -8.4265275627e-01
2.1560000000e+01   -8.3352199900e-01
2.1580000000e+01   -8.2444076891e-01
2.1600000000e+01   -8.1563278240e-01
2.1620000000e+01   -8.0658323234e-01
2.1640000000e+01   -7.9750306405e-01
2.1660000000e+01   -7.8871698494e-01
2.1680000000e+01   -7.7974590437e-01
2.1700000000e+01   -7.7067236786e-01
2.1720000000e+01   -7.6189427138e-01
2.1740000000e+01   -7.5299656742e-01
2.1760000000e+01   -7.4393661257e-01
2.1780000000e+01   -7.3515512274e-01
2.1800000000e+01   -7.2632356140e-01
2.1820000000e+01   -7.1728476884e-01
2.1840000000e+01   -7.0849130772e-01
2.1860000000e+01   -6.9971686229e-01
2.1880000000e+01   -6.9070674385e-01
2.1900000000e+01   -6.8189563216e-01
2.1920000000e+01   -6.7316793213e-01
2.1940000000e+01   -6.6419331163e-01
2.1960000000e+01   -6.5536172394e-01
2.1980000000e+01   -6.4666956830e-01
2.2000000000e+01   -6.3773606720e-01
2.2020000000e+01   -6.2888385292e-01
2.2040000000e+01   -6.2021575207e-01
2.2060000000e+01   -6.1132739691e-01
2.2080000000e+01   -6.0245678510e-01
2.2100000000e+01   -5.9380149705e-01
2.2120000000e+01   -5.8496045805e-01
2.2140000000e+01   -5.7607566908e-01
2.2160000000e+01   -5.6742269960e-01
2.2180000000e+01   -5.5862916204e-01
2.2200000000e+01   -5.4973595254e-01
2.2220000000e+01   -5.4107599355e-01
2.2240000000e+01   -5.3232815653e-01
2.2260000000e+01   -5.2343332554e-01
2.2280000000e+01   -5.1475861210e-01
2.2300000000e+01   -5.0605280276e-01
2.2320000000e+01   -4.9716368702e-01
2.2340000000e+01   -4.8846825944e-01
2.2360000000e+01   -4.7979914592e-01
2.2380000000e+01   -4.7092313057e-01
2.2400000000e+01   -4.6220299471e-01
2.2420000000e+01   -4.5356387710e-01
2.2440000000e+01   -4.4470794504e-01
2.2460000000e+01   -4.3596113041e-01
2.2480000000e+01   -4.2734428651e-01
2.2500000000e+01   -4.1851462599e-01
2.2520000000e+01   -4.0974114683e-01
2.2540000000e+01   -4.0113820847e-01
2.2560000000e+01   -3.9233989356e-01
2.2580000000e+01   -3.8354162343e-01
2.2600000000e+01   -3.7494395947e-01
2.2620000000e+01   -3.6618071298e-01
2.2640000000e+01   -3.5736118770e-01
2.2660000000e+01   -3.4876027070e-01
2.2680000000e+01   -3.4003431423e-01
2.2700000000e+01   -3.3119848147e-01
2.2720000000e+01   -3.2258621732e-01
2.2740000000e+01   -3.1389820759e-01
2.2760000000e+01   -3.0505214439e-01
2.2780000000e+01   -2.9642114604e-01
2.2800000000e+01   -2.8777019229e-01
2.2820000000e+01   -2.7892081422e-01
2.2840000000e+01   -2.7026460291e-01
2.2860000000e+01   -2.6164835567e-01
2.2880000000e+01   -2.5280314459e-01
2.2900000000e+01   -2.4411626191e-01
2.2920000000e+01   -2.3553105999e-01
2.2940000000e+01   -2.2669784243e-01
2.2960000000e+01   -2.1797585374e-01
2.2980000000e+01   -2.0941691253e-01
2.3000000000e+01   -2.0060373210e-01
2.3020000000e+01   -1.9184309052e-01
2.3040000000e+01   -1.8330471163e-01
2.3060000000e+01   -1.7451986390e-01
2.3080000000e+01   -1.6571757423e-01
2.3100000000e+01   -1.5719335185e-01
2.3120000000e+01   -1.4844571238e-01
2.3140000000e+01   -1.3959865494e-01
2.3160000000e+01   -1.3108164847e-01
2.3180000000e+01   -1.2238158818e-01
2.3200000000e+01   -1.1348513746e-01
2.3220000000e+01   -1.0496797452e-01
2.3240000000e+01   -9.6329645695e-02
2.3260000000e+01   -8.7374477086e-02
2.3280000000e+01   -7.8849389854e-02
2.3300000000e+01   -7.0296917049e-02
2.3320000000e+01   -6.1259823500e-02
2.3340000000e+01   -5.2719187957e-02
2.3360000000e+01   -4.4307592016e-02
2.3380000000e+01   -3.5113518414e-02
2.3400000000e+01   -2.6560501387e-02
2.3420000000e+01   -1.8486091369e-02
2.3440000000e+01   -8.6636937840e-03
2.3460000000e+01   -8.0252087324e-04
2.3480000000e+01   -2.0006943909e-03
2.3500000000e+01   -1.1024892374e-02
2.3520000000e+01   -2.0458469641e-02
2.3540000000e+01   -2.8407770002e-02
2.3560000000e+01   -3.7247161000e-02
2.3580000000e+01   -4.6316188079e-02
2.3600000000e+01   -5.4620890757e-02
2.3620000000e+01   -6.3334781725e-02
2.3640000000e+01   -7.2323470062e-02
2.3660000000e+01   -8.0773272251e-02
2.3680000000e+01   -8.9419186207e-02
2.3700000000e+01   -9.8366776732e-02
2.3720000000e+01   -1.0690652835e-01
2.3740000000e+01   -1.1550951860e-01
2.3760000000e+01   -1.2442521799e-01
2.3780000000e+01   -1.3303254456e-01
2.3800000000e+01   -1.4160760979e-01
2.3820000000e+01   -1.5049292468e-01
2.3840000000e+01   -1.5915587647e-01
2.3860000000e+01   -1.6771424395e-01
2.3880000000e+01   -1.7656824235e-01
2.3900000000e+01   -1.8527868866e-01
2.3920000000e+01   -1.9382995554e-01
2.3940000000e+01   -2.0265113777e-01
2.3960000000e+01   -2.1140226619e-01
2.3980000000e+01   -2.1995517401e-01
2.4000000000e+01   -2.2874235407e-01
2.4020000000e+01   -2.3752760015e-01
2.4040000000e+01   -2.4609026099e-01
2.4060000000e+01   -2.5484306838e-01
2.4080000000e+01   -2.6365566151e-01
2.4100000000e+01   -2.7223553250e-01
2.4120000000e+01   -2.8095472495e-01
2.4140000000e+01   -2.8978755058e-01
2.4160000000e+01   -2.9839128609e-01
2.4180000000e+01   -3.0707893914e-01
2.4200000000e+01   -3.1592458866e-01
2.4220000000e+01   -3.2455783759e-01
2.4240000000e+01   -3.3321743444e-01
2.4260000000e+01   -3.4206837812e-01
2.4280000000e+01   -3.5073556836e-01
2.4300000000e+01   -3.5937199842e-01
2.4320000000e+01   -3.6822084206e-01
2.4340000000e+01   -3.7692498260e-01
2.4360000000e+01   -3.8554445232e-01
2.4380000000e+01   -3.9438424871e-01
2.4400000000e+01   -4.0312677339e-01
2.4420000000e+01   -4.1173663341e-01
2.4440000000e+01   -4.2056122349e-01
2.4460000000e+01   -4.2934189597e-01
2.4480000000e+01   -4.3795039076e-01
2.4500000000e+01   -4.4675475053e-01
2.4520000000e+01   -4.5557164593e-01
2.4540000000e+01   -4.6418759594e-01
2.4560000000e+01   -4.7296816581e-01
2.4580000000e+01   -4.8181774024e-01
2.4600000000e+01   -4.9045017013e-01
2.4620000000e+01   -4.9920514425e-01
2.4640000000e+01   -5.0808239831e-01
2.4660000000e+01   -5.1674012936e-01
2.4680000000e+01   -5.2546968336e-01
2.4700000000e+01   -5.3436842090e-01
2.4720000000e+01   -5.4305964866e-01
2.4740000000e+01   -5.5176608712e-01
2.4760000000e+01   -5.6067926439e-01
2.4780000000e+01   -5.6941114582e-01
2.4800000000e+01   -5.7809895388e-01
2.4820000000e+01   -5.8701910872e-01
2.4840000000e+01   -5.9579738450e-01
2.4860000000e+01   -6.0447317264e-01
2.4880000000e+01   -6.1339291758e-01
2.4900000000e+01   -6.2222159601e-01
2.4920000000e+01   -6.3089393262e-01
2.4940000000e+01   -6.3980649072e-01
2.4960000000e+01   -6.4868761819e-01
2.4980000000e+01   -6.5736675082e-01
2.5000000000e+01   -6.6626650857e-01
2.5020000000e+01   -6.7520004941e-01
2.5040000000e+01   -6.8389752265e-01
2.5060000000e+01   -6.9278057132e-01
2.5080000000e+01   -7.0176441534e-01
2.5100000000e+01   -7.1049260030e-01
2.5120000000e+01   -7.1935723515e-01
2.5140000000e+01   -7.2838734568e-01
2.5160000000e+01   -7.3715890322e-01
2.5180000000e+01   -7.4600605008e-01
2.5200000000e+01   -7.5507675859e-01
2.5220000000e+01   -7.6390406464e-01
2.5240000000e+01   -7.7273760521e-01
2.5260000000e+01   -7.8184205043e-01
2.5280000000e+01   -7.9073661731e-01
2.5300000000e+01   -7.9956358816e-01
2.5320000000e+01   -8.0869428966e-01
2.5340000000e+01   -8.1766622114e-01
2.5360000000e+01   -8.2649686729e-01
2.5380000000e+01   -8.3564641472e-01
2.5400000000e+01   -8.4470393460e-01
2.5420000000e+01   -8.5355160585e-01
2.5440000000e+01   -8.6271343733e-01
2.5460000000e+01   -8.7186253156e-01
2.5480000000e+01   -8.8074341886e-01
2.5500000000e+01   -8.8991265497e-01
2.5520000000e+01   -8.9915686456e-01
2.5540000000e+01   -9.0808958395e-01
2.5560000000e+01   -9.1726387840e-01
2.5580000000e+01   -9.2660427626e-01
2.5600000000e+01   -9.3560931872e-01
2.5620000000e+01   -9.4478968349e-01
2.5640000000e+01   -9.5422506100e-01
2.5660000000e+01   -9.6332413773e-01
2.5680000000e+01   -9.7251569973e-01
2.5700000000e+01   -9.8204298038e-01
2.5720000000e+01   -9.9125830367e-01
2.5740000000e+01   -1.0004709519e+00
2.5760000000e+01   -1.0100858390e+00
2.5780000000e+01   -1.0194393884e+00
2.5800000000e+01   -1.0286882757e+00
2.5820000000e+01   -1.0383861305e+00
2.5840000000e+01   -1.0478989619e+00
2.5860000000e+01   -1.0572048339e+00
2.5880000000e+01   -1.0669817686e+00
2.5900000000e+01   -1.0766734301e+00
2.5920000000e+01   -1.0860627642e+00
2.5940000000e+01   -1.0959169259e+00
2.5960000000e+01   -1.1058050471e+00
2.5980000000e+01   -1.1153100013e+00
2.6000000000e+01   -1.1252430130e+00
2.6020000000e+01   -1.1353431353e+00
2.6040000000e+01   -1.1450013196e+00
2.6060000000e+01   -1.1550198415e+00
2.6080000000e+01   -1.1653455559e+00
2.6100000000e+01   -1.1751996626e+00
2.6120000000e+01   -1.1853170336e+00
2.6140000000e+01   -1.1958804895e+00
2.6160000000e+01   -1.2059778370e+00
2.6180000000e+01   -1.2162157632e+00
2.6200000000e+01   -1.2270286063e+00
2.6220000000e+01   -1.2374206768e+00
2.6240000000e+01   -1.2478109452e+00
2.6260000000e+01   -1.2588857428e+00
2.6280000000e+01   -1.2696278182e+00
2.6300000000e+01   -1.2802140335e+00
2.6320000000e+01   -1.2915662441e+00
2.6340000000e+01   -1.3027172764e+00
2.6360000000e+01   -1.3135566510e+00
2.6380000000e+01   -1.3252072076e+00
2.6400000000e+01   -1.3368300927e+00
2.6420000000e+01   -1.3479953701e+00
2.6440000000e+01   -1.3599739674e+00
2.6460000000e+01   -1.3721364395e+00
2.6480000000e+01   -1.3837180971e+00
2.6500000000e+01   -1.3960673233e+00
2.6520000000e+01   -1.4088437504e+00
2.6540000000e+01   -1.4209527345e+00
2.6560000000e+01   -1.4337332720e+00
2.6580000000e+01   -1.4472077359e+00
2.6600000000e+01   -1.4599791368e+00
2.6620000000e+01   -1.4732764097e+00
2.6640000000e+01   -1.4875476147e+00
2.6660000000e+01   -1.5011459388e+00
2.6680000000e+01   -1.5150788512e+00
2.6700000000e+01   -1.5302676937e+00
2.6720000000e+01   -1.5448947984e+00
2.6740000000e+01   -1.5596276781e+00
2.6760000000e+01   -1.5758888130e+00
2.6780000000e+01   -1.5917962924e+00
2.6800000000e+01   -1.6075560162e+00
2.6820000000e+01   -1.6250957100e+00
2.6840000000e+01   -1.6426048445e+00
2.6860000000e+01   -1.6597067648e+00
2.6880000000e+01   -1.6788111937e+00
2.6900000000e+01   -1.6983461929e+00
2.6920000000e+01   -1.7172358103e+00
2.6940000000e+01   -1.7383178525e+00
2.6960000000e+01   -1.7604636491e+00
2.6980000000e+01   -1.7817881937e+00
2.7000000000e+01   -1.8054694978e+00
2.7020000000e+01   -1.8310780623e+00
2.7040000000e+01   -1.8558192995e+00
2.7060000000e+01   -1.8830859296e+00
2.7080000000e+01   -1.9134875566e+00
2.7100000000e+01   -1.9432328334e+00
2.7120000000e+01   -1.9757628244e+00
2.7140000000e+01   -2.0132340779e+00
2.7160000000e+01   -2.0508045210e+00
2.7180000000e+01   -2.0917640681e+00
2.7200000000e+01   -2.1407420101e+00
2.7220000000e+01   -2.1919445668e+00
2.7240000000e+01   -2.2483906654e+00
2.7260000000e+01   -2.3195268362e+00
2.7280000000e+01   -2.3997901620e+00
2.7300000000e+01   -2.4932523066e+00
2.7320000000e+01   -2.6253758950e+00
2.7340000000e+01   -2.8086824151e+00
2.7360000000e+01   -3.1028740955e+00
2.7380000000e+01   -4.3593230632e+00
2.7400000000e+01   -3.0609250377e+00
2.7420000000e+01   -2.7871587100e+00
2.7440000000e+01   -2.6096413738e+00
2.7460000000e+01   -2.4823624427e+00
2.7480000000e+01   -2.3913288903e+00
2.7500000000e+01   -2.3116806971e+00
2.7520000000e+01   -2.2420170240e+00
2.7540000000e+01   -2.1866816189e+00
2.7560000000e+01   -2.1355317089e+00
2.7580000000e+01   -2.0871953014e+00
2.7600000000e+01   -2.0469650187e+00
2.7620000000e+01   -2.0093441759e+00
2.7640000000e+01   -1.9721646242e+00
2.7660000000e+01   -1.9401844918e+00
2.7680000000e+01   -1.9103892838e+00
2.7700000000e+01   -1.8800953216e+00
2.7720000000e+01   -1.8532653630e+00
2.7740000000e+01   -1.8285045239e+00
2.7760000000e+01   -1.8028971830e+00
2.7780000000e+01   -1.7795664947e+00
2.7800000000e+01   -1.7582600524e+00
2.7820000000e+01   -1.7360531348e+00
2.7840000000e+01   -1.7152489811e+00
2.7860000000e+01   -1.6964138302e+00
2.7880000000e+01   -1.6767838187e+00
2.7900000000e+01   -1.6578926768e+00
2.7920000000e+01   -1.6408763232e+00
2.7940000000e+01   -1.6232580954e+00
2.7960000000e+01   -1.6058734309e+00
2.7980000000e+01   -1.5902232522e+00
2.8000000000e+01   -1.5742068715e+00
2.8020000000e+01   -1.5580485318e+00
2.8040000000e+01   -1.5434412883e+00
2.8060000000e+01   -1.5287157302e+00
2.8080000000e+01   -1.5135837523e+00
2.8100000000e+01   -1.4997846029e+00
2.8120000000e+01   -1.4861053394e+00
2.8140000000e+01   -1.4718518259e+00
2.8160000000e+01   -1.4586888916e+00
2.8180000000e+01   -1.4458584594e+00
2.8200000000e+01   -1.4323696715e+00
2.8220000000e+01   -1.4197172769e+00
2.8240000000e+01   -1.4075732777e+00
2.8260000000e+01   -1.3947578899e+00
2.8280000000e+01   -1.3825248918e+00
2.8300000000e+01   -1.3709323946e+00
2.8320000000e+01   -1.3587136836e+00
2.8340000000e+01   -1.3468349205e+00
2.8360000000e+01   -1.3356815166e+00
2.8380000000e+01   -1.3239921881e+00
2.8400000000e+01   -1.3124219389e+00
2.8420000000e+01   -1.3016143994e+00
2.8440000000e+01   -1.2903932518e+00
2.8460000000e+01   -1.2791000647e+00
2.8480000000e+01   -1.2685619414e+00
2.8500000000e+01   -1.2577518427e+00
2.8520000000e+01   -1.2467143609e+00
2.8540000000e+01   -1.2363841186e+00
2.8560000000e+01   -1.2259309292e+00
2.8580000000e+01   -1.2151344962e+00
2.8600000000e+01   -1.2049639142e+00
2.8620000000e+01   -1.1948160851e+00
2.8640000000e+01   -1.1842499999e+00
2.8660000000e+01   -1.1742026826e+00
2.8680000000e+01   -1.1643113181e+00
2.8700000000e+01   -1.1539666619e+00
2.8720000000e+01   -1.1440165704e+00
2.8740000000e+01   -1.1343357850e+00
2.8760000000e+01   -1.1242037642e+00
2.8780000000e+01   -1.1143337281e+00
2.8800000000e+01   -1.1048211610e+00
2.8820000000e+01   -1.0948919235e+00
2.8840000000e+01   -1.0850921279e+00
2.8860000000e+01   -1.0757095015e+00
2.8880000000e+01   -1.0659713834e+00
2.8900000000e+01   -1.0562378477e+00
2.8920000000e+01   -1.0469514840e+00
2.8940000000e+01   -1.0373906397e+00
2.8960000000e+01   -1.0277237224e+00
2.8980000000e+01   -1.0185049478e+00
2.9000000000e+01   -1.0091053138e+00
2.9020000000e+01   -9.9950828182e-01
2.9040000000e+01   -9.9033367659e-01
2.9060000000e+01   -9.8107721066e-01
2.9080000000e+01   -9.7155491552e-01
2.9100000000e+01   -9.6240637934e-01
2.9120000000e+01   -9.5327351422e-01
2.9140000000e+01   -9.4383121559e-01
2.9160000000e+01   -9.3469584023e-01
2.9180000000e+01   -9.2566608910e-01
2.9200000000e+01   -9.1630845727e-01
2.9220000000e+01   -9.0717821203e-01
2.9240000000e+01   -8.9823086294e-01
2.9260000000e+01   -8.8896118577e-01
2.9280000000e+01   -8.7983243441e-01
2.9300000000e+01   -8.7094727434e-01
2.9320000000e+01   -8.6176688242e-01
2.9340000000e+01   -8.5263976060e-01
2.9360000000e+01   -8.4379777539e-01
2.9380000000e+01   -8.3470568886e-01
2.9400000000e+01   -8.2558337808e-01
2.9420000000e+01   -8.1676738230e-01
2.9440000000e+01   -8.0776017180e-01
2.9460000000e+01   -7.9864811044e-01
2.9480000000e+01   -7.8984327029e-01
2.9500000000e+01   -7.8091511478e-01
2.9520000000e+01   -7.7182018818e-01
2.9540000000e+01   -7.6301441092e-01
2.9560000000e+01   -7.5415732683e-01
2.9580000000e+01   -7.4508707692e-01
2.9600000000e+01   -7.3627125086e-01
2.9620000000e+01   -7.2747546054e-01
2.9640000000e+01   -7.1843735225e-01
2.9660000000e+01   -7.0960543166e-01
2.9680000000e+01   -7.0085983502e-01
2.9700000000e+01   -6.9186061100e-01
2.9720000000e+01   -6.8300954996e-01
2.9740000000e+01   -6.7430226097e-01
2.9760000000e+01   -6.6534740955e-01
2.9780000000e+01   -6.5647695715e-01
2.9800000000e+01   -6.4779586734e-01
2.9820000000e+01   -6.3888922062e-01
2.9840000000e+01   -6.3000159697e-01
2.9860000000e+01   -6.2133493022e-01
2.9880000000e+01   -6.1247840120e-01
2.9900000000e+01   -6.0357787882e-01
2.9920000000e+01   -5.9491470555e-01
2.9940000000e+01   -5.8610816527e-01
2.9960000000e+01   -5.7720058376e-01
2.9980000000e+01   -5.6853126814e-01
3.0000000000e+01   -5.5977255624e-01
3.0020000000e+01   -5.5086479975e-01
3.0040000000e+01   -5.4218135965e-01
3.0060000000e+01   -5.3346641533e-01
3.0080000000e+01   -5.2456588197e-01
3.0100000000e+01   -5.1586224811e-01
3.0120000000e+01   -5.0718534326e-01
3.0140000000e+01   -4.9829943384e-01
3.0160000000e+01   -4.8957160149e-01
3.0180000000e+01   -4.8092565397e-01
3.0200000000e+01   -4.7206130409e-01
3.0220000000e+01   -4.6330737736e-01
3.0240000000e+01   -4.5468431987e-01
3.0260000000e+01   -4.4584759531e-01
3.0280000000e+01   -4.3706773001e-01
3.0300000000e+01   -4.2845890938e-01
3.0320000000e+01   -4.1965467954e-01
3.0340000000e+01   -4.1085093579e-01
3.0360000000e+01   -4.0224751785e-01
3.0380000000e+01   -3.9347921677e-01
3.0400000000e+01   -3.8465533712e-01
3.0420000000e+01   -3.7604869398e-01
3.0440000000e+01   -3.6731817261e-01
3.0460000000e+01   -3.5847930442e-01
3.0480000000e+01   -3.4986136367e-01
3.0500000000e+01   -3.4116883197e-01
3.0520000000e+01   -3.3232121548e-01
3.0540000000e+01   -3.2368475379e-01
3.0560000000e+01   -3.1502880598e-01
3.0580000000e+01   -3.0617945096e-01
3.0600000000e+01   -2.9751831807e-01
3.0620000000e+01   -2.8889602966e-01
3.0640000000e+01   -2.8005240521e-01
3.0660000000e+01   -2.7136166695e-01
3.0680000000e+01   -2.6276874821e-01
3.0700000000e+01   -2.5393851224e-01
3.0720000000e+01   -2.4521450295e-01
3.0740000000e+01   -2.3664548861e-01
3.0760000000e+01   -2.2783628849e-01
3.0780000000e+01   -2.1907656178e-01
3.0800000000e+01   -2.1052501210e-01
3.0820000000e+01   -2.0174439835e-01
3.0840000000e+01   -1.9294755765e-01
3.0860000000e+01   -1.8440623712e-01
3.0880000000e+01   -1.7566175892e-01
3.0900000000e+01   -1.6682712696e-01
3.0920000000e+01   -1.5828811032e-01
3.0940000000e+01   -1.4958772613e-01
3.0960000000e+01   -1.4071475273e-01
3.0980000000e+01   -1.3216936854e-01
3.1000000000e+01   -1.2352247824e-01
3.1020000000e+01   -1.1460961356e-01
3.1040000000e+01   -1.0604803363e-01
3.1060000000e+01   -9.7467958247e-02
3.1080000000e+01   -8.8510146392e-02
3.1100000000e+01   -7.9920133780e-02
3.1120000000e+01   -7.1430739386e-02
3.1140000000e+01   -6.2412291734e-02
3.1160000000e+01   -5.3775675926e-02
3.1180000000e+01   -4.5433810397e-02
3.1200000000e+01   -3.6298685148e-02
3.1220000000e+01   -2.7582177274e-02
3.1240000000e+01   -1.9599281834e-02
3.1260000000e+01   -9.9755410706e-03
3.1280000000e+01   -1.4092982297e-03
3.1300000000e+01   -1.2721792307e-03
3.1320000000e+01   -9.7056055709e-03
3.1340000000e+01   -1.9374296386e-02
3.1360000000e+01   -2.7371474662e-02
3.1380000000e+01   -3.6055022897e-02
3.1400000000e+01   -4.5204581318e-02
3.1420000000e+01   -5.3558728612e-02
3.1440000000e+01   -6.2175394096e-02
3.1460000000e+01   -7.1199430747e-02
3.1480000000e+01   -7.9700637568e-02
3.1500000000e+01   -8.8276734672e-02
3.1520000000e+01   -9.7235427699e-02
3.1540000000e+01   -1.0582684987e-01
3.1560000000e+01   -1.1437854422e-01
3.1580000000e+01   -1.2328919779e-01
3.1600000000e+01   -1.3194676451e-01
3.1620000000e+01   -1.4048546089e-01
3.1640000000e+01   -1.4935403250e-01
3.1660000000e+01   -1.5806416787e-01
3.1680000000e+01   -1.6659925071e-01
3.1700000000e+01   -1.7542793086e-01
3.1720000000e+01   -1.8418097640e-01
3.1740000000e+01   -1.9272081126e-01
3.1760000000e+01   -2.0151068242e-01
3.1780000000e+01   -2.1029844183e-01
3.1800000000e+01   -2.1885068498e-01
3.1820000000e+01   -2.2760290613e-01
3.1840000000e+01   -2.3641763072e-01
3.1860000000e+01   -2.4498923968e-01
3.1880000000e+01   -2.5370565866e-01
3.1900000000e+01   -2.6253965120e-01
3.1920000000e+01   -2.7113675793e-01
3.1940000000e+01   -2.7982024463e-01
3.1960000000e+01   -2.8866577576e-01
3.1980000000e+01   -2.9729350082e-01
3.2000000000e+01   -3.0594811051e-01
3.2020000000e+01   -3.1479751385e-01
3.2040000000e+01   -3.2345976700e-01
3.2060000000e+01   -3.3209077886e-01
3.2080000000e+01   -3.4093665603e-01
3.2100000000e+01   -3.4963595442e-01
3.2120000000e+01   -3.5824980633e-01
3.2140000000e+01   -3.6708529926e-01
3.2160000000e+01   -3.7582262653e-01
3.2180000000e+01   -3.8442675920e-01
3.2200000000e+01   -3.9324585793e-01
3.2220000000e+01   -4.0202058318e-01
3.2240000000e+01   -4.1062320456e-01
3.2260000000e+01   -4.1942106380e-01
3.2280000000e+01   -4.2823093460e-01
3.2300000000e+01   -4.3684071709e-01
3.2320000000e+01   -4.4561395708e-01
3.2340000000e+01   -4.5445517679e-01
3.2360000000e+01   -4.6308090249e-01
3.2380000000e+01   -4.7182787136e-01
3.2400000000e+01   -4.8069526608e-01
3.2420000000e+01   -4.8934543816e-01
3.2440000000e+01   -4.9806641498e-01
3.2460000000e+01   -5.0695369057e-01
3.2480000000e+01   -5.1563613205e-01
3.2500000000e+01   -5.2433345239e-01
3.2520000000e+01   -5.3323353636e-01
3.2540000000e+01   -5.4195499964e-01
3.2560000000e+01   -5.5063308911e-01
3.2580000000e+01   -5.5953854697e-01
3.2600000000e+01   -5.6830435896e-01
3.2620000000e+01   -5.7696966450e-01
3.2640000000e+01   -5.8587317453e-01
3.2660000000e+01   -5.9468694237e-01
3.2680000000e+01   -6.0334775672e-01
3.2700000000e+01   -6.1224262261e-01
3.2720000000e+01   -6.2110602381e-01
3.2740000000e+01   -6.2977220454e-01
3.2760000000e+01   -6.3865288112e-01
3.2780000000e+01   -6.4756555911e-01
3.2800000000e+01   -6.5624815028e-01
3.2820000000e+01   -6.6511075479e-01
3.2840000000e+01   -6.7407033708e-01
3.2860000000e+01   -6.8278110847e-01
3.2880000000e+01   -6.9162388823e-01
3.2900000000e+01   -7.0062613848e-01
3.2920000000e+01   -7.0937706380e-01
3.2940000000e+01   -7.1820079138e-01
3.2960000000e+01   -7.2723990038e-01
3.2980000000e+01   -7.3604260193e-01
3.3000000000e+01   -7.4485087061e-01
3.3020000000e+01   -7.5391988356e-01
3.3040000000e+01   -7.6278507577e-01
3.3060000000e+01   -7.7158447204e-01
3.3080000000e+01   -7.8067584127e-01
3.3100000000e+01   -7.8961280916e-01
3.3120000000e+01   -7.9841294436e-01
3.3140000000e+01   -8.0751918914e-01
3.3160000000e+01   -8.1653533931e-01
3.3180000000e+01   -8.2534872988e-01
3.3200000000e+01   -8.3446317690e-01
3.3220000000e+01   -8.4356369872e-01
3.3240000000e+01   -8.5240549302e-01
3.3260000000e+01   -8.6152306491e-01
3.3280000000e+01   -8.7071073684e-01
3.3300000000e+01   -8.7959829633e-01
3.3320000000e+01   -8.8871631047e-01
3.3340000000e+01   -8.9799148184e-01
3.3360000000e+01   -9.0694383477e-01
3.3380000000e+01   -9.1606277152e-01
3.3400000000e+01   -9.2542354337e-01
3.3420000000e+01   -9.3446073935e-01
3.3440000000e+01   -9.4358493828e-01
3.3460000000e+01   -9.5302755808e-01
3.3480000000e+01   -9.6216996209e-01
3.3500000000e+01   -9.7130820655e-01
3.3520000000e+01   -9.8082768176e-01
3.3540000000e+01   -9.9009525491e-01
3.3560000000e+01   -9.9926121038e-01
3.3580000000e+01   -1.0088521349e+00
3.3600000000e+01   -1.0182637562e+00
3.3620000000e+01   -1.0274762356e+00
3.3640000000e+01   -1.0371338125e+00
3.3660000000e+01   -1.0467067012e+00
3.3680000000e+01   -1.0559897406e+00
3.3700000000e+01   -1.0657109744e+00
3.3720000000e+01   -1.0754602747e+00
3.3740000000e+01   -1.0848430171e+00
3.3760000000e+01   -1.0946280403e+00
3.3780000000e+01   -1.1045666308e+00
3.3800000000e+01   -1.1140830298e+00
3.3820000000e+01   -1.1239365232e+00
3.3840000000e+01   -1.1340751087e+00
3.3860000000e+01   -1.1437634827e+00
3.3880000000e+01   -1.1536961473e+00
3.3900000000e+01   -1.1640436891e+00
3.3920000000e+01   -1.1739461747e+00
3.3940000000e+01   -1.1839762143e+00
3.3960000000e+01   -1.1945407455e+00
3.3980000000e+01   -1.2047027203e+00
3.4000000000e+01   -1.2148573031e+00
3.4020000000e+01   -1.2256471734e+00
3.4040000000e+01   -1.2361167370e+00
3.4060000000e+01   -1.2464334215e+00
3.4080000000e+01   -1.2574590080e+00
3.4100000000e+01   -1.2682866361e+00
3.4120000000e+01   -1.2788147672e+00
3.4140000000e+01   -1.2900906941e+00
3.4160000000e+01   -1.3013292024e+00
3.4180000000e+01   -1.3121313214e+00
3.4200000000e+01   -1.3236792377e+00
3.4220000000e+01   -1.3353842256e+00
3.4240000000e+01   -1.3465375868e+00
3.4260000000e+01   -1.3583895790e+00
3.4280000000e+01   -1.3706205616e+00
3.4300000000e+01   -1.3822189165e+00
3.4320000000e+01   -1.3944216831e+00
3.4340000000e+01   -1.4072441796e+00
3.4360000000e+01   -1.4194000938e+00
3.4380000000e+01   -1.4320200982e+00
3.4400000000e+01   -1.4455090388e+00
3.4420000000e+01   -1.4583571572e+00
3.4440000000e+01   -1.4714871303e+00
3.4460000000e+01   -1.4857321009e+00
3.4480000000e+01   -1.4994340164e+00
3.4500000000e+01   -1.5132014476e+00
3.4520000000e+01   -1.5283145648e+00
3.4540000000e+01   -1.5430663393e+00
3.4560000000e+01   -1.5576450686e+00
3.4580000000e+01   -1.5737727715e+00
3.4600000000e+01   -1.5898168471e+00
3.4620000000e+01   -1.6054437182e+00
3.4640000000e+01   -1.6227846911e+00
3.4660000000e+01   -1.6404291983e+00
3.4680000000e+01   -1.6574293609e+00
3.4700000000e+01   -1.6762626152e+00
3.4720000000e+01   -1.6959135861e+00
3.4740000000e+01   -1.7147412917e+00
3.4760000000e+01   -1.7354722147e+00
3.4780000000e+01   -1.7576894735e+00
3.4800000000e+01   -1.7789982694e+00
3.4820000000e+01   -1.8022388823e+00
3.4840000000e+01   -1.8278384641e+00
3.4860000000e+01   -1.8526113778e+00
3.4880000000e+01   -1.8793317444e+00
3.4900000000e+01   -1.9095883951e+00
3.4920000000e+01   -1.9394029124e+00
3.4940000000e+01   -1.9712480449e+00
3.4960000000e+01   -2.0083407681e+00
3.4980000000e+01   -2.0459796303e+00
3.5000000000e+01   -2.0860343511e+00
3.5020000000e+01   -2.1341921229e+00
3.5040000000e+01   -2.1853309066e+00
3.5060000000e+01   -2.2404025934e+00
3.5080000000e+01   -2.3096745346e+00
3.5100000000e+01   -2.3891634095e+00
3.5120000000e+01   -2.4796219848e+00
3.5140000000e+01   -2.6056712225e+00
3.5160000000e+01   -2.7817446041e+00
3.5180000000e+01   -3.0508164005e+00
3.5200000000e+01   -4.1788715660e+00
3.5220000000e+01   -3.1144637672e+00
3.5240000000e+01   -2.8143694047e+00
3.5260000000e+01   -2.6295141864e+00
3.5280000000e+01   -2.4961262383e+00
3.5300000000e+01   -2.4019869000e+00
3.5320000000e+01   -2.3215629074e+00
3.5340000000e+01   -2.2500612322e+00
3.5360000000e+01   -2.1933072434e+00
3.5380000000e+01   -2.1420867245e+00
3.5400000000e+01   -2.0929574860e+00
3.5420000000e+01   -2.0517986897e+00
3.5440000000e+01   -2.0142348426e+00
3.5460000000e+01   -1.9767002384e+00
3.5480000000e+01   -1.9440228976e+00
3.5500000000e+01   -1.9142831183e+00
3.5520000000e+01   -1.8838631413e+00
3.5540000000e+01   -1.8564820064e+00
3.5560000000e+01   -1.8317382093e+00
3.5580000000e+01   -1.8061363953e+00
3.5600000000e+01   -1.7823653000e+00
3.5620000000e+01   -1.7610287570e+00
3.5640000000e+01   -1.7389036238e+00
3.5660000000e+01   -1.7177522850e+00
3.5680000000e+01   -1.6988419460e+00
3.5700000000e+01   -1.6793344048e+00
3.5720000000e+01   -1.6601784781e+00
3.5740000000e+01   -1.6430487262e+00
3.5760000000e+01   -1.6255689815e+00
3.5780000000e+01   -1.6079934651e+00
3.5800000000e+01   -1.5922007987e+00
3.5820000000e+01   -1.5763212269e+00
3.5840000000e+01   -1.5600379876e+00
3.5860000000e+01   -1.5452691702e+00
3.5880000000e+01   -1.5306661271e+00
3.5900000000e+01   -1.5154669408e+00
3.5920000000e+01   -1.5014971616e+00
3.5940000000e+01   -1.4879175168e+00
3.5960000000e+01   -1.4736457207e+00
3.5980000000e+01   -1.4603125508e+00
3.6000000000e+01   -1.4475535952e+00
3.6020000000e+01   -1.4340862465e+00
3.6040000000e+01   -1.4212724296e+00
3.6060000000e+01   -1.4091693806e+00
3.6080000000e+01   -1.3964057338e+00
3.6100000000e+01   -1.3840271824e+00
3.6120000000e+01   -1.3724451523e+00
3.6140000000e+01   -1.3602991498e+00
3.6160000000e+01   -1.3482961700e+00
3.6180000000e+01   -1.3371248023e+00
3.6200000000e+01   -1.3255202284e+00
3.6220000000e+01   -1.3138508560e+00
3.6240000000e+01   -1.3030005583e+00
3.6260000000e+01   -1.2918680202e+00
3.6280000000e+01   -1.2805028232e+00
3.6300000000e+01   -1.2699019416e+00
3.6320000000e+01   -1.2591771248e+00
3.6340000000e+01   -1.2480950936e+00
3.6360000000e+01   -1.2376876211e+00
3.6380000000e+01   -1.2273104333e+00
3.6400000000e+01   -1.2164957300e+00
3.6420000000e+01   -1.2062393004e+00
3.6440000000e+01   -1.1961536216e+00
3.6460000000e+01   -1.1855930464e+00
3.6480000000e+01   -1.1754570683e+00
3.6500000000e+01   -1.1656108883e+00
3.6520000000e+01   -1.1552919680e+00
3.6540000000e+01   -1.1452558229e+00
3.6560000000e+01   -1.1356015976e+00
3.6580000000e+01   -1.1255112247e+00
3.6600000000e+01   -1.1155625014e+00
3.6620000000e+01   -1.1060575928e+00
3.6640000000e+01   -1.0961811526e+00
3.6660000000e+01   -1.0863139195e+00
3.6680000000e+01   -1.0769210182e+00
3.6700000000e+01   -1.0672419433e+00
3.6720000000e+01   -1.0574550830e+00
3.6740000000e+01   -1.0481425337e+00
3.6760000000e+01   -1.0386422244e+00
3.6780000000e+01   -1.0289378637e+00
3.6800000000e+01   -1.0196798434e+00
3.6820000000e+01   -1.0103378868e+00
3.6840000000e+01   -1.0007199594e+00
3.6860000000e+01   -9.9149647501e-01
3.6880000000e+01   -9.8229109545e-01
3.6900000000e+01   -9.7276407619e-01
3.6920000000e+01   -9.6356077105e-01
3.6940000000e+01   -9.5446944239e-01
3.6960000000e+01   -9.4503728110e-01
3.6980000000e+01   -9.3584505432e-01
3.7000000000e+01   -9.2684520674e-01
3.7020000000e+01   -9.1751048603e-01
3.7040000000e+01   -9.0832494437e-01
3.7060000000e+01   -8.9939470211e-01
3.7080000000e+01   -8.9015803071e-01
3.7100000000e+01   -8.8097880203e-01
3.7120000000e+01   -8.7209769527e-01
3.7140000000e+01   -8.6295733814e-01
3.7160000000e+01   -8.5378728420e-01
3.7180000000e+01   -8.4493688661e-01
3.7200000000e+01   -8.3588862209e-01
3.7220000000e+01   -8.2673299242e-01
3.7240000000e+01   -8.1789744610e-01
3.7260000000e+01   -8.0893463041e-01
3.7280000000e+01   -7.9980020078e-01
3.7300000000e+01   -7.9096660104e-01
3.7320000000e+01   -7.8208041203e-01
3.7340000000e+01   -7.7297464934e-01
3.7360000000e+01   -7.6413327331e-01
3.7380000000e+01   -7.5531309888e-01
3.7400000000e+01   -7.4624339073e-01
3.7420000000e+01   -7.3738776439e-01
3.7440000000e+01   -7.2862169689e-01
3.7460000000e+01   -7.1959467812e-01
3.7480000000e+01   -7.1072148676e-01
3.7500000000e+01   -7.0199688284e-01
3.7520000000e+01   -6.9301788420e-01
3.7540000000e+01   -6.8412673985e-01
3.7560000000e+01   -6.7543080580e-01
3.7580000000e+01   -6.6650344161e-01
3.7600000000e+01   -6.5759652838e-01
3.7620000000e+01   -6.4891689341e-01
3.7640000000e+01   -6.4004279665e-01
3.7660000000e+01   -6.3112442014e-01
3.7680000000e+01   -6.2244966457e-01
3.7700000000e+01   -6.1362836936e-01
3.7720000000e+01   -6.0470443969e-01
3.7740000000e+01   -5.9602455063e-01
3.7760000000e+01   -5.8725351454e-01
3.7780000000e+01   -5.7833099399e-01
3.7800000000e+01   -5.6963772773e-01
3.7820000000e+01   -5.6091247941e-01
3.7840000000e+01   -5.5199882516e-01
3.7860000000e+01   -5.4328596275e-01
3.7880000000e+01   -5.3460035525e-01
3.7900000000e+01   -5.2570298577e-01
3.7920000000e+01   -5.1696647533e-01
3.7940000000e+01   -5.0831302149e-01
3.7960000000e+01   -4.9943883140e-01
3.7980000000e+01   -4.9067681773e-01
3.8000000000e+01   -4.8204708185e-01
3.8020000000e+01   -4.7320202561e-01
3.8040000000e+01   -4.6441477393e-01
3.8060000000e+01   -4.5579979308e-01
3.8080000000e+01   -4.4698855254e-01
3.8100000000e+01   -4.3817827849e-01
3.8120000000e+01   -4.2956898782e-01
3.8140000000e+01   -4.2079473287e-01
3.8160000000e+01   -4.1196535526e-01
3.8180000000e+01   -4.0335299346e-01
3.8200000000e+01   -3.9461723906e-01
3.8220000000e+01   -3.8577407504e-01
3.8240000000e+01   -3.7715054935e-01
3.8260000000e+01   -3.6845310686e-01
3.8280000000e+01   -3.5960253124e-01
3.8300000000e+01   -3.5096072494e-01
3.8320000000e+01   -3.4229974009e-01
3.8340000000e+01   -3.3344883164e-01
3.8360000000e+01   -3.2478284137e-01
3.8380000000e+01   -3.1615490670e-01
3.8400000000e+01   -3.0731110470e-01
3.8420000000e+01   -2.9861639879e-01
3.8440000000e+01   -2.9001672421e-01
3.8460000000e+01   -2.8118751871e-01
3.8480000000e+01   -2.7246101158e-01
3.8500000000e+01   -2.6388363252e-01
3.8520000000e+01   -2.5507631298e-01
3.8540000000e+01   -2.4631635332e-01
3.8560000000e+01   -2.3775435148e-01
3.8580000000e+01   -2.2897584186e-01
3.8600000000e+01   -2.2018211263e-01
3.8620000000e+01   -2.1162781794e-01
3.8640000000e+01   -2.0288463645e-01
3.8660000000e+01   -1.9405796118e-01
3.8680000000e+01   -1.8550309088e-01
3.8700000000e+01   -1.7680149769e-01
3.8720000000e+01   -1.6794353409e-01
3.8740000000e+01   -1.5937919776e-01
3.8760000000e+01   -1.5072565706e-01
3.8780000000e+01   -1.4183842122e-01
3.8800000000e+01   -1.3325485362e-01
3.8820000000e+01   -1.2465710592e-01
3.8840000000e+01   -1.1574215867e-01
3.8860000000e+01   -1.0712785976e-01
3.8880000000e+01   -9.8597409713e-02
3.8900000000e+01   -8.9654157783e-02
3.8920000000e+01   -8.0993546178e-02
3.8940000000e+01   -7.2552214366e-02
3.8960000000e+01   -6.3573149174e-02
3.8980000000e+01   -5.4839648960e-02
3.9000000000e+01   -4.6541729348e-02
3.9020000000e+01   -3.7492058610e-02
3.9040000000e+01   -2.8622690127e-02
3.9060000000e+01   -2.0676484901e-02
3.9080000000e+01   -1.1295094310e-02
3.9100000000e+01   -2.1677285039e-03
3.9120000000e+01   -6.9810644155e-04
3.9140000000e+01   -8.3974123311e-03
3.9160000000e+01   -1.8253203746e-02
3.9180000000e+01   -2.6353051987e-02
3.9200000000e+01   -3.4872201020e-02
3.9220000000e+01   -4.4074570113e-02
3.9240000000e+01   -5.2503329430e-02
3.9260000000e+01   -6.1025001703e-02
3.9280000000e+01   -7.0063165382e-02
3.9300000000e+01   -7.8630081223e-02
3.9320000000e+01   -8.7142978793e-02
3.9340000000e+01   -9.6095448854e-02
3.9360000000e+01   -1.0474644674e-01
3.9380000000e+01   -1.1325582448e-01
3.9400000000e+01   -1.2214720809e-01
3.9420000000e+01   -1.3085834538e-01
3.9440000000e+01   -1.3937094128e-01
3.9460000000e+01   -1.4821138268e-01
3.9480000000e+01   -1.5696846876e-01
3.9500000000e+01   -1.6549106910e-01
3.9520000000e+01   -1.7428579844e-01
3.9540000000e+01   -1.8307835710e-01
3.9560000000e+01   -1.9161747904e-01
3.9580000000e+01   -2.0037012586e-01
3.9600000000e+01   -2.0918917215e-01
3.9620000000e+01   -2.1775085050e-01
3.9640000000e+01   -2.2646486780e-01
3.9660000000e+01   -2.3530202595e-01
3.9680000000e+01   -2.4389159268e-01
3.9700000000e+01   -2.5257094554e-01
3.9720000000e+01   -2.6141814143e-01
3.9740000000e+01   -2.7003999935e-01
3.9760000000e+01   -2.7868949969e-01
3.9780000000e+01   -2.8753893910e-01
3.9800000000e+01   -2.9619634720e-01
3.9820000000e+01   -3.0482178191e-01
3.9840000000e+01   -3.1366608592e-01
3.9860000000e+01   -3.2236097500e-01
3.9880000000e+01   -3.3096909185e-01
3.9900000000e+01   -3.3980152125e-01
3.9920000000e+01   -3.4853435701e-01
3.9940000000e+01   -3.5713274117e-01
3.9960000000e+01   -3.6594746702e-01
3.9980000000e+01   -3.7471717522e-01
4.0000000000e+01   -3.8331403788e-01
