X    Y
0.0000000000e+00   -1.2000000000e+01
2.0000000000e-02   -2.0727821573e+00
4.0000000000e-02   -2.2619085327e+00
6.0000000000e-02   -2.2632024968e+00
8.0000000000e-02   -2.1814139382e+00
1.0000000000e-01   -2.2641956846e+00
1.2000000000e-01   -2.2804271967e+00
1.4000000000e-01   -2.2310636938e+00
1.6000000000e-01   -2.2822533191e+00
1.8000000000e-01   -2.3082549002e+00
2.0000000000e-01   -2.2715085388e+00
2.2000000000e-01   -2.3059463122e+00
2.4000000000e-01   -2.3380987792e+00
2.6000000000e-01   -2.3096089565e+00
2.8000000000e-01   -2.3325670056e+00
3.0000000000e-01   -2.3687246927e+00
3.2000000000e-01   -2.3472662730e+00
3.4000000000e-01   -2.3613080841e+00
3.6000000000e-01   -2.3998871238e+00
3.8000000000e-01   -2.3852314118e+00
4.0000000000e-01   -2.3919511805e+00
4.2000000000e-01   -2.4316057190e+00
4.4000000000e-01   -2.4238847379e+00
4.6000000000e-01   -2.4245149707e+00
4.8000000000e-01   -2.4640202922e+00
5.0000000000e-01   -2.4634696141e+00
5.2000000000e-01   -2.4591391181e+00
5.4000000000e-01   -2.4973545688e+00
5.6000000000e-01   -2.5041852236e+00
5.8000000000e-01   -2.4960432135e+00
6.0000000000e-01   -2.5319093603e+00
6.2000000000e-01   -2.5462357409e+00
6.4000000000e-01   -2.5355162739e+00
6.6000000000e-01   -2.5680674559e+00
6.8000000000e-01   -2.5898660821e+00
7.0000000000e-01   -2.5779232844e+00
7.2000000000e-01   -2.6063067239e+00
7.4000000000e-01   -2.6353964530e+00
7.6000000000e-01   -2.6237258958e+00
7.8000000000e-01   -2.6472228697e+00
8.0000000000e-01   -2.6832629952e+00
8.2000000000e-01   -2.6735198955e+00
8.4000000000e-01   -2.6915666936e+00
8.6000000000e-01   -2.7340718682e+00
8.8000000000e-01   -2.7280973845e+00
9.0000000000e-01   -2.7403052285e+00
9.2000000000e-01   -2.7886777430e+00
9.4000000000e-01   -2.7885500639e+00
9.6000000000e-01   -2.7947245060e+00
9.8000000000e-01   -2.8483066619e+00
1.0000000000e+00   -2.8564470992e+00
1.0200000000e+00   -2.8566093675e+00
1.0400000000e+00   -2.9147635332e+00
1.0600000000e+00   -2.9341601358e+00
1.0800000000e+00   -2.9285769327e+00
1.1000000000e+00   -2.9908132267e+00
1.1200000000e+00   -3.0255089120e+00
1.1400000000e+00   -3.0147477624e+00
1.1600000000e+00   -3.0809542797e+00
1.1800000000e+00   -3.1372019565e+00
1.2000000000e+00   -3.1222630197e+00
1.2200000000e+00   -3.1932094279e+00
1.2400000000e+00   -3.2826480504e+00
1.2600000000e+00   -3.2653609624e+00
1.2800000000e+00   -3.3441372758e+00
1.3000000000e+00   -3.4952635856e+00
1.3200000000e+00   -3.4799641913e+00
1.3400000000e+00   -3.5781788279e+00
1.3600000000e+00   -3.9121505764e+00
1.3800000000e+00   -3.9215375295e+00
1.4000000000e+00   -4.1317721406e+00
1.4200000000e+00   -4.1468874377e+00
1.4400000000e+00   -4.0400339128e+00
1.4600000000e+00   -3.9237881377e+00
1.4800000000e+00   -3.5805424320e+00
1.5000000000e+00   -3.5202761269e+00
1.5200000000e+00   -3.5006559721e+00
1.5400000000e+00   -3.3438142178e+00
1.5600000000e+00   -3.2906519964e+00
1.5800000000e+00   -3.2868881831e+00
1.6000000000e+00   -3.1911984233e+00
1.6200000000e+00   -3.1413130810e+00
1.6400000000e+00   -3.1414066932e+00
1.6600000000e+00   -3.0775489260e+00
1.6800000000e+00   -3.0302997919e+00
1.7000000000e+00   -3.0302302970e+00
1.7200000000e+00   -2.9861961729e+00
1.7400000000e+00   -2.9416967611e+00
1.7600000000e+00   -2.9397489354e+00
1.7800000000e+00   -2.9091358349e+00
1.8000000000e+00   -2.8677017025e+00
1.8200000000e+00   -2.8631325364e+00
1.8400000000e+00   -2.8419253372e+00
1.8600000000e+00   -2.8038829667e+00
1.8800000000e+00   -2.7964617886e+00
1.9000000000e+00   -2.7818632662e+00
1.9200000000e+00   -2.7474675879e+00
1.9400000000e+00   -2.7372721913e+00
1.9600000000e+00   -2.7272021313e+00
1.9800000000e+00   -2.6965985571e+00
2.0000000000e+00   -2.6839045985e+00
2.0200000000e+00   -2.6767602651e+00
2.0400000000e+00   -2.6499701027e+00
2.0600000000e+00   -2.6351799743e+00
2.0800000000e+00   -2.6297110759e+00
2.1000000000e+00   -2.6066316299e+00
2.1200000000e+00   -2.5902223664e+00
2.1400000000e+00   -2.5854597817e+00
2.1600000000e+00   -2.5658745670e+00
2.1800000000e+00   -2.5483564358e+00
2.2000000000e+00   -2.5435670228e+00
2.2200000000e+00   -2.5271630068e+00
2.2400000000e+00   -2.5090453587e+00
2.2600000000e+00   -2.5036993929e+00
2.2800000000e+00   -2.4900887794e+00
2.3000000000e+00   -2.4718518966e+00
2.3200000000e+00   -2.4655963595e+00
2.3400000000e+00   -2.4543407538e+00
2.3600000000e+00   -2.4364133724e+00
2.3800000000e+00   -2.4290476807e+00
2.4000000000e+00   -2.4196827466e+00
2.4200000000e+00   -2.4024252713e+00
2.4400000000e+00   -2.3938778339e+00
2.4600000000e+00   -2.3859368450e+00
2.4800000000e+00   -2.3696303003e+00
2.5000000000e+00   -2.3599352934e+00
2.5200000000e+00   -2.3529703059e+00
2.5400000000e+00   -2.3378109188e+00
2.5600000000e+00   -2.3270852469e+00
2.5800000000e+00   -2.3206849654e+00
2.6000000000e+00   -2.3067840499e+00
2.6200000000e+00   -2.2952047992e+00
2.6400000000e+00   -2.2890085419e+00
2.6600000000e+00   -2.2763971124e+00
2.6800000000e+00   -2.2641799847e+00
2.7000000000e+00   -2.2578874704e+00
2.7200000000e+00   -2.2465247962e+00
2.7400000000e+00   -2.2339040973e+00
2.7600000000e+00   -2.2272810462e+00
2.7800000000e+00   -2.2170662051e+00
2.8000000000e+00   -2.2042769601e+00
2.8200000000e+00   -2.1971567273e+00
2.8400000000e+00   -2.1879421325e+00
2.8600000000e+00   -2.1752048418e+00
2.8800000000e+00   -2.1674864775e+00
2.9000000000e+00   -2.1590923492e+00
2.9200000000e+00   -2.1466007818e+00
2.9400000000e+00   -2.1382440405e+00
2.9600000000e+00   -2.1304728592e+00
2.9800000000e+00   -2.1183851324e+00
3.0000000000e+00   -2.1094030404e+00
3.0200000000e+00   -2.1020531399e+00
3.0400000000e+00   -2.0904861598e+00
3.0600000000e+00   -2.0809357990e+00
3.0800000000e+00   -2.0738134207e+00
3.1000000000e+00   -2.0628405768e+00
3.1200000000e+00   -2.0528127584e+00
3.1400000000e+00   -2.0457420700e+00
3.1600000000e+00   -2.0353939144e+00
3.1800000000e+00   -2.0250024013e+00
3.2000000000e+00   -2.0178331682e+00
3.2200000000e+00   -2.0081006633e+00
3.2400000000e+00   -1.9974715575e+00
3.2600000000e+00   -1.9900843345e+00
3.2800000000e+00   -1.9809241512e+00
3.3000000000e+00   -1.9701859952e+00
3.3200000000e+00   -1.9624948636e+00
3.3400000000e+00   -1.9538361458e+00
3.3600000000e+00   -1.9431111960e+00
3.3800000000e+00   -1.9350642054e+00
3.4000000000e+00   -1.9268162003e+00
3.4200000000e+00   -1.9162132254e+00
3.4400000000e+00   -1.9077908052e+00
3.4600000000e+00   -1.8998507794e+00
3.4800000000e+00   -1.8894596158e+00
3.5000000000e+00   -1.8806713002e+00
3.5200000000e+00   -1.8729322177e+00
3.5400000000e+00   -1.8628201923e+00
3.5600000000e+00   -1.8537000517e+00
3.5800000000e+00   -1.8460575733e+00
3.6000000000e+00   -1.8362677841e+00
3.6200000000e+00   -1.8268689801e+00
3.6400000000e+00   -1.8192274421e+00
3.6600000000e+00   -1.8097787772e+00
3.6800000000e+00   -1.8001676602e+00
3.7000000000e+00   -1.7924447957e+00
3.7200000000e+00   -1.7833334811e+00
3.7400000000e+00   -1.7735836246e+00
3.7600000000e+00   -1.7657138998e+00
3.7800000000e+00   -1.7569162954e+00
3.8000000000e+00   -1.7471028250e+00
3.8200000000e+00   -1.7390393582e+00
3.8400000000e+00   -1.7305156781e+00
3.8600000000e+00   -1.7207101951e+00
3.8800000000e+00   -1.7124253159e+00
3.9000000000e+00   -1.7041239310e+00
3.9200000000e+00   -1.6943902648e+00
3.9400000000e+00   -1.6858748430e+00
3.9600000000e+00   -1.6777368263e+00
3.9800000000e+00   -1.6681277773e+00
4.0000000000e+00   -1.6593895064e+00
4.0200000000e+00   -1.6513531106e+00
4.0400000000e+00   -1.6419082664e+00
4.0600000000e+00   -1.6329691263e+00
4.0800000000e+00   -1.6249739229e+00
4.1000000000e+00   -1.6157185607e+00
4.1200000000e+00   -1.6066117042e+00
4.1400000000e+00   -1.5986021690e+00
4.1600000000e+00   -1.5895471867e+00
4.1800000000e+00   -1.5803135023e+00
4.2000000000e+00   -1.5722418906e+00
4.2200000000e+00   -1.5633846548e+00
4.2400000000e+00   -1.5540692476e+00
4.2600000000e+00   -1.5458976657e+00
4.2800000000e+00   -1.5372236198e+00
4.3000000000e+00   -1.5278724307e+00
4.3200000000e+00   -1.5195740692e+00
4.3400000000e+00   -1.5110589152e+00
4.3600000000e+00   -1.5017156686e+00
4.3800000000e+00   -1.4932752176e+00
4.4000000000e+00   -1.4848874718e+00
4.4200000000e+00   -1.4755910999e+00
4.4400000000e+00   -1.4670044126e+00
4.4600000000e+00   -1.4587081344e+00
4.4800000000e+00   -1.4494907837e+00
4.5000000000e+00   -1.4407638916e+00
4.5200000000e+00   -1.4325213970e+00
4.5400000000e+00   -1.4234070762e+00
4.5600000000e+00   -1.4145546864e+00
4.5800000000e+00   -1.4063290798e+00
4.6000000000e+00   -1.3973329624e+00
4.6200000000e+00   -1.3883765837e+00
4.6400000000e+00   -1.3801339721e+00
4.6600000000e+00   -1.3712623276e+00
4.6800000000e+00   -1.3622281776e+00
4.7000000000e+00   -1.3539394657e+00
4.7200000000e+00   -1.3451901557e+00
4.7400000000e+00   -1.3361069987e+00
4.7600000000e+00   -1.3277492011e+00
4.7800000000e+00   -1.3191126502e+00
4.8000000000e+00   -1.3100097040e+00
4.8200000000e+00   -1.3015667441e+00
4.8400000000e+00   -1.2930272765e+00
4.8600000000e+00   -1.2839323070e+00
4.8800000000e+00   -1.2753953109e+00
4.9000000000e+00   -1.2669327303e+00
4.9200000000e+00   -1.2578704312e+00
4.9400000000e+00   -1.2492375482e+00
4.9600000000e+00   -1.2408288406e+00
4.9800000000e+00   -1.2318195670e+00
5.0000000000e+00   -1.2230953791e+00
5.0200000000e+00   -1.2147164200e+00
5.0400000000e+00   -1.2057753165e+00
5.0600000000e+00   -1.1969699129e+00
5.0800000000e+00   -1.1885970745e+00
5.1000000000e+00   -1.1797336131e+00
5.1200000000e+00   -1.1708614182e+00
5.1400000000e+00   -1.1624729896e+00
5.1600000000e+00   -1.1536909026e+00
5.1800000000e+00   -1.1447693544e+00
5.2000000000e+00   -1.1363467063e+00
5.2200000000e+00   -1.1276442809e+00
5.2400000000e+00   -1.1186924517e+00
5.2600000000e+00   -1.1102209015e+00
5.2800000000e+00   -1.1015915821e+00
5.3000000000e+00   -1.0926288310e+00
5.3200000000e+00   -1.0840981852e+00
5.3400000000e+00   -1.0755314164e+00
5.3600000000e+00   -1.0665761512e+00
5.3800000000e+00   -1.0579809241e+00
5.4000000000e+00   -1.0494631613e+00
5.4200000000e+00   -1.0405317727e+00
5.4400000000e+00   -1.0318710999e+00
5.4600000000e+00   -1.0233869096e+00
5.4800000000e+00   -1.0144929264e+00
5.5000000000e+00   -1.0057702056e+00
5.5200000000e+00   -9.9730338115e-01
5.5400000000e+00   -9.8845687532e-01
5.5600000000e+00   -9.7967918377e-01
5.5800000000e+00   -9.7121380798e-01
5.6000000000e+00   -9.6242106304e-01
5.6200000000e+00   -9.5359840396e-01
5.6400000000e+00   -9.4511980084e-01
5.6600000000e+00   -9.3638323810e-01
5.6800000000e+00   -9.2752767816e-01
5.7000000000e+00   -9.1902320700e-01
5.7200000000e+00   -9.1034155153e-01
5.7400000000e+00   -9.0146630892e-01
5.7600000000e+00   -8.9292596841e-01
5.7800000000e+00   -8.8429462296e-01
5.8000000000e+00   -8.7541316419e-01
5.8200000000e+00   -8.6682998817e-01
5.8400000000e+00   -8.5824157462e-01
5.8600000000e+00   -8.4936677204e-01
5.8800000000e+00   -8.4073701224e-01
5.9000000000e+00   -8.3218203396e-01
5.9200000000e+00   -8.2332542775e-01
5.9400000000e+00   -8.1464853159e-01
5.9600000000e+00   -8.0611610745e-01
5.9800000000e+00   -7.9728730604e-01
6.0000000000e+00   -7.8856570854e-01
6.0200000000e+00   -7.8004432976e-01
6.0400000000e+00   -7.7125057139e-01
6.0600000000e+00   -7.6248932899e-01
6.0800000000e+00   -7.5396759319e-01
6.1000000000e+00   -7.4521348037e-01
6.1200000000e+00   -7.3641978092e-01
6.1400000000e+00   -7.2788706315e-01
6.1600000000e+00   -7.1917447073e-01
6.1800000000e+00   -7.1035705791e-01
6.2000000000e+00   -7.0180408580e-01
6.2200000000e+00   -6.9313223341e-01
6.2400000000e+00   -6.8430078500e-01
6.2600000000e+00   -6.7572009357e-01
6.2800000000e+00   -6.6708576485e-01
6.3000000000e+00   -6.5825026367e-01
6.3200000000e+00   -6.4963651410e-01
6.3400000000e+00   -6.4103439833e-01
6.3600000000e+00   -6.3220453130e-01
6.3800000000e+00   -6.2355468733e-01
6.4000000000e+00   -6.1497781442e-01
6.4200000000e+00   -6.0616243094e-01
6.4400000000e+00   -5.9747579454e-01
6.4600000000e+00   -5.8891603172e-01
6.4800000000e+00   -5.8012268614e-01
6.5000000000e+00   -5.7140080224e-01
6.5200000000e+00   -5.6284938017e-01
6.5400000000e+00   -5.5408397664e-01
6.5600000000e+00   -5.4533042249e-01
6.5800000000e+00   -5.3677845983e-01
6.6000000000e+00   -5.2804501037e-01
6.6200000000e+00   -5.1926509053e-01
6.6400000000e+00   -5.1070408884e-01
6.6600000000e+00   -5.0200458829e-01
6.6800000000e+00   -4.9320495913e-01
6.7000000000e+00   -4.8462724414e-01
6.7200000000e+00   -4.7596165899e-01
6.7400000000e+00   -4.6714990869e-01
6.7600000000e+00   -4.5854899904e-01
6.7800000000e+00   -4.4991536094e-01
6.8000000000e+00   -4.4109957095e-01
6.8200000000e+00   -4.3247046140e-01
6.8400000000e+00   -4.2386505106e-01
6.8600000000e+00   -4.1505336401e-01
6.8800000000e+00   -4.0639271563e-01
6.9000000000e+00   -3.9781031906e-01
6.9200000000e+00   -3.8901053552e-01
6.9400000000e+00   -3.8031677175e-01
6.9600000000e+00   -3.7175098771e-01
6.9800000000e+00   -3.6297021129e-01
7.0000000000e+00   -3.5424352380e-01
7.0200000000e+00   -3.4568709988e-01
7.0400000000e+00   -3.3693144605e-01
7.0600000000e+00   -3.2817371964e-01
7.0800000000e+00   -3.1961889347e-01
7.1000000000e+00   -3.1089327342e-01
7.1200000000e+00   -3.0210794377e-01
7.1400000000e+00   -2.9354676550e-01
7.1600000000e+00   -2.8485475262e-01
7.1800000000e+00   -2.7604661447e-01
7.2000000000e+00   -2.6747122626e-01
7.2200000000e+00   -2.5881500935e-01
7.2400000000e+00   -2.4998999729e-01
7.2600000000e+00   -2.4139284335e-01
7.2800000000e+00   -2.3277326923e-01
7.3000000000e+00   -2.2393823818e-01
7.3200000000e+00   -2.1531217276e-01
7.3400000000e+00   -2.0672888229e-01
7.3600000000e+00   -1.9789142357e-01
7.3800000000e+00   -1.8922966845e-01
7.4000000000e+00   -1.8068133794e-01
7.4200000000e+00   -1.7184968436e-01
7.4400000000e+00   -1.6314554729e-01
7.4600000000e+00   -1.5463027143e-01
7.4800000000e+00   -1.4581338553e-01
7.5000000000e+00   -1.3705954838e-01
7.5200000000e+00   -1.2857546856e-01
7.5400000000e+00   -1.1978351287e-01
7.5600000000e+00   -1.1097040848e-01
7.5800000000e+00   -1.0251690231e-01
7.6000000000e+00   -9.3762594357e-02
7.6200000000e+00   -8.4874444849e-02
7.6400000000e+00   -7.6454988230e-02
7.6600000000e+00   -6.7757380484e-02
7.6800000000e+00   -5.8760587358e-02
7.7000000000e+00   -5.0392431640e-02
7.7200000000e+00   -4.1789089320e-02
7.7400000000e+00   -3.2584471770e-02
7.7600000000e+00   -2.4355244335e-02
7.7800000000e+00   -1.5950901273e-02
7.8000000000e+00   -5.9535270499e-03
7.8200000000e+00   8.3988579738e-05
7.8400000000e+00   -3.6875126737e-03
7.8600000000e+00   -1.3463771904e-02
7.8800000000e+00   -2.2365712121e-02
7.9000000000e+00   -3.0375915041e-02
7.9200000000e+00   -3.9464568007e-02
7.9400000000e+00   -4.8316247414e-02
7.9600000000e+00   -5.6605026273e-02
7.9800000000e+00   -6.5494878039e-02
8.0000000000e+00   -7.4361714963e-02
8.0200000000e+00   -8.2762667262e-02
8.0400000000e+00   -9.1549225589e-02
8.0600000000e+00   -1.0042775294e-01
8.0800000000e+00   -1.0890023298e-01
8.1000000000e+00   -1.1761848642e-01
8.1200000000e+00   -1.2650189232e-01
8.1400000000e+00   -1.3503137394e-01
8.1600000000e+00   -1.4369953428e-01
8.1800000000e+00   -1.5258097844e-01
8.2000000000e+00   -1.6116112320e-01
8.2200000000e+00   -1.6979144141e-01
8.2400000000e+00   -1.7866440801e-01
8.2600000000e+00   -1.8729173565e-01
8.2800000000e+00   -1.9589415068e-01
8.3000000000e+00   -2.0475260088e-01
8.3200000000e+00   -2.1342440363e-01
8.3400000000e+00   -2.2200797065e-01
8.3600000000e+00   -2.3084652728e-01
8.3800000000e+00   -2.3955990748e-01
8.4000000000e+00   -2.4813335903e-01
8.4200000000e+00   -2.5694752313e-01
8.4400000000e+00   -2.6569891915e-01
8.4600000000e+00   -2.7427082379e-01
8.4800000000e+00   -2.8305719968e-01
8.5000000000e+00   -2.9184217242e-01
8.5200000000e+00   -3.0042088128e-01
8.5400000000e+00   -3.0917738739e-01
8.5600000000e+00   -3.1799057436e-01
8.5800000000e+00   -3.2658404767e-01
8.6000000000e+00   -3.3531009322e-01
8.6200000000e+00   -3.4414528665e-01
8.6400000000e+00   -3.5276085342e-01
8.6600000000e+00   -3.6145746410e-01
8.6800000000e+00   -3.7030778848e-01
8.7000000000e+00   -3.7895187618e-01
8.7200000000e+00   -3.8762175480e-01
8.7400000000e+00   -3.9647992592e-01
8.7600000000e+00   -4.0515778930e-01
8.7800000000e+00   -4.1380530087e-01
8.8000000000e+00   -4.2266394943e-01
8.8200000000e+00   -4.3137942408e-01
8.8400000000e+00   -4.4001049859e-01
8.8600000000e+00   -4.4886254056e-01
8.8800000000e+00   -4.5761784368e-01
8.9000000000e+00   -4.6623979445e-01
8.9200000000e+00   -4.7507882838e-01
8.9400000000e+00   -4.8387442684e-01
8.9600000000e+00   -4.9249568707e-01
8.9800000000e+00   -5.0131639647e-01
9.0000000000e+00   -5.1015095877e-01
9.0200000000e+00   -5.1878074419e-01
9.0400000000e+00   -5.2757928206e-01
9.0600000000e+00   -5.3644972693e-01
9.0800000000e+00   -5.4509763758e-01
9.1000000000e+00   -5.5387196931e-01
9.1200000000e+00   -5.6277361866e-01
9.1400000000e+00   -5.7144919784e-01
9.1600000000e+00   -5.8019937977e-01
9.1800000000e+00   -5.8912621826e-01
9.2000000000e+00   -5.9783849103e-01
9.2200000000e+00   -6.0656686352e-01
9.2400000000e+00   -6.1551190095e-01
9.2600000000e+00   -6.2426891799e-01
9.2800000000e+00   -6.3298019555e-01
9.3000000000e+00   -6.4193592163e-01
9.3200000000e+00   -6.5074433683e-01
9.3400000000e+00   -6.5944558224e-01
9.3600000000e+00   -6.6840449738e-01
9.3800000000e+00   -6.7726920808e-01
9.4000000000e+00   -6.8596968339e-01
9.4200000000e+00   -6.9492488312e-01
9.4400000000e+00   -7.0384876151e-01
9.4600000000e+00   -7.1255965580e-01
9.4800000000e+00   -7.2150544134e-01
9.5000000000e+00   -7.3048918280e-01
9.5200000000e+00   -7.3922322394e-01
9.5400000000e+00   -7.4815570801e-01
9.5600000000e+00   -7.5719781813e-01
9.5800000000e+00   -7.6596878401e-01
9.6000000000e+00   -7.7488645827e-01
9.6200000000e+00   -7.8398339425e-01
9.6400000000e+00   -7.9280554655e-01
9.6600000000e+00   -8.0170977718e-01
9.6800000000e+00   -8.1085625203e-01
9.7000000000e+00   -8.1974372320e-01
9.7200000000e+00   -8.2863914242e-01
9.7400000000e+00   -8.3782859200e-01
9.7600000000e+00   -8.4679476214e-01
9.7800000000e+00   -8.5568952768e-01
9.8000000000e+00   -8.6491473137e-01
9.8200000000e+00   -8.7397163666e-01
9.8400000000e+00   -8.8287753677e-01
9.8600000000e+00   -8.9213137354e-01
9.8800000000e+00   -9.0128919063e-01
9.9000000000e+00   -9.1022158084e-01
9.9200000000e+00   -9.1949789348e-01
9.9400000000e+00   -9.2876454477e-01
9.9600000000e+00   -9.3774211193e-01
9.9800000000e+00   -9.4703664472e-01
1.0000000000e+01   -9.5641756770e-01
1.0020000000e+01   -9.6546192850e-01
1.0040000000e+01   -9.7477329752e-01
1.0060000000e+01   -9.8427141663e-01
1.0080000000e+01   -9.9340656987e-01
1.0100000000e+01   -1.0027372214e+00
1.0120000000e+01   -1.0123531544e+00
1.0140000000e+01   -1.0216048189e+00
1.0160000000e+01   -1.0309619303e+00
1.0180000000e+01   -1.0406944526e+00
1.0200000000e+01   -1.0500893346e+00
1.0220000000e+01   -1.0594856156e+00
1.0240000000e+01   -1.0693323937e+00
1.0260000000e+01   -1.0788974407e+00
1.0280000000e+01   -1.0883517961e+00
1.0300000000e+01   -1.0983103945e+00
1.0320000000e+01   -1.1080720994e+00
1.0340000000e+01   -1.1176101275e+00
1.0360000000e+01   -1.1276792779e+00
1.0380000000e+01   -1.1376631092e+00
1.0400000000e+01   -1.1473174205e+00
1.0420000000e+01   -1.1574985367e+00
1.0440000000e+01   -1.1677285732e+00
1.0460000000e+01   -1.1775389339e+00
1.0480000000e+01   -1.1878378473e+00
1.0500000000e+01   -1.1983367021e+00
1.0520000000e+01   -1.2083500260e+00
1.0540000000e+01   -1.2187789158e+00
1.0560000000e+01   -1.2295680365e+00
1.0580000000e+01   -1.2398382758e+00
1.0600000000e+01   -1.2504177722e+00
1.0620000000e+01   -1.2615182062e+00
1.0640000000e+01   -1.2721062211e+00
1.0660000000e+01   -1.2828676729e+00
1.0680000000e+01   -1.2943013931e+00
1.0700000000e+01   -1.3052749167e+00
1.0720000000e+01   -1.3162628397e+00
1.0740000000e+01   -1.3280547361e+00
1.0760000000e+01   -1.3394885922e+00
1.0780000000e+01   -1.3507633576e+00
1.0800000000e+01   -1.3629440238e+00
1.0820000000e+01   -1.3749208168e+00
1.0840000000e+01   -1.3865617037e+00
1.0860000000e+01   -1.3991711915e+00
1.0880000000e+01   -1.4117827612e+00
1.0900000000e+01   -1.4238916014e+00
1.0920000000e+01   -1.4369843992e+00
1.0940000000e+01   -1.4503344520e+00
1.0960000000e+01   -1.4630402561e+00
1.0980000000e+01   -1.4766918942e+00
1.1000000000e+01   -1.4909004053e+00
1.1020000000e+01   -1.5043656220e+00
1.1040000000e+01   -1.5186815666e+00
1.1060000000e+01   -1.5338918583e+00
1.1080000000e+01   -1.5483213550e+00
1.1100000000e+01   -1.5634493252e+00
1.1120000000e+01   -1.5798392710e+00
1.1140000000e+01   -1.5954938990e+00
1.1160000000e+01   -1.6116416119e+00
1.1180000000e+01   -1.6294414373e+00
1.1200000000e+01   -1.6466594759e+00
1.1220000000e+01   -1.6641215008e+00
1.1240000000e+01   -1.6836426516e+00
1.1260000000e+01   -1.7028752640e+00
1.1280000000e+01   -1.7220760928e+00
1.1300000000e+01   -1.7437598273e+00
1.1320000000e+01   -1.7656326844e+00
1.1340000000e+01   -1.7872006248e+00
1.1360000000e+01   -1.8117044322e+00
1.1380000000e+01   -1.8371316163e+00
1.1400000000e+01   -1.8620360897e+00
1.1420000000e+01   -1.8903995296e+00
1.1440000000e+01   -1.9208118338e+00
1.1460000000e+01   -1.9506451010e+00
1.1480000000e+01   -1.9846429600e+00
1.1500000000e+01   -2.0224996887e+00
1.1520000000e+01   -2.0601366835e+00
1.1540000000e+01   -2.1031500740e+00
1.1560000000e+01   -2.1532906722e+00
1.1580000000e+01   -2.2047631751e+00
1.1600000000e+01   -2.2644677350e+00
1.1620000000e+01   -2.3387577217e+00
1.1640000000e+01   -2.4206007683e+00
1.1660000000e+01   -2.5213374885e+00
1.1680000000e+01   -2.6655364967e+00
1.1700000000e+01   -2.8644836189e+00
1.1720000000e+01   -3.2281248795e+00
1.1740000000e+01   -3.5939098412e+00
1.1760000000e+01   -2.9751660738e+00
1.1780000000e+01   -2.7381415854e+00
1.1800000000e+01   -2.5735853455e+00
1.1820000000e+01   -2.4575677514e+00
1.1840000000e+01   -2.3711252844e+00
1.1860000000e+01   -2.2930215410e+00
1.1880000000e+01   -2.2272271281e+00
1.1900000000e+01   -2.1739889785e+00
1.1920000000e+01   -2.1229252173e+00
1.1940000000e+01   -2.0764822971e+00
1.1960000000e+01   -2.0376833711e+00
1.1980000000e+01   -1.9998244583e+00
1.2000000000e+01   -1.9636546864e+00
1.2020000000e+01   -1.9328186176e+00
1.2040000000e+01   -1.9027442441e+00
1.2060000000e+01   -1.8729639606e+00
1.2080000000e+01   -1.8471031027e+00
1.2100000000e+01   -1.8221170813e+00
1.2120000000e+01   -1.7967126921e+00
1.2140000000e+01   -1.7742138612e+00
1.2160000000e+01   -1.7527702467e+00
1.2180000000e+01   -1.7305634685e+00
1.2200000000e+01   -1.7104665982e+00
1.2220000000e+01   -1.6915908400e+00
1.2240000000e+01   -1.6718301018e+00
1.2260000000e+01   -1.6535259787e+00
1.2280000000e+01   -1.6365614209e+00
1.2300000000e+01   -1.6187339711e+00
1.2320000000e+01   -1.6018186373e+00
1.2340000000e+01   -1.5863013921e+00
1.2360000000e+01   -1.5700373045e+00
1.2380000000e+01   -1.5542343104e+00
1.2400000000e+01   -1.5398257760e+00
1.2420000000e+01   -1.5248450894e+00
1.2440000000e+01   -1.5099604958e+00
1.2460000000e+01   -1.4964083057e+00
1.2480000000e+01   -1.4824903308e+00
1.2500000000e+01   -1.4683849322e+00
1.2520000000e+01   -1.4554989420e+00
1.2540000000e+01   -1.4424637913e+00
1.2560000000e+01   -1.4290350698e+00
1.2580000000e+01   -1.4166717318e+00
1.2600000000e+01   -1.4043689612e+00
1.2620000000e+01   -1.3915389084e+00
1.2640000000e+01   -1.3795905208e+00
1.2660000000e+01   -1.3678920717e+00
1.2680000000e+01   -1.3555987666e+00
1.2700000000e+01   -1.3439856556e+00
1.2720000000e+01   -1.3327814572e+00
1.2740000000e+01   -1.3209731873e+00
1.2760000000e+01   -1.3096377151e+00
1.2780000000e+01   -1.2988329404e+00
1.2800000000e+01   -1.2874641304e+00
1.2820000000e+01   -1.2763658876e+00
1.2840000000e+01   -1.2658792176e+00
1.2860000000e+01   -1.2549076977e+00
1.2880000000e+01   -1.2440195084e+00
1.2900000000e+01   -1.2337819799e+00
1.2920000000e+01   -1.2231672691e+00
1.2940000000e+01   -1.2124717977e+00
1.2960000000e+01   -1.2024259521e+00
1.2980000000e+01   -1.1921283219e+00
1.3000000000e+01   -1.1816151672e+00
1.3020000000e+01   -1.1717143098e+00
1.3040000000e+01   -1.1616944415e+00
1.3060000000e+01   -1.1513576587e+00
1.3080000000e+01   -1.1415651103e+00
1.3100000000e+01   -1.1317841918e+00
1.3120000000e+01   -1.1216202153e+00
1.3140000000e+01   -1.1119084852e+00
1.3160000000e+01   -1.1023286137e+00
1.3180000000e+01   -1.0923345680e+00
1.3200000000e+01   -1.0826844168e+00
1.3220000000e+01   -1.0732691916e+00
1.3240000000e+01   -1.0634415814e+00
1.3260000000e+01   -1.0538409695e+00
1.3280000000e+01   -1.0445561748e+00
1.3300000000e+01   -1.0348899416e+00
1.3320000000e+01   -1.0253328828e+00
1.3340000000e+01   -1.0161471731e+00
1.3360000000e+01   -1.0066351009e+00
1.3380000000e+01   -9.9712045141e-01
1.3400000000e+01   -9.8800597117e-01
1.3420000000e+01   -9.7863841206e-01
1.3440000000e+01   -9.6916863782e-01
1.3460000000e+01   -9.6010152031e-01
1.3480000000e+01   -9.5086640503e-01
1.3500000000e+01   -9.4144637224e-01
1.3520000000e+01   -9.3240707941e-01
1.3540000000e+01   -9.2329016768e-01
1.3560000000e+01   -9.1392600215e-01
1.3580000000e+01   -9.0489948379e-01
1.3600000000e+01   -8.9588480458e-01
1.3620000000e+01   -8.8658286157e-01
1.3640000000e+01   -8.7755852589e-01
1.3660000000e+01   -8.6862895403e-01
1.3680000000e+01   -8.5939493370e-01
1.3700000000e+01   -8.5036643542e-01
1.3720000000e+01   -8.4150435005e-01
1.3740000000e+01   -8.3234258517e-01
1.3760000000e+01   -8.2330744841e-01
1.3780000000e+01   -8.1449542071e-01
1.3800000000e+01   -8.0540835326e-01
1.3820000000e+01   -7.9636745581e-01
1.3840000000e+01   -7.8758891768e-01
1.3860000000e+01   -7.7857677070e-01
1.3880000000e+01   -7.6953372273e-01
1.3900000000e+01   -7.6077357453e-01
1.3920000000e+01   -7.5183421541e-01
1.3940000000e+01   -7.4279466990e-01
1.3960000000e+01   -7.3403979316e-01
1.3980000000e+01   -7.2516877520e-01
1.4000000000e+01   -7.1613970876e-01
1.4020000000e+01   -7.0737935877e-01
1.4040000000e+01   -6.9857011976e-01
1.4060000000e+01   -6.8955912167e-01
1.4080000000e+01   -6.8078518428e-01
1.4100000000e+01   -6.7202937485e-01
1.4120000000e+01   -6.6304397904e-01
1.4140000000e+01   -6.5425108524e-01
1.4160000000e+01   -6.4553899520e-01
1.4180000000e+01   -6.3658608524e-01
1.4200000000e+01   -6.2777158595e-01
1.4220000000e+01   -6.1909263463e-01
1.4240000000e+01   -6.1017794574e-01
1.4260000000e+01   -6.0134175688e-01
1.4280000000e+01   -5.9268501351e-01
1.4300000000e+01   -5.8381274843e-01
1.4320000000e+01   -5.7495708295e-01
1.4340000000e+01   -5.6631178434e-01
1.4360000000e+01   -5.5748435283e-01
1.4380000000e+01   -5.4861336130e-01
1.4400000000e+01   -5.3996939774e-01
1.4420000000e+01   -5.3118728199e-01
1.4440000000e+01   -5.2230662658e-01
1.4460000000e+01   -5.1365497110e-01
1.4480000000e+01   -5.0491671252e-01
1.4500000000e+01   -4.9603310102e-01
1.4520000000e+01   -4.8736616284e-01
1.4540000000e+01   -4.7866845960e-01
1.4560000000e+01   -4.6978916609e-01
1.4580000000e+01   -4.6110105487e-01
1.4600000000e+01   -4.5243895460e-01
1.4620000000e+01   -4.4357135203e-01
1.4640000000e+01   -4.3485804591e-01
1.4660000000e+01   -4.2622521407e-01
1.4680000000e+01   -4.1737634143e-01
1.4700000000e+01   -4.0863575786e-01
1.4720000000e+01   -4.0002479973e-01
1.4740000000e+01   -3.9120098286e-01
1.4760000000e+01   -3.8243295681e-01
1.4780000000e+01   -3.7383576983e-01
1.4800000000e+01   -3.6504231067e-01
1.4820000000e+01   -3.5624849009e-01
1.4840000000e+01   -3.4765662290e-01
1.4860000000e+01   -3.3889756725e-01
1.4880000000e+01   -3.3008123987e-01
1.4900000000e+01   -3.2148623515e-01
1.4920000000e+01   -3.1276422454e-01
1.4940000000e+01   -3.0393009403e-01
1.4960000000e+01   -2.9532379313e-01
1.4980000000e+01   -2.8664000152e-01
1.5000000000e+01   -2.7779393447e-01
1.5020000000e+01   -2.6916872256e-01
1.5040000000e+01   -2.6052287515e-01
1.5060000000e+01   -2.5167164411e-01
1.5080000000e+01   -2.4302061367e-01
1.5100000000e+01   -2.3441108211e-01
1.5120000000e+01   -2.2556213537e-01
1.5140000000e+01   -2.1687914094e-01
1.5160000000e+01   -2.0830310808e-01
1.5180000000e+01   -1.9946440729e-01
1.5200000000e+01   -1.9074397071e-01
1.5220000000e+01   -1.8219766035e-01
1.5240000000e+01   -1.7337764951e-01
1.5260000000e+01   -1.6461463825e-01
1.5280000000e+01   -1.5609361484e-01
1.5300000000e+01   -1.4730143798e-01
1.5320000000e+01   -1.3849034570e-01
1.5340000000e+01   -1.2998991958e-01
1.5360000000e+01   -1.2123614510e-01
1.5380000000e+01   -1.1236953716e-01
1.5400000000e+01   -1.0388541256e-01
1.5420000000e+01   -9.5183939435e-02
1.5440000000e+01   -8.6248755013e-02
1.5460000000e+01   -7.7778469060e-02
1.5480000000e+01   -6.9151762503e-02
1.5500000000e+01   -6.0118576096e-02
1.5520000000e+01   -5.1666539583e-02
1.5540000000e+01   -4.3163131145e-02
1.5560000000e+01   -3.3941892745e-02
1.5580000000e+01   -2.5552449591e-02
1.5600000000e+01   -1.7333280463e-02
1.5620000000e+01   -7.3769344235e-03
1.5640000000e+01   -3.5989921206e-04
1.5660000000e+01   -2.8690393471e-03
1.5680000000e+01   -1.2339699203e-02
1.5700000000e+01   -2.1511069895e-02
1.5720000000e+01   -2.9466083228e-02
1.5740000000e+01   -3.8443192525e-02
1.5760000000e+01   -4.7410436561e-02
1.5780000000e+01   -5.5693149929e-02
1.5800000000e+01   -6.4500106266e-02
1.5820000000e+01   -7.3435091595e-02
1.5840000000e+01   -8.1850825781e-02
1.5860000000e+01   -9.0568481290e-02
1.5880000000e+01   -9.9488681618e-02
1.5900000000e+01   -1.0798793056e-01
1.5920000000e+01   -1.1664770974e-01
1.5940000000e+01   -1.2555408685e-01
1.5960000000e+01   -1.3411776674e-01
1.5980000000e+01   -1.4273697605e-01
1.6000000000e+01   -1.5162666254e-01
1.6020000000e+01   -1.6024530614e-01
1.6040000000e+01   -1.6883614594e-01
1.6060000000e+01   -1.7770523526e-01
1.6080000000e+01   -1.8637282555e-01
1.6100000000e+01   -1.9494542825e-01
1.6120000000e+01   -2.0378998871e-01
1.6140000000e+01   -2.1250158834e-01
1.6160000000e+01   -2.2106517256e-01
1.6180000000e+01   -2.2988178682e-01
1.6200000000e+01   -2.3863248729e-01
1.6220000000e+01   -2.4719577099e-01
1.6240000000e+01   -2.5598190264e-01
1.6260000000e+01   -2.6476634423e-01
1.6280000000e+01   -2.7333761632e-01
1.6300000000e+01   -2.8209188545e-01
1.6320000000e+01   -2.9090407553e-01
1.6340000000e+01   -2.9949109299e-01
1.6360000000e+01   -3.0821348188e-01
1.6380000000e+01   -3.1704679698e-01
1.6400000000e+01   -3.2565659084e-01
1.6420000000e+01   -3.3434858091e-01
1.6440000000e+01   -3.4319589645e-01
1.6460000000e+01   -3.5183453628e-01
1.6480000000e+01   -3.6049917158e-01
1.6500000000e+01   -3.6935308645e-01
1.6520000000e+01   -3.7802543816e-01
1.6540000000e+01   -3.8666731009e-01
1.6560000000e+01   -3.9552044150e-01
1.6580000000e+01   -4.0422994630e-01
1.6600000000e+01   -4.1285509586e-01
1.6620000000e+01   -4.2170042306e-01
1.6640000000e+01   -4.3044892065e-01
1.6660000000e+01   -4.3906465819e-01
1.6680000000e+01   -4.4789589315e-01
1.6700000000e+01   -4.5668350911e-01
1.6720000000e+01   -4.6529815536e-01
1.6740000000e+01   -4.7411011827e-01
1.6760000000e+01   -4.8293523156e-01
1.6780000000e+01   -4.9155778855e-01
1.6800000000e+01   -5.0034676515e-01
1.6820000000e+01   -5.0920606770e-01
1.6840000000e+01   -5.1784583281e-01
1.6860000000e+01   -5.2660989049e-01
1.6880000000e+01   -5.3549854591e-01
1.6900000000e+01   -5.4416468687e-01
1.6920000000e+01   -5.5290392767e-01
1.6940000000e+01   -5.6181583071e-01
1.6960000000e+01   -5.7051694316e-01
1.6980000000e+01   -5.7923367378e-01
1.7000000000e+01   -5.8816180619e-01
1.7020000000e+01   -5.9690547902e-01
1.7040000000e+01   -6.0560428128e-01
1.7060000000e+01   -6.1454115380e-01
1.7080000000e+01   -6.2333356890e-01
1.7100000000e+01   -6.3202125879e-01
1.7120000000e+01   -6.4095942290e-01
1.7140000000e+01   -6.4980501716e-01
1.7160000000e+01   -6.5849048627e-01
1.7180000000e+01   -6.6742309388e-01
1.7200000000e+01   -6.7632431017e-01
1.7220000000e+01   -6.8501824972e-01
1.7240000000e+01   -6.9393963444e-01
1.7260000000e+01   -7.0289678560e-01
1.7280000000e+01   -7.1161130103e-01
1.7300000000e+01   -7.2051755093e-01
1.7320000000e+01   -7.2952881695e-01
1.7340000000e+01   -7.3827694798e-01
1.7360000000e+01   -7.4716643803e-01
1.7380000000e+01   -7.5622801058e-01
1.7400000000e+01   -7.6502317948e-01
1.7420000000e+01   -7.7389703162e-01
1.7440000000e+01   -7.8300341296e-01
1.7460000000e+01   -7.9185883058e-01
1.7480000000e+01   -8.0072127090e-01
1.7500000000e+01   -8.0986572634e-01
1.7520000000e+01   -8.1879379106e-01
1.7540000000e+01   -8.2765237770e-01
1.7560000000e+01   -8.3682753177e-01
1.7580000000e+01   -8.4583926109e-01
1.7600000000e+01   -8.5470496215e-01
1.7620000000e+01   -8.6390351988e-01
1.7640000000e+01   -8.7300805672e-01
1.7660000000e+01   -8.8189516516e-01
1.7680000000e+01   -8.9111073173e-01
1.7700000000e+01   -9.0031496766e-01
1.7720000000e+01   -9.0924084990e-01
1.7740000000e+01   -9.1846881417e-01
1.7760000000e+01   -9.2777716992e-01
1.7780000000e+01   -9.3676185517e-01
1.7800000000e+01   -9.4600029736e-01
1.7820000000e+01   -9.5541469613e-01
1.7840000000e+01   -9.6448032541e-01
1.7860000000e+01   -9.7373090537e-01
1.7880000000e+01   -9.8325096772e-01
1.7900000000e+01   -9.9242113304e-01
1.7920000000e+01   -1.0016899148e+00
1.7940000000e+01   -1.0113133951e+00
1.7960000000e+01   -1.0206124109e+00
1.7980000000e+01   -1.0299105814e+00
1.8000000000e+01   -1.0396340553e+00
1.8020000000e+01   -1.0490862149e+00
1.8040000000e+01   -1.0584306597e+00
1.8060000000e+01   -1.0682504615e+00
1.8080000000e+01   -1.0778793396e+00
1.8100000000e+01   -1.0872930484e+00
1.8120000000e+01   -1.0972064459e+00
1.8140000000e+01   -1.1070343152e+00
1.8160000000e+01   -1.1165466008e+00
1.8180000000e+01   -1.1265531852e+00
1.8200000000e+01   -1.1366006213e+00
1.8220000000e+01   -1.1462471521e+00
1.8240000000e+01   -1.1563504140e+00
1.8260000000e+01   -1.1666361620e+00
1.8280000000e+01   -1.1764588270e+00
1.8300000000e+01   -1.1866678848e+00
1.8320000000e+01   -1.1972090632e+00
1.8340000000e+01   -1.2072557104e+00
1.8360000000e+01   -1.2175871586e+00
1.8380000000e+01   -1.2283998761e+00
1.8400000000e+01   -1.2387239892e+00
1.8420000000e+01   -1.2492038432e+00
1.8440000000e+01   -1.2603043008e+00
1.8460000000e+01   -1.2709647091e+00
1.8480000000e+01   -1.2816304394e+00
1.8500000000e+01   -1.2930365957e+00
1.8520000000e+01   -1.3040973440e+00
1.8540000000e+01   -1.3150000205e+00
1.8560000000e+01   -1.3267339074e+00
1.8580000000e+01   -1.3382644531e+00
1.8600000000e+01   -1.3494710677e+00
1.8620000000e+01   -1.3615618644e+00
1.8640000000e+01   -1.3736378206e+00
1.8660000000e+01   -1.3852339234e+00
1.8680000000e+01   -1.3977219450e+00
1.8700000000e+01   -1.4104266598e+00
1.8720000000e+01   -1.4225195468e+00
1.8740000000e+01   -1.4354613863e+00
1.8760000000e+01   -1.4488887580e+00
1.8780000000e+01   -1.4616116110e+00
1.8800000000e+01   -1.4750868225e+00
1.8820000000e+01   -1.4893459209e+00
1.8840000000e+01   -1.5028635541e+00
1.8860000000e+01   -1.5169835287e+00
1.8880000000e+01   -1.5322058926e+00
1.8900000000e+01   -1.5467231877e+00
1.8920000000e+01   -1.5616433452e+00
1.8940000000e+01   -1.5779943487e+00
1.8960000000e+01   -1.5937692058e+00
1.8980000000e+01   -1.6097064930e+00
1.9000000000e+01   -1.6274031573e+00
1.9020000000e+01   -1.6447671768e+00
1.9040000000e+01   -1.6620265250e+00
1.9060000000e+01   -1.6813660852e+00
1.9080000000e+01   -1.7007589229e+00
1.9100000000e+01   -1.7197756990e+00
1.9120000000e+01   -1.7411832648e+00
1.9140000000e+01   -1.7632123923e+00
1.9160000000e+01   -1.7846252478e+00
1.9180000000e+01   -1.8087379754e+00
1.9200000000e+01   -1.8342889343e+00
1.9220000000e+01   -1.8590750527e+00
1.9240000000e+01   -1.8869027138e+00
1.9260000000e+01   -1.9173592524e+00
1.9280000000e+01   -1.9471111472e+00
1.9300000000e+01   -1.9803760555e+00
1.9320000000e+01   -2.0181107999e+00
1.9340000000e+01   -2.0556813581e+00
1.9360000000e+01   -2.0976508079e+00
1.9380000000e+01   -2.1473101198e+00
1.9400000000e+01   -2.1986287445e+00
1.9420000000e+01   -2.2566559684e+00
1.9440000000e+01   -2.3295142177e+00
1.9460000000e+01   -2.4105883762e+00
1.9480000000e+01   -2.5075568102e+00
1.9500000000e+01   -2.6459003007e+00
1.9520000000e+01   -2.8370490268e+00
1.9540000000e+01   -3.1630367616e+00
1.9560000000e+01   -3.8138584245e+00
1.9580000000e+01   -3.0139120835e+00
1.9600000000e+01   -2.7611990689e+00
1.9620000000e+01   -2.5905904999e+00
1.9640000000e+01   -2.4692256465e+00
1.9660000000e+01   -2.3808072524e+00
1.9680000000e+01   -2.3019559756e+00
1.9700000000e+01   -2.2342418029e+00
1.9720000000e+01   -2.1801033787e+00
1.9740000000e+01   -2.1290094576e+00
1.9760000000e+01   -2.0815917445e+00
1.9780000000e+01   -2.0421655421e+00
1.9800000000e+01   -2.0044452830e+00
1.9820000000e+01   -1.9677330430e+00
1.9840000000e+01   -1.9363805715e+00
1.9860000000e+01   -1.9064718611e+00
1.9880000000e+01   -1.8763974155e+00
1.9900000000e+01   -1.8500858505e+00
1.9920000000e+01   -1.8252427025e+00
1.9940000000e+01   -1.7997037026e+00
1.9960000000e+01   -1.7768069401e+00
1.9980000000e+01   -1.7554641132e+00
2.0000000000e+01   -1.7332301142e+00
2.0020000000e+01   -1.7127856802e+00
2.0040000000e+01   -1.6939623583e+00
2.0060000000e+01   -1.6742465743e+00
2.0080000000e+01   -1.6556460815e+00
2.0100000000e+01   -1.6386860468e+00
2.0120000000e+01   -1.6209496742e+00
2.0140000000e+01   -1.6037903379e+00
2.0160000000e+01   -1.5882340409e+00
2.0180000000e+01   -1.5720868515e+00
2.0200000000e+01   -1.5560924912e+00
2.0220000000e+01   -1.5416080580e+00
2.0240000000e+01   -1.5267539481e+00
2.0260000000e+01   -1.5117294627e+00
2.0280000000e+01   -1.4980726661e+00
2.0300000000e+01   -1.4842781891e+00
2.0320000000e+01   -1.4700816267e+00
2.0340000000e+01   -1.4570711436e+00
2.0360000000e+01   -1.4441466330e+00
2.0380000000e+01   -1.4306712141e+00
2.0400000000e+01   -1.4181724083e+00
2.0420000000e+01   -1.4059603669e+00
2.0440000000e+01   -1.3931225151e+00
2.0460000000e+01   -1.3810361935e+00
2.0480000000e+01   -1.3694040281e+00
2.0500000000e+01   -1.3571352481e+00
2.0520000000e+01   -1.3453894370e+00
2.0540000000e+01   -1.3342248444e+00
2.0560000000e+01   -1.3224661956e+00
2.0580000000e+01   -1.3110098291e+00
2.0600000000e+01   -1.3002178018e+00
2.0620000000e+01   -1.2889162038e+00
2.0640000000e+01   -1.2777140853e+00
2.0660000000e+01   -1.2672148851e+00
2.0680000000e+01   -1.2563207574e+00
2.0700000000e+01   -1.2453494251e+00
2.0720000000e+01   -1.2350771039e+00
2.0740000000e+01   -1.2245429950e+00
2.0760000000e+01   -1.2137872788e+00
2.0780000000e+01   -1.2036884737e+00
2.0800000000e+01   -1.1934684256e+00
2.0820000000e+01   -1.1829185757e+00
2.0840000000e+01   -1.1729514038e+00
2.0860000000e+01   -1.1630008500e+00
2.0880000000e+01   -1.1526501705e+00
2.0900000000e+01   -1.1427831192e+00
2.0920000000e+01   -1.1330591539e+00
2.0940000000e+01   -1.1229021020e+00
2.0960000000e+01   -1.1131128612e+00
2.0980000000e+01   -1.1035747402e+00
2.1000000000e+01   -1.0936054643e+00
2.1020000000e+01   -1.0838796825e+00
2.1040000000e+01   -1.0744894406e+00
2.1060000000e+01   -1.0647007320e+00
2.1080000000e+01   -1.0550307050e+00
2.1100000000e+01   -1.0457537932e+00
2.1120000000e+01   -1.0361364223e+00
2.1140000000e+01   -1.0265197420e+00
2.1160000000e+01   -1.0173256063e+00
2.1180000000e+01   -1.0078680084e+00
2.1200000000e+01   -9.9830620942e-01
2.1220000000e+01   -9.8916875132e-01
2.1240000000e+01   -9.7985701899e-01
2.1260000000e+01   -9.7035426680e-01
2.1280000000e+01   -9.6125214557e-01
2.1300000000e+01   -9.5207027696e-01
2.1320000000e+01   -9.4263214213e-01
2.1340000000e+01   -9.3354889267e-01
2.1360000000e+01   -9.2447924139e-01
2.1380000000e+01   -9.1511160071e-01
2.1400000000e+01   -9.0603556024e-01
2.1420000000e+01   -8.9705942824e-01
2.1440000000e+01   -8.8776752732e-01
2.1460000000e+01   -8.7869157628e-01
2.1480000000e+01   -8.6978989177e-01
2.1500000000e+01   -8.6057759489e-01
2.1520000000e+01   -8.5149873046e-01
2.1540000000e+01   -8.4265275493e-01
2.1560000000e+01   -8.3352199772e-01
2.1580000000e+01   -8.2444076768e-01
2.1600000000e+01   -8.1563278122e-01
2.1620000000e+01   -8.0658323121e-01
2.1640000000e+01   -7.9750306296e-01
2.1660000000e+01   -7.8871698389e-01
2.1680000000e+01   -7.7974590337e-01
2.1700000000e+01   -7.7067236690e-01
2.1720000000e+01   -7.6189427045e-01
2.1740000000e+01   -7.5299656653e-01
2.1760000000e+01   -7.4393661171e-01
2.1780000000e+01   -7.3515512192e-01
2.1800000000e+01   -7.2632356061e-01
2.1820000000e+01   -7.1728476808e-01
2.1840000000e+01   -7.0849130699e-01
2.1860000000e+01   -6.9971686160e-01
2.1880000000e+01   -6.9070674318e-01
2.1900000000e+01   -6.8189563152e-01
2.1920000000e+01   -6.7316793151e-01
2.1940000000e+01   -6.6419331103e-01
2.1960000000e+01   -6.5536172337e-01
2.1980000000e+01   -6.4666956775e-01
2.2000000000e+01   -6.3773606667e-01
2.2020000000e+01   -6.2888385241e-01
2.2040000000e+01   -6.2021575159e-01
2.2060000000e+01   -6.1132739645e-01
2.2080000000e+01   -6.0245678465e-01
2.2100000000e+01   -5.9380149662e-01
2.2120000000e+01   -5.8496045764e-01
2.2140000000e+01   -5.7607566868e-01
2.2160000000e+01   -5.6742269921e-01
2.2180000000e+01   -5.5862916168e-01
2.2200000000e+01   -5.4973595219e-01
2.2220000000e+01   -5.4107599321e-01
2.2240000000e+01   -5.3232815621e-01
2.2260000000e+01   -5.2343332523e-01
2.2280000000e+01   -5.1475861181e-01
2.2300000000e+01   -5.0605280247e-01
2.2320000000e+01   -4.9716368675e-01
2.2340000000e+01   -4.8846825918e-01
2.2360000000e+01   -4.7979914567e-01
2.2380000000e+01   -4.7092313032e-01
2.2400000000e+01   -4.6220299447e-01
2.2420000000e+01   -4.5356387687e-01
2.2440000000e+01   -4.4470794482e-01
2.2460000000e+01   -4.3596113020e-01
2.2480000000e+01   -4.2734428631e-01
2.2500000000e+01   -4.1851462580e-01
2.2520000000e+01   -4.0974114665e-01
2.2540000000e+01   -4.0113820830e-01
2.2560000000e+01   -3.9233989339e-01
2.2580000000e+01   -3.8354162327e-01
2.2600000000e+01   -3.7494395931e-01
2.2620000000e+01   -3.6618071282e-01
2.2640000000e+01   -3.5736118755e-01
2.2660000000e+01   -3.4876027056e-01
2.2680000000e+01   -3.4003431410e-01
2.2700000000e+01   -3.3119848135e-01
2.2720000000e+01   -3.2258621719e-01
2.2740000000e+01   -3.1389820748e-01
2.2760000000e+01   -3.0505214428e-01
2.2780000000e+01   -2.9642114593e-01
2.2800000000e+01   -2.8777019218e-01
2.2820000000e+01   -2.7892081412e-01
2.2840000000e+01   -2.7026460281e-01
2.2860000000e+01   -2.6164835558e-01
2.2880000000e+01   -2.5280314450e-01
2.2900000000e+01   -2.4411626182e-01
2.2920000000e+01   -2.3553105990e-01
2.2940000000e+01   -2.2669784235e-01
2.2960000000e+01   -2.1797585366e-01
2.2980000000e+01   -2.0941691246e-01
2.3000000000e+01   -2.0060373203e-01
2.3020000000e+01   -1.9184309046e-01
2.3040000000e+01   -1.8330471157e-01
2.3060000000e+01   -1.7451986384e-01
2.3080000000e+01   -1.6571757417e-01
2.3100000000e+01   -1.5719335179e-01
2.3120000000e+01   -1.4844571232e-01
2.3140000000e+01   -1.3959865488e-01
2.3160000000e+01   -1.3108164842e-01
2.3180000000e+01   -1.2238158813e-01
2.3200000000e+01   -1.1348513742e-01
2.3220000000e+01   -1.0496797448e-01
2.3240000000e+01   -9.6329645652e-02
2.3260000000e+01   -8.7374477044e-02
2.3280000000e+01   -7.8849389814e-02
2.3300000000e+01   -7.0296917010e-02
2.3320000000e+01   -6.1259823463e-02
2.3340000000e+01   -5.2719187921e-02
2.3360000000e+01   -4.4307591981e-02
2.3380000000e+01   -3.5113518381e-02
2.3400000000e+01   -2.6560501355e-02
2.3420000000e+01   -1.8486091338e-02
2.3440000000e+01   -8.6636937547e-03
2.3460000000e+01   -8.0252084506e-04
2.3480000000e+01   -2.0006943632e-03
2.3500000000e+01   -1.1024892346e-02
2.3520000000e+01   -2.0458469614e-02
2.3540000000e+01   -2.8407769975e-02
2.3560000000e+01   -3.7247160972e-02
2.3580000000e+01   -4.6316188052e-02
2.3600000000e+01   -5.4620890729e-02
2.3620000000e+01   -6.3334781697e-02
2.3640000000e+01   -7.2323470035e-02
2.3660000000e+01   -8.0773272223e-02
2.3680000000e+01   -8.9419186179e-02
2.3700000000e+01   -9.8366776704e-02
2.3720000000e+01   -1.0690652832e-01
2.3740000000e+01   -1.1550951857e-01
2.3760000000e+01   -1.2442521797e-01
2.3780000000e+01   -1.3303254453e-01
2.3800000000e+01   -1.4160760977e-01
2.3820000000e+01   -1.5049292466e-01
2.3840000000e+01   -1.5915587644e-01
2.3860000000e+01   -1.6771424392e-01
2.3880000000e+01   -1.7656824232e-01
2.3900000000e+01   -1.8527868863e-01
2.3920000000e+01   -1.9382995551e-01
2.3940000000e+01   -2.0265113774e-01
2.3960000000e+01   -2.1140226616e-01
2.3980000000e+01   -2.1995517399e-01
2.4000000000e+01   -2.2874235404e-01
2.4020000000e+01   -2.3752760012e-01
2.4040000000e+01   -2.4609026096e-01
2.4060000000e+01   -2.5484306835e-01
2.4080000000e+01   -2.6365566149e-01
2.4100000000e+01   -2.7223553247e-01
2.4120000000e+01   -2.8095472492e-01
2.4140000000e+01   -2.8978755056e-01
2.4160000000e+01   -2.9839128606e-01
2.4180000000e+01   -3.0707893911e-01
2.4200000000e+01   -3.1592458864e-01
2.4220000000e+01   -3.2455783756e-01
2.4240000000e+01   -3.3321743441e-01
2.4260000000e+01   -3.4206837809e-01
2.4280000000e+01   -3.5073556833e-01
2.4300000000e+01   -3.5937199839e-01
2.4320000000e+01   -3.6822084203e-01
2.4340000000e+01   -3.7692498257e-01
2.4360000000e+01   -3.8554445229e-01
2.4380000000e+01   -3.9438424868e-01
2.4400000000e+01   -4.0312677336e-01
2.4420000000e+01   -4.1173663338e-01
2.4440000000e+01   -4.2056122346e-01
2.4460000000e+01   -4.2934189594e-01
2.4480000000e+01   -4.3795039073e-01
2.4500000000e+01   -4.4675475050e-01
2.4520000000e+01   -4.5557164590e-01
2.4540000000e+01   -4.6418759591e-01
2.4560000000e+01   -4.7296816579e-01
2.4580000000e+01   -4.8181774021e-01
2.4600000000e+01   -4.9045017010e-01
2.4620000000e+01   -4.9920514422e-01
2.4640000000e+01   -5.0808239828e-01
2.4660000000e+01   -5.1674012933e-01
2.4680000000e+01   -5.2546968333e-01
2.4700000000e+01   -5.3436842087e-01
2.4720000000e+01   -5.4305964863e-01
2.4740000000e+01   -5.5176608709e-01
2.4760000000e+01   -5.6067926437e-01
2.4780000000e+01   -5.6941114579e-01
2.4800000000e+01   -5.7809895385e-01
2.4820000000e+01   -5.8701910869e-01
2.4840000000e+01   -5.9579738447e-01
2.4860000000e+01   -6.0447317261e-01
2.4880000000e+01   -6.1339291756e-01
2.4900000000e+01   -6.2222159598e-01
2.4920000000e+01   -6.3089393260e-01
2.4940000000e+01   -6.3980649069e-01
2.4960000000e+01   -6.4868761816e-01
2.4980000000e+01   -6.5736675080e-01
2.5000000000e+01   -6.6626650854e-01
2.5020000000e+01   -6.7520004939e-01
2.5040000000e+01   -6.8389752262e-01
2.5060000000e+01   -6.9278057129e-01
2.5080000000e+01   -7.0176441531e-01
2.5100000000e+01   -7.1049260027e-01
2.5120000000e+01   -7.1935723512e-01
2.5140000000e+01   -7.2838734565e-01
2.5160000000e+01   -7.3715890319e-01
2.5180000000e+01   -7.4600605005e-01
2.5200000000e+01   -7.5507675856e-01
2.5220000000e+01   -7.6390406461e-01
2.5240000000e+01   -7.7273760518e-01
2.5260000000e+01   -7.8184205040e-01
2.5280000000e+01   -7.9073661729e-01
2.5300000000e+01   -7.9956358813e-01
2.5320000000e+01   -8.0869428963e-01
2.5340000000e+01   -8.1766622111e-01
2.5360000000e+01   -8.2649686726e-01
2.5380000000e+01   -8.3564641469e-01
2.5400000000e+01   -8.4470393457e-01
2.5420000000e+01   -8.5355160582e-01
2.5440000000e+01   -8.6271343730e-01
2.5460000000e+01   -8.7186253153e-01
2.5480000000e+01   -8.8074341883e-01
2.5500000000e+01   -8.8991265494e-01
2.5520000000e+01   -8.9915686453e-01
2.5540000000e+01   -9.0808958392e-01
2.5560000000e+01   -9.1726387837e-01
2.5580000000e+01   -9.2660427623e-01
2.5600000000e+01   -9.3560931869e-01
2.5620000000e+01   -9.4478968346e-01
2.5640000000e+01   -9.5422506097e-01
2.5660000000e+01   -9.6332413770e-01
2.5680000000e+01   -9.7251569970e-01
2.5700000000e+01   -9.8204298035e-01
2.5720000000e+01   -9.9125830364e-01
2.5740000000e+01   -1.0004709519e+00
2.5760000000e+01   -1.0100858390e+00
2.5780000000e+01   -1.0194393884e+00
2.5800000000e+01   -1.0286882757e+00
2.5820000000e+01   -1.0383861305e+00
2.5840000000e+01   -1.0478989619e+00
2.5860000000e+01   -1.0572048338e+00
2.5880000000e+01   -1.0669817685e+00
2.5900000000e+01   -1.0766734301e+00
2.5920000000e+01   -1.0860627642e+00
2.5940000000e+01   -1.0959169258e+00
2.5960000000e+01   -1.1058050471e+00
2.5980000000e+01   -1.1153100012e+00
2.6000000000e+01   -1.1252430130e+00
2.6020000000e+01   -1.1353431353e+00
2.6040000000e+01   -1.1450013196e+00
2.6060000000e+01   -1.1550198415e+00
2.6080000000e+01   -1.1653455559e+00
2.6100000000e+01   -1.1751996626e+00
2.6120000000e+01   -1.1853170335e+00
2.6140000000e+01   -1.1958804894e+00
2.6160000000e+01   -1.2059778370e+00
2.6180000000e+01   -1.2162157631e+00
2.6200000000e+01   -1.2270286063e+00
2.6220000000e+01   -1.2374206768e+00
2.6240000000e+01   -1.2478109452e+00
2.6260000000e+01   -1.2588857428e+00
2.6280000000e+01   -1.2696278182e+00
2.6300000000e+01   -1.2802140334e+00
2.6320000000e+01   -1.2915662441e+00
2.6340000000e+01   -1.3027172763e+00
2.6360000000e+01   -1.3135566510e+00
2.6380000000e+01   -1.3252072076e+00
2.6400000000e+01   -1.3368300927e+00
2.6420000000e+01   -1.3479953701e+00
2.6440000000e+01   -1.3599739674e+00
2.6460000000e+01   -1.3721364394e+00
2.6480000000e+01   -1.3837180970e+00
2.6500000000e+01   -1.3960673233e+00
2.6520000000e+01   -1.4088437504e+00
2.6540000000e+01   -1.4209527345e+00
2.6560000000e+01   -1.4337332720e+00
2.6580000000e+01   -1.4472077358e+00
2.6600000000e+01   -1.4599791368e+00
2.6620000000e+01   -1.4732764097e+00
2.6640000000e+01   -1.4875476147e+00
2.6660000000e+01   -1.5011459388e+00
2.6680000000e+01   -1.5150788511e+00
2.6700000000e+01   -1.5302676937e+00
2.6720000000e+01   -1.5448947984e+00
2.6740000000e+01   -1.5596276780e+00
2.6760000000e+01   -1.5758888129e+00
2.6780000000e+01   -1.5917962924e+00
2.6800000000e+01   -1.6075560161e+00
2.6820000000e+01   -1.6250957100e+00
2.6840000000e+01   -1.6426048445e+00
2.6860000000e+01   -1.6597067648e+00
2.6880000000e+01   -1.6788111937e+00
2.6900000000e+01   -1.6983461928e+00
2.6920000000e+01   -1.7172358103e+00
2.6940000000e+01   -1.7383178524e+00
2.6960000000e+01   -1.7604636490e+00
2.6980000000e+01   -1.7817881937e+00
2.7000000000e+01   -1.8054694978e+00
2.7020000000e+01   -1.8310780622e+00
2.7040000000e+01   -1.8558192994e+00
2.7060000000e+01   -1.8830859295e+00
2.7080000000e+01   -1.9134875565e+00
2.7100000000e+01   -1.9432328333e+00
2.7120000000e+01   -1.9757628243e+00
2.7140000000e+01   -2.0132340778e+00
2.7160000000e+01   -2.0508045209e+00
2.7180000000e+01   -2.0917640680e+00
2.7200000000e+01   -2.1407420100e+00
2.7220000000e+01   -2.1919445667e+00
2.7240000000e+01   -2.2483906653e+00
2.7260000000e+01   -2.3195268361e+00
2.7280000000e+01   -2.3997901619e+00
2.7300000000e+01   -2.4932523064e+00
2.7320000000e+01   -2.6253758947e+00
2.7340000000e+01   -2.8086824147e+00
2.7360000000e+01   -3.1028740948e+00
2.7380000000e+01   -4.3593230759e+00
2.7400000000e+01   -3.0609250384e+00
2.7420000000e+01   -2.7871587104e+00
2.7440000000e+01   -2.6096413740e+00
2.7460000000e+01   -2.4823624428e+00
2.7480000000e+01   -2.3913288904e+00
2.7500000000e+01   -2.3116806972e+00
2.7520000000e+01   -2.2420170241e+00
2.7540000000e+01   -2.1866816190e+00
2.7560000000e+01   -2.1355317090e+00
2.7580000000e+01   -2.0871953014e+00
2.7600000000e+01   -2.0469650187e+00
2.7620000000e+01   -2.0093441760e+00
2.7640000000e+01   -1.9721646243e+00
2.7660000000e+01   -1.9401844919e+00
2.7680000000e+01   -1.9103892838e+00
2.7700000000e+01   -1.8800953217e+00
2.7720000000e+01   -1.8532653631e+00
2.7740000000e+01   -1.8285045239e+00
2.7760000000e+01   -1.8028971830e+00
2.7780000000e+01   -1.7795664948e+00
2.7800000000e+01   -1.7582600524e+00
2.7820000000e+01   -1.7360531348e+00
2.7840000000e+01   -1.7152489811e+00
2.7860000000e+01   -1.6964138303e+00
2.7880000000e+01   -1.6767838187e+00
2.7900000000e+01   -1.6578926768e+00
2.7920000000e+01   -1.6408763232e+00
2.7940000000e+01   -1.6232580954e+00
2.7960000000e+01   -1.6058734309e+00
2.7980000000e+01   -1.5902232522e+00
2.8000000000e+01   -1.5742068715e+00
2.8020000000e+01   -1.5580485318e+00
2.8040000000e+01   -1.5434412883e+00
2.8060000000e+01   -1.5287157302e+00
2.8080000000e+01   -1.5135837523e+00
2.8100000000e+01   -1.4997846029e+00
2.8120000000e+01   -1.4861053394e+00
2.8140000000e+01   -1.4718518259e+00
2.8160000000e+01   -1.4586888916e+00
2.8180000000e+01   -1.4458584594e+00
2.8200000000e+01   -1.4323696715e+00
2.8220000000e+01   -1.4197172769e+00
2.8240000000e+01   -1.4075732777e+00
2.8260000000e+01   -1.3947578899e+00
2.8280000000e+01   -1.3825248919e+00
2.8300000000e+01   -1.3709323946e+00
2.8320000000e+01   -1.3587136836e+00
2.8340000000e+01   -1.3468349205e+00
2.8360000000e+01   -1.3356815166e+00
2.8380000000e+01   -1.3239921881e+00
2.8400000000e+01   -1.3124219389e+00
2.8420000000e+01   -1.3016143994e+00
2.8440000000e+01   -1.2903932518e+00
2.8460000000e+01   -1.2791000647e+00
2.8480000000e+01   -1.2685619414e+00
2.8500000000e+01   -1.2577518427e+00
2.8520000000e+01   -1.2467143609e+00
2.8540000000e+01   -1.2363841186e+00
2.8560000000e+01   -1.2259309292e+00
2.8580000000e+01   -1.2151344962e+00
2.8600000000e+01   -1.2049639142e+00
2.8620000000e+01   -1.1948160851e+00
2.8640000000e+01   -1.1842499999e+00
2.8660000000e+01   -1.1742026826e+00
2.8680000000e+01   -1.1643113181e+00
2.8700000000e+01   -1.1539666619e+00
2.8720000000e+01   -1.1440165704e+00
2.8740000000e+01   -1.1343357850e+00
2.8760000000e+01   -1.1242037642e+00
2.8780000000e+01   -1.1143337281e+00
2.8800000000e+01   -1.1048211610e+00
2.8820000000e+01   -1.0948919235e+00
2.8840000000e+01   -1.0850921279e+00
2.8860000000e+01   -1.0757095015e+00
2.8880000000e+01   -1.0659713834e+00
2.8900000000e+01   -1.0562378477e+00
2.8920000000e+01   -1.0469514840e+00
2.8940000000e+01   -1.0373906397e+00
2.8960000000e+01   -1.0277237224e+00
2.8980000000e+01   -1.0185049478e+00
2.9000000000e+01   -1.0091053138e+00
2.9020000000e+01   -9.9950828182e-01
2.9040000000e+01   -9.9033367659e-01
2.9060000000e+01   -9.8107721066e-01
2.9080000000e+01   -9.7155491552e-01
2.9100000000e+01   -9.6240637934e-01
2.9120000000e+01   -9.5327351422e-01
2.9140000000e+01   -9.4383121559e-01
2.9160000000e+01   -9.3469584023e-01
2.9180000000e+01   -9.2566608910e-01
2.9200000000e+01   -9.1630845727e-01
2.9220000000e+01   -9.0717821203e-01
2.9240000000e+01   -8.9823086294e-01
2.9260000000e+01   -8.8896118577e-01
2.9280000000e+01   -8.7983243442e-01
2.9300000000e+01   -8.7094727434e-01
2.9320000000e+01   -8.6176688242e-01
2.9340000000e+01   -8.5263976060e-01
2.9360000000e+01   -8.4379777540e-01
2.9380000000e+01   -8.3470568886e-01
2.9400000000e+01   -8.2558337808e-01
2.9420000000e+01   -8.1676738230e-01
2.9440000000e+01   -8.0776017180e-01
2.9460000000e+01   -7.9864811044e-01
2.9480000000e+01   -7.8984327029e-01
2.9500000000e+01   -7.8091511478e-01
2.9520000000e+01   -7.7182018818e-01
2.9540000000e+01   -7.6301441092e-01
2.9560000000e+01   -7.5415732683e-01
2.9580000000e+01   -7.4508707692e-01
2.9600000000e+01   -7.3627125086e-01
2.9620000000e+01   -7.2747546054e-01
2.9640000000e+01   -7.1843735225e-01
2.9660000000e+01   -7.0960543166e-01
2.9680000000e+01   -7.0085983502e-01
2.9700000000e+01   -6.9186061100e-01
2.9720000000e+01   -6.8300954996e-01
2.9740000000e+01   -6.7430226097e-01
2.9760000000e+01   -6.6534740955e-01
2.9780000000e+01   -6.5647695715e-01
2.9800000000e+01   -6.4779586734e-01
2.9820000000e+01   -6.3888922062e-01
2.9840000000e+01   -6.3000159697e-01
2.9860000000e+01   -6.2133493022e-01
2.9880000000e+01   -6.1247840120e-01
2.9900000000e+01   -6.0357787882e-01
2.9920000000e+01   -5.9491470555e-01
2.9940000000e+01   -5.8610816527e-01
2.9960000000e+01   -5.7720058376e-01
2.9980000000e+01   -5.6853126814e-01
3.0000000000e+01   -5.5977255624e-01
3.0020000000e+01   -5.5086479975e-01
3.0040000000e+01   -5.4218135965e-01
3.0060000000e+01   -5.3346641533e-01
3.0080000000e+01   -5.2456588197e-01
3.0100000000e+01   -5.1586224811e-01
3.0120000000e+01   -5.0718534326e-01
3.0140000000e+01   -4.9829943384e-01
3.0160000000e+01   -4.8957160149e-01
3.0180000000e+01   -4.8092565397e-01
3.0200000000e+01   -4.7206130409e-01
3.0220000000e+01   -4.6330737737e-01
3.0240000000e+01   -4.5468431987e-01
3.0260000000e+01   -4.4584759531e-01
3.0280000000e+01   -4.3706773001e-01
3.0300000000e+01   -4.2845890938e-01
3.0320000000e+01   -4.1965467954e-01
3.0340000000e+01   -4.1085093579e-01
3.0360000000e+01   -4.0224751785e-01
3.0380000000e+01   -3.9347921677e-01
3.0400000000e+01   -3.8465533712e-01
3.0420000000e+01   -3.7604869398e-01
3.0440000000e+01   -3.6731817261e-01
3.0460000000e+01   -3.5847930442e-01
3.0480000000e+01   -3.4986136367e-01
3.0500000000e+01   -3.4116883197e-01
3.0520000000e+01   -3.3232121548e-01
3.0540000000e+01   -3.2368475379e-01
3.0560000000e+01   -3.1502880598e-01
3.0580000000e+01   -3.0617945096e-01
3.0600000000e+01   -2.9751831807e-01
3.0620000000e+01   -2.8889602966e-01
3.0640000000e+01   -2.8005240521e-01
3.0660000000e+01   -2.7136166695e-01
3.0680000000e+01   -2.6276874821e-01
3.0700000000e+01   -2.5393851224e-01
3.0720000000e+01   -2.4521450295e-01
3.0740000000e+01   -2.3664548861e-01
3.0760000000e+01   -2.2783628849e-01
3.0780000000e+01   -2.1907656178e-01
3.0800000000e+01   -2.1052501210e-01
3.0820000000e+01   -2.0174439835e-01
3.0840000000e+01   -1.9294755765e-01
3.0860000000e+01   -1.8440623712e-01
3.0880000000e+01   -1.7566175893e-01
3.0900000000e+01   -1.6682712696e-01
3.0920000000e+01   -1.5828811032e-01
3.0940000000e+01   -1.4958772613e-01
3.0960000000e+01   -1.4071475273e-01
3.0980000000e+01   -1.3216936854e-01
3.1000000000e+01   -1.2352247824e-01
3.1020000000e+01   -1.1460961356e-01
3.1040000000e+01   -1.0604803363e-01
3.1060000000e+01   -9.7467958247e-02
3.1080000000e+01   -8.8510146392e-02
3.1100000000e+01   -7.9920133780e-02
3.1120000000e+01   -7.1430739386e-02
3.1140000000e+01   -6.2412291734e-02
3.1160000000e+01   -5.3775675926e-02
3.1180000000e+01   -4.5433810397e-02
3.1200000000e+01   -3.6298685148e-02
3.1220000000e+01   -2.7582177274e-02
3.1240000000e+01   -1.9599281834e-02
3.1260000000e+01   -9.9755410706e-03
3.1280000000e+01   -1.4092982297e-03
3.1300000000e+01   -1.2721792307e-03
3.1320000000e+01   -9.7056055709e-03
3.1340000000e+01   -1.9374296386e-02
3.1360000000e+01   -2.7371474662e-02
3.1380000000e+01   -3.6055022897e-02
3.1400000000e+01   -4.5204581318e-02
3.1420000000e+01   -5.3558728612e-02
3.1440000000e+01   -6.2175394096e-02
3.1460000000e+01   -7.1199430747e-02
3.1480000000e+01   -7.9700637568e-02
3.1500000000e+01   -8.8276734672e-02
3.1520000000e+01   -9.7235427699e-02
3.1540000000e+01   -1.0582684987e-01
3.1560000000e+01   -1.1437854422e-01
3.1580000000e+01   -1.2328919779e-01
3.1600000000e+01   -1.3194676451e-01
3.1620000000e+01   -1.4048546089e-01
3.1640000000e+01   -1.4935403250e-01
3.1660000000e+01   -1.5806416787e-01
3.1680000000e+01   -1.6659925071e-01
3.1700000000e+01   -1.7542793086e-01
3.1720000000e+01   -1.8418097640e-01
3.1740000000e+01   -1.9272081126e-01
3.1760000000e+01   -2.0151068242e-01
3.1780000000e+01   -2.1029844183e-01
3.1800000000e+01   -2.1885068498e-01
3.1820000000e+01   -2.2760290613e-01
3.1840000000e+01   -2.3641763072e-01
3.1860000000e+01   -2.4498923968e-01
3.1880000000e+01   -2.5370565866e-01
3.1900000000e+01   -2.6253965120e-01
3.1920000000e+01   -2.7113675793e-01
3.1940000000e+01   -2.7982024463e-01
3.1960000000e+01   -2.8866577576e-01
3.1980000000e+01   -2.9729350082e-01
3.2000000000e+01   -3.0594811051e-01
3.2020000000e+01   -3.1479751385e-01
3.2040000000e+01   -3.2345976700e-01
3.2060000000e+01   -3.3209077886e-01
3.2080000000e+01   -3.4093665603e-01
3.2100000000e+01   -3.4963595442e-01
3.2120000000e+01   -3.5824980633e-01
3.2140000000e+01   -3.6708529926e-01
3.2160000000e+01   -3.7582262653e-01
3.2180000000e+01   -3.8442675920e-01
3.2200000000e+01   -3.9324585793e-01
3.2220000000e+01   -4.0202058318e-01
3.2240000000e+01   -4.1062320456e-01
3.2260000000e+01   -4.1942106380e-01
3.2280000000e+01   -4.2823093460e-01
3.2300000000e+01   -4.3684071709e-01
3.2320000000e+01   -4.4561395708e-01
3.2340000000e+01   -4.5445517679e-01
3.2360000000e+01   -4.6308090249e-01
3.2380000000e+01   -4.7182787136e-01
3.2400000000e+01   -4.8069526608e-01
3.2420000000e+01   -4.8934543816e-01
3.2440000000e+01   -4.9806641498e-01
3.2460000000e+01   -5.0695369057e-01
3.2480000000e+01   -5.1563613205e-01
3.2500000000e+01   -5.2433345239e-01
3.2520000000e+01   -5.3323353636e-01
3.2540000000e+01   -5.4195499964e-01
3.2560000000e+01   -5.5063308911e-01
3.2580000000e+01   -5.5953854697e-01
3.2600000000e+01   -5.6830435896e-01
3.2620000000e+01   -5.7696966450e-01
3.2640000000e+01   -5.8587317453e-01
3.2660000000e+01   -5.9468694237e-01
3.2680000000e+01   -6.0334775672e-01
3.2700000000e+01   -6.1224262261e-01
3.2720000000e+01   -6.2110602381e-01
3.2740000000e+01   -6.2977220454e-01
3.2760000000e+01   -6.3865288112e-01
3.2780000000e+01   -6.4756555911e-01
3.2800000000e+01   -6.5624815028e-01
3.2820000000e+01   -6.6511075479e-01
3.2840000000e+01   -6.7407033708e-01
3.2860000000e+01   -6.8278110847e-01
3.2880000000e+01   -6.9162388823e-01
3.2900000000e+01   -7.0062613848e-01
3.2920000000e+01   -7.0937706380e-01
3.2940000000e+01   -7.1820079138e-01
3.2960000000e+01   -7.2723990038e-01
3.2980000000e+01   -7.3604260193e-01
3.3000000000e+01   -7.4485087061e-01
3.3020000000e+01   -7.5391988356e-01
3.3040000000e+01   -7.6278507577e-01
3.3060000000e+01   -7.7158447204e-01
3.3080000000e+01   -7.8067584127e-01
3.3100000000e+01   -7.8961280916e-01
3.3120000000e+01   -7.9841294436e-01
3.3140000000e+01   -8.0751918914e-01
3.3160000000e+01   -8.1653533931e-01
3.3180000000e+01   -8.2534872988e-01
3.3200000000e+01   -8.3446317690e-01
3.3220000000e+01   -8.4356369872e-01
3.3240000000e+01   -8.5240549302e-01
3.3260000000e+01   -8.6152306491e-01
3.3280000000e+01   -8.7071073684e-01
3.3300000000e+01   -8.7959829633e-01
3.3320000000e+01   -8.8871631047e-01
3.3340000000e+01   -8.9799148184e-01
3.3360000000e+01   -9.0694383477e-01
3.3380000000e+01   -9.1606277152e-01
3.3400000000e+01   -9.2542354337e-01
3.3420000000e+01   -9.3446073935e-01
3.3440000000e+01   -9.4358493828e-01
3.3460000000e+01   -9.5302755808e-01
3.3480000000e+01   -9.6216996209e-01
3.3500000000e+01   -9.7130820655e-01
3.3520000000e+01   -9.8082768176e-01
3.3540000000e+01   -9.9009525491e-01
3.3560000000e+01   -9.9926121038e-01
3.3580000000e+01   -1.0088521349e+00
3.3600000000e+01   -1.0182637562e+00
3.3620000000e+01   -1.0274762356e+00
3.3640000000e+01   -1.0371338125e+00
3.3660000000e+01   -1.0467067012e+00
3.3680000000e+01   -1.0559897406e+00
3.3700000000e+01   -1.0657109744e+00
3.3720000000e+01   -1.0754602747e+00
3.3740000000e+01   -1.0848430171e+00
3.3760000000e+01   -1.0946280403e+00
3.3780000000e+01   -1.1045666308e+00
3.3800000000e+01   -1.1140830298e+00
3.3820000000e+01   -1.1239365232e+00
3.3840000000e+01   -1.1340751087e+00
3.3860000000e+01   -1.1437634827e+00
3.3880000000e+01   -1.1536961473e+00
3.3900000000e+01   -1.1640436891e+00
3.3920000000e+01   -1.1739461747e+00
3.3940000000e+01   -1.1839762143e+00
3.3960000000e+01   -1.1945407455e+00
3.3980000000e+01   -1.2047027203e+00
3.4000000000e+01   -1.2148573031e+00
3.4020000000e+01   -1.2256471734e+00
3.4040000000e+01   -1.2361167370e+00
3.4060000000e+01   -1.2464334215e+00
3.4080000000e+01   -1.2574590080e+00
3.4100000000e+01   -1.2682866361e+00
3.4120000000e+01   -1.2788147672e+00
3.4140000000e+01   -1.2900906941e+00
3.4160000000e+01   -1.3013292024e+00
3.4180000000e+01   -1.3121313214e+00
3.4200000000e+01   -1.3236792377e+00
3.4220000000e+01   -1.3353842256e+00
3.4240000000e+01   -1.3465375868e+00
3.4260000000e+01   -1.3583895790e+00
3.4280000000e+01   -1.3706205616e+00
3.4300000000e+01   -1.3822189165e+00
3.4320000000e+01   -1.3944216831e+00
3.4340000000e+01   -1.4072441796e+00
3.4360000000e+01   -1.4194000938e+00
3.4380000000e+01   -1.4320200982e+00
3.4400000000e+01   -1.4455090388e+00
3.4420000000e+01   -1.4583571572e+00
3.4440000000e+01   -1.4714871303e+00
3.4460000000e+01   -1.4857321009e+00
3.4480000000e+01   -1.4994340164e+00
3.4500000000e+01   -1.5132014476e+00
3.4520000000e+01   -1.5283145648e+00
3.4540000000e+01   -1.5430663393e+00
3.4560000000e+01   -1.5576450686e+00
3.4580000000e+01   -1.5737727715e+00
3.4600000000e+01   -1.5898168471e+00
3.4620000000e+01   -1.6054437182e+00
3.4640000000e+01   -1.6227846911e+00
3.4660000000e+01   -1.6404291983e+00
3.4680000000e+01   -1.6574293609e+00
3.4700000000e+01   -1.6762626152e+00
3.4720000000e+01   -1.6959135861e+00
3.4740000000e+01   -1.7147412917e+00
3.4760000000e+01   -1.7354722147e+00
3.4780000000e+01   -1.7576894735e+00
3.4800000000e+01   -1.7789982694e+00
3.4820000000e+01   -1.8022388823e+00
3.4840000000e+01   -1.8278384641e+00
3.4860000000e+01   -1.8526113778e+00
3.4880000000e+01   -1.8793317444e+00
3.4900000000e+01   -1.9095883951e+00
3.4920000000e+01   -1.9394029124e+00
3.4940000000e+01   -1.9712480449e+00
3.4960000000e+01   -2.0083407681e+00
3.4980000000e+01   -2.0459796303e+00
3.5000000000e+01   -2.0860343511e+00
3.5020000000e+01   -2.1341921229e+00
3.5040000000e+01   -2.1853309066e+00
3.5060000000e+01   -2.2404025934e+00
3.5080000000e+01   -2.3096745346e+00
3.5100000000e+01   -2.3891634095e+00
3.5120000000e+01   -2.4796219848e+00
3.5140000000e+01   -2.6056712225e+00
3.5160000000e+01   -2.7817446041e+00
3.5180000000e+01   -3.0508164005e+00
3.5200000000e+01   -4.1788715660e+00
3.5220000000e+01   -3.1144637672e+00
3.5240000000e+01   -2.8143694047e+00
3.5260000000e+01   -2.6295141864e+00
3.5280000000e+01   -2.4961262383e+00
3.5300000000e+01   -2.4019869000e+00
3.5320000000e+01   -2.3215629074e+00
3.5340000000e+01   -2.2500612322e+00
3.5360000000e+01   -2.1933072434e+00
3.5380000000e+01   -2.1420867245e+00
3.5400000000e+01   -2.0929574860e+00
3.5420000000e+01   -2.0517986897e+00
3.5440000000e+01   -2.0142348426e+00
3.5460000000e+01   -1.9767002384e+00
3.5480000000e+01   -1.9440228976e+00
3.5500000000e+01   -1.9142831183e+00
3.5520000000e+01   -1.8838631413e+00
3.5540000000e+01   -1.8564820064e+00
3.5560000000e+01   -1.8317382093e+00
3.5580000000e+01   -1.8061363953e+00
3.5600000000e+01   -1.7823653000e+00
3.5620000000e+01   -1.7610287570e+00
3.5640000000e+01   -1.7389036238e+00
3.5660000000e+01   -1.7177522850e+00
3.5680000000e+01   -1.6988419460e+00
3.5700000000e+01   -1.6793344048e+00
3.5720000000e+01   -1.6601784781e+00
3.5740000000e+01   -1.6430487262e+00
3.5760000000e+01   -1.6255689815e+00
3.5780000000e+01   -1.6079934651e+00
3.5800000000e+01   -1.5922007987e+00
3.5820000000e+01   -1.5763212269e+00
3.5840000000e+01   -1.5600379876e+00
3.5860000000e+01   -1.5452691702e+00
3.5880000000e+01   -1.5306661271e+00
3.5900000000e+01   -1.5154669408e+00
3.5920000000e+01   -1.5014971616e+00
3.5940000000e+01   -1.4879175168e+00
3.5960000000e+01   -1.4736457207e+00
3.5980000000e+01   -1.4603125508e+00
3.6000000000e+01   -1.4475535952e+00
3.6020000000e+01   -1.4340862465e+00
3.6040000000e+01   -1.4212724296e+00
3.6060000000e+01   -1.4091693806e+00
3.6080000000e+01   -1.3964057338e+00
3.6100000000e+01   -1.3840271824e+00
3.6120000000e+01   -1.3724451523e+00
3.6140000000e+01   -1.3602991498e+00
3.6160000000e+01   -1.3482961700e+00
3.6180000000e+01   -1.3371248023e+00
3.6200000000e+01   -1.3255202284e+00
3.6220000000e+01   -1.3138508560e+00
3.6240000000e+01   -1.3030005583e+00
3.6260000000e+01   -1.2918680202e+00
3.6280000000e+01   -1.2805028232e+00
3.6300000000e+01   -1.2699019416e+00
3.6320000000e+01   -1.2591771248e+00
3.6340000000e+01   -1.2480950936e+00
3.6360000000e+01   -1.2376876211e+00
3.6380000000e+01   -1.2273104333e+00
3.6400000000e+01   -1.2164957300e+00
3.6420000000e+01   -1.2062393004e+00
3.6440000000e+01   -1.1961536216e+00
3.6460000000e+01   -1.1855930464e+00
3.6480000000e+01   -1.1754570683e+00
3.6500000000e+01   -1.1656108883e+00
3.6520000000e+01   -1.1552919680e+00
3.6540000000e+01   -1.1452558229e+00
3.6560000000e+01   -1.1356015976e+00
3.6580000000e+01   -1.1255112247e+00
3.6600000000e+01   -1.1155625014e+00
3.6620000000e+01   -1.1060575928e+00
3.6640000000e+01   -1.0961811526e+00
3.6660000000e+01   -1.0863139195e+00
3.6680000000e+01   -1.0769210182e+00
3.6700000000e+01   -1.0672419433e+00
3.6720000000e+01   -1.0574550830e+00
3.6740000000e+01   -1.0481425337e+00
3.6760000000e+01   -1.0386422244e+00
3.6780000000e+01   -1.0289378637e+00
3.6800000000e+01   -1.0196798434e+00
3.6820000000e+01   -1.0103378868e+00
3.6840000000e+01   -1.0007199594e+00
3.6860000000e+01   -9.9149647501e-01
3.6880000000e+01   -9.8229109545e-01
3.6900000000e+01   -9.7276407619e-01
3.6920000000e+01   -9.6356077105e-01
3.6940000000e+01   -9.5446944239e-01
3.6960000000e+01   -9.4503728110e-01
3.6980000000e+01   -9.3584505432e-01
3.7000000000e+01   -9.2684520674e-01
3.7020000000e+01   -9.1751048603e-01
3.7040000000e+01   -9.0832494437e-01
3.7060000000e+01   -8.9939470211e-01
3.7080000000e+01   -8.9015803071e-01
3.7100000000e+01   -8.8097880203e-01
3.7120000000e+01   -8.7209769527e-01
3.7140000000e+01   -8.6295733814e-01
3.7160000000e+01   -8.5378728420e-01
3.7180000000e+01   -8.4493688661e-01
3.7200000000e+01   -8.3588862209e-01
3.7220000000e+01   -8.2673299242e-01
3.7240000000e+01   -8.1789744610e-01
3.7260000000e+01   -8.0893463041e-01
3.7280000000e+01   -7.9980020078e-01
3.7300000000e+01   -7.9096660104e-01
3.7320000000e+01   -7.8208041203e-01
3.7340000000e+01   -7.7297464934e-01
3.7360000000e+01   -7.6413327331e-01
3.7380000000e+01   -7.5531309888e-01
3.7400000000e+01   -7.4624339073e-01
3.7420000000e+01   -7.3738776439e-01
3.7440000000e+01   -7.2862169689e-01
3.7460000000e+01   -7.1959467812e-01
3.7480000000e+01   -7.1072148676e-01
3.7500000000e+01   -7.0199688284e-01
3.7520000000e+01   -6.9301788420e-01
3.7540000000e+01   -6.8412673985e-01
3.7560000000e+01   -6.7543080580e-01
3.7580000000e+01   -6.6650344161e-01
3.7600000000e+01   -6.5759652838e-01
3.7620000000e+01   -6.4891689341e-01
3.7640000000e+01   -6.4004279665e-01
3.7660000000e+01   -6.3112442014e-01
3.7680000000e+01   -6.2244966457e-01
3.7700000000e+01   -6.1362836936e-01
3.7720000000e+01   -6.0470443969e-01
3.7740000000e+01   -5.9602455063e-01
3.7760000000e+01   -5.8725351454e-01
3.7780000000e+01   -5.7833099399e-01
3.7800000000e+01   -5.6963772773e-01
3.7820000000e+01   -5.6091247941e-01
3.7840000000e+01   -5.5199882516e-01
3.7860000000e+01   -5.4328596275e-01
3.7880000000e+01   -5.3460035525e-01
3.7900000000e+01   -5.2570298577e-01
3.7920000000e+01   -5.1696647533e-01
3.7940000000e+01   -5.0831302149e-01
3.7960000000e+01   -4.9943883140e-01
3.7980000000e+01   -4.9067681773e-01
3.8000000000e+01   -4.8204708185e-01
3.8020000000e+01   -4.7320202561e-01
3.8040000000e+01   -4.6441477393e-01
3.8060000000e+01   -4.5579979308e-01
3.8080000000e+01   -4.4698855254e-01
3.8100000000e+01   -4.3817827849e-01
3.8120000000e+01   -4.2956898782e-01
3.8140000000e+01   -4.2079473287e-01
3.8160000000e+01   -4.1196535526e-01
3.8180000000e+01   -4.0335299346e-01
3.8200000000e+01   -3.9461723906e-01
3.8220000000e+01   -3.8577407504e-01
3.8240000000e+01   -3.7715054935e-01
3.8260000000e+01   -3.6845310686e-01
3.8280000000e+01   -3.5960253124e-01
3.8300000000e+01   -3.5096072494e-01
3.8320000000e+01   -3.4229974009e-01
3.8340000000e+01   -3.3344883164e-01
3.8360000000e+01   -3.2478284137e-01
3.8380000000e+01   -3.1615490670e-01
3.8400000000e+01   -3.0731110470e-01
3.8420000000e+01   -2.9861639879e-01
3.8440000000e+01   -2.9001672421e-01
3.8460000000e+01   -2.8118751871e-01
3.8480000000e+01   -2.7246101158e-01
3.8500000000e+01   -2.6388363252e-01
3.8520000000e+01   -2.5507631298e-01
3.8540000000e+01   -2.4631635332e-01
3.8560000000e+01   -2.3775435148e-01
3.8580000000e+01   -2.2897584186e-01
3.8600000000e+01   -2.2018211263e-01
3.8620000000e+01   -2.1162781794e-01
3.8640000000e+01   -2.0288463645e-01
3.8660000000e+01   -1.9405796118e-01
3.8680000000e+01   -1.8550309088e-01
3.8700000000e+01   -1.7680149769e-01
3.8720000000e+01   -1.6794353409e-01
3.8740000000e+01   -1.5937919776e-01
3.8760000000e+01   -1.5072565706e-01
3.8780000000e+01   -1.4183842122e-01
3.8800000000e+01   -1.3325485362e-01
3.8820000000e+01   -1.2465710592e-01
3.8840000000e+01   -1.1574215867e-01
3.8860000000e+01   -1.0712785976e-01
3.8880000000e+01   -9.8597409713e-02
3.8900000000e+01   -8.9654157783e-02
3.8920000000e+01   -8.0993546178e-02
3.8940000000e+01   -7.2552214366e-02
3.8960000000e+01   -6.3573149174e-02
3.8980000000e+01   -5.4839648960e-02
3.9000000000e+01   -4.6541729348e-02
3.9020000000e+01   -3.7492058610e-02
3.9040000000e+01   -2.8622690127e-02
3.9060000000e+01   -2.0676484901e-02
3.9080000000e+01   -1.1295094310e-02
3.9100000000e+01   -2.1677285039e-03
3.9120000000e+01   -6.9810644155e-04
3.9140000000e+01   -8.3974123311e-03
3.9160000000e+01   -1.8253203746e-02
3.9180000000e+01   -2.6353051987e-02
3.9200000000e+01   -3.4872201020e-02
3.9220000000e+01   -4.4074570113e-02
3.9240000000e+01   -5.2503329430e-02
3.9260000000e+01   -6.1025001703e-02
3.9280000000e+01   -7.0063165382e-02
3.9300000000e+01   -7.8630081223e-02
3.9320000000e+01   -8.7142978793e-02
3.9340000000e+01   -9.6095448854e-02
3.9360000000e+01   -1.0474644674e-01
3.9380000000e+01   -1.1325582448e-01
3.9400000000e+01   -1.2214720809e-01
3.9420000000e+01   -1.3085834538e-01
3.9440000000e+01   -1.3937094128e-01
3.9460000000e+01   -1.4821138268e-01
3.9480000000e+01   -1.5696846876e-01
3.9500000000e+01   -1.6549106910e-01
3.9520000000e+01   -1.7428579844e-01
3.9540000000e+01   -1.8307835710e-01
3.9560000000e+01   -1.9161747904e-01
3.9580000000e+01   -2.0037012586e-01
3.9600000000e+01   -2.0918917215e-01
3.9620000000e+01   -2.1775085050e-01
3.9640000000e+01   -2.2646486780e-01
3.9660000000e+01   -2.3530202595e-01
3.9680000000e+01   -2.4389159268e-01
3.9700000000e+01   -2.5257094554e-01
3.9720000000e+01   -2.6141814143e-01
3.9740000000e+01   -2.7003999935e-01
3.9760000000e+01   -2.7868949969e-01
3.9780000000e+01   -2.8753893910e-01
3.9800000000e+01   -2.9619634720e-01
3.9820000000e+01   -3.0482178191e-01
3.9840000000e+01   -3.1366608592e-01
3.9860000000e+01   -3.2236097500e-01
3.9880000000e+01   -3.3096909185e-01
3.9900000000e+01   -3.3980152125e-01
3.9920000000e+01   -3.4853435701e-01
3.9940000000e+01   -3.5713274117e-01
3.9960000000e+01   -3.6594746702e-01
3.9980000000e+01   -3.7471717522e-01
4.0000000000e+01   -3.8331403788e-01
