X    Y
0.0000000000e+00   0.0000000000e+00
2.0000000000e-02   -4.9353707942e-03
4.0000000000e-02   -1.4874980907e-02
6.0000000000e-02   -2.3529344086e-02
8.0000000000e-02   -3.1615961023e-02
1.0000000000e-01   -4.0767789989e-02
1.2000000000e-01   -4.9510004825e-02
1.4000000000e-01   -5.7813453964e-02
1.6000000000e-01   -6.6748014836e-02
1.8000000000e-01   -7.5548242955e-02
2.0000000000e-01   -8.3940281082e-02
2.2000000000e-01   -9.2759328646e-02
2.4000000000e-01   -1.0159361975e-01
2.6000000000e-01   -1.1004556799e-01
2.8000000000e-01   -1.1878556269e-01
3.0000000000e-01   -1.2763839518e-01
3.2000000000e-01   -1.3614155365e-01
3.4000000000e-01   -1.4482141117e-01
3.6000000000e-01   -1.5368069633e-01
3.8000000000e-01   -1.6223215054e-01
4.0000000000e-01   -1.7086485102e-01
4.2000000000e-01   -1.7972019973e-01
4.4000000000e-01   -1.8831855568e-01
4.6000000000e-01   -1.9691500043e-01
4.8000000000e-01   -2.0575722298e-01
5.0000000000e-01   -2.1440089239e-01
5.2000000000e-01   -2.2297135317e-01
5.4000000000e-01   -2.3179244668e-01
5.6000000000e-01   -2.4047883978e-01
5.8000000000e-01   -2.4903345294e-01
6.0000000000e-01   -2.5782678921e-01
6.2000000000e-01   -2.6655193383e-01
6.4000000000e-01   -2.7510074016e-01
6.6000000000e-01   -2.8386132181e-01
6.8000000000e-01   -2.9261974032e-01
7.0000000000e-01   -3.0117248142e-01
7.2000000000e-01   -3.0989719202e-01
7.4000000000e-01   -3.1868196713e-01
7.6000000000e-01   -3.2724774718e-01
7.8000000000e-01   -3.3593554681e-01
8.0000000000e-01   -3.4473854064e-01
8.2000000000e-01   -3.5332542274e-01
8.4000000000e-01   -3.6197745475e-01
8.6000000000e-01   -3.7078965468e-01
8.8000000000e-01   -3.7940424478e-01
9.0000000000e-01   -3.8802382974e-01
9.2000000000e-01   -3.9683579503e-01
9.4000000000e-01   -4.0548285792e-01
9.6000000000e-01   -4.1407536038e-01
9.8000000000e-01   -4.2287773986e-01
1.0000000000e+00   -4.3155988634e-01
1.0200000000e+00   -4.4013244982e-01
1.0400000000e+00   -4.4891653666e-01
1.0600000000e+00   -4.5763401520e-01
1.0800000000e+00   -4.6619517052e-01
1.1000000000e+00   -4.7495345676e-01
1.1200000000e+00   -4.8370407602e-01
1.1400000000e+00   -4.9226323836e-01
1.1600000000e+00   -5.0098992938e-01
1.1800000000e+00   -5.0976912980e-01
1.2000000000e+00   -5.1833600924e-01
1.2200000000e+00   -5.2702745905e-01
1.2400000000e+00   -5.3582854139e-01
1.2600000000e+00   -5.4441250028e-01
1.2800000000e+00   -5.5306753088e-01
1.3000000000e+00   -5.6188203897e-01
1.3200000000e+00   -5.7049143613e-01
1.3400000000e+00   -5.7911150981e-01
1.3600000000e+00   -5.8792975285e-01
1.3800000000e+00   -5.9657131911e-01
1.4000000000e+00   -6.0516054059e-01
1.4200000000e+00   -6.1397222919e-01
1.4400000000e+00   -6.2265052017e-01
1.4600000000e+00   -6.3121545582e-01
1.4800000000e+00   -6.4001041539e-01
1.5000000000e+00   -6.4872738580e-01
1.5200000000e+00   -6.5727669933e-01
1.5400000000e+00   -6.6604561605e-01
1.5600000000e+00   -6.7480035439e-01
1.5800000000e+00   -6.8334427175e-01
1.6000000000e+00   -6.9207942016e-01
1.6200000000e+00   -7.0086807439e-01
1.6400000000e+00   -7.0941770395e-01
1.6600000000e+00   -7.1811360265e-01
1.6800000000e+00   -7.2692951578e-01
1.7000000000e+00   -7.3549606263e-01
1.7200000000e+00   -7.4415000550e-01
1.7400000000e+00   -7.5298406591e-01
1.7600000000e+00   -7.6157799026e-01
1.7800000000e+00   -7.7019040544e-01
1.8000000000e+00   -7.7903160155e-01
1.8200000000e+00   -7.8766177910e-01
1.8400000000e+00   -7.9623637707e-01
1.8600000000e+00   -8.0507252960e-01
1.8800000000e+00   -8.1374547672e-01
1.9000000000e+00   -8.2228916117e-01
1.9200000000e+00   -8.3110779121e-01
1.9400000000e+00   -8.3982701767e-01
1.9600000000e+00   -8.4834954838e-01
1.9800000000e+00   -8.5713882581e-01
2.0000000000e+00   -8.6590437335e-01
2.0200000000e+00   -8.7441778826e-01
2.0400000000e+00   -8.8316749474e-01
2.0600000000e+00   -8.9197571049e-01
2.0800000000e+00   -9.0049353267e-01
2.1000000000e+00   -9.0919596704e-01
2.1200000000e+00   -9.1803954657e-01
2.1400000000e+00   -9.2657582037e-01
2.1600000000e+00   -9.3522657313e-01
2.1800000000e+00   -9.4409489020e-01
2.2000000000e+00   -9.5266310757e-01
2.2200000000e+00   -9.6126163498e-01
2.2400000000e+00   -9.7014135425e-01
2.2600000000e+00   -9.7875334582e-01
2.2800000000e+00   -9.8730328392e-01
2.3000000000e+00   -9.9617923072e-01
2.3200000000e+00   -1.0048441052e+00
2.3400000000e+00   -1.0133532793e+00
2.3600000000e+00   -1.0222095185e+00
2.3800000000e+00   -1.0309327370e+00
2.4000000000e+00   -1.0394128415e+00
2.4200000000e+00   -1.0482338977e+00
2.4400000000e+00   -1.0570165670e+00
2.4600000000e+00   -1.0654825147e+00
2.4800000000e+00   -1.0742546483e+00
2.5000000000e+00   -1.0830931058e+00
2.5200000000e+00   -1.0915620706e+00
2.5400000000e+00   -1.1002745154e+00
2.5600000000e+00   -1.1091602625e+00
2.5800000000e+00   -1.1176504660e+00
2.6000000000e+00   -1.1262965259e+00
2.6200000000e+00   -1.1352165436e+00
2.6400000000e+00   -1.1437458614e+00
2.6600000000e+00   -1.1523237686e+00
2.6800000000e+00   -1.1612612217e+00
2.7000000000e+00   -1.1698457037e+00
2.7200000000e+00   -1.1783591516e+00
2.7400000000e+00   -1.1872944552e+00
2.7600000000e+00   -1.1959468736e+00
2.7800000000e+00   -1.2044051527e+00
2.8000000000e+00   -1.2133173491e+00
2.8200000000e+00   -1.2220458907e+00
2.8400000000e+00   -1.2304635849e+00
2.8600000000e+00   -1.2393319429e+00
2.8800000000e+00   -1.2481391651e+00
2.9000000000e+00   -1.2565353942e+00
2.9200000000e+00   -1.2653411226e+00
2.9400000000e+00   -1.2742232802e+00
2.9600000000e+00   -1.2826205100e+00
2.9800000000e+00   -1.2913484577e+00
3.0000000000e+00   -1.3002952859e+00
3.0200000000e+00   -1.3087177642e+00
3.0400000000e+00   -1.3173579675e+00
3.0600000000e+00   -1.3263529795e+00
3.0800000000e+00   -1.3348248922e+00
3.1000000000e+00   -1.3433738318e+00
3.1200000000e+00   -1.3523951509e+00
3.1400000000e+00   -1.3609386218e+00
3.1600000000e+00   -1.3694000636e+00
3.1800000000e+00   -1.3784217683e+00
3.2000000000e+00   -1.3870548535e+00
3.2200000000e+00   -1.3954401660e+00
3.2400000000e+00   -1.4044340833e+00
3.2600000000e+00   -1.4131689228e+00
3.2800000000e+00   -1.4214968012e+00
3.3000000000e+00   -1.4304346411e+00
3.3200000000e+00   -1.4392759344e+00
3.3400000000e+00   -1.4475714975e+00
3.3600000000e+00   -1.4564271847e+00
3.3800000000e+00   -1.4653711444e+00
3.4000000000e+00   -1.4736644225e+00
3.4200000000e+00   -1.4824164525e+00
3.4400000000e+00   -1.4914503672e+00
3.4600000000e+00   -1.4997742469e+00
3.4800000000e+00   -1.5084078757e+00
3.5000000000e+00   -1.5175103723e+00
3.5200000000e+00   -1.5258981178e+00
3.5400000000e+00   -1.5344071926e+00
3.5600000000e+00   -1.5435492397e+00
3.5800000000e+00   -1.5520317543e+00
3.6000000000e+00   -1.5604200014e+00
3.6200000000e+00   -1.5695666398e+00
3.6400000000e+00   -1.5781696702e+00
3.6600000000e+00   -1.5864512854e+00
3.6800000000e+00   -1.5955640067e+00
3.7000000000e+00   -1.6043055164e+00
3.7200000000e+00   -1.6125049440e+00
3.7400000000e+00   -1.6215445805e+00
3.7600000000e+00   -1.6304325288e+00
3.7800000000e+00   -1.6385833698e+00
3.8000000000e+00   -1.6475133048e+00
3.8200000000e+00   -1.6565440526e+00
3.8400000000e+00   -1.6646871093e+00
3.8600000000e+00   -1.6734765717e+00
3.8800000000e+00   -1.6826341090e+00
3.9000000000e+00   -1.6908146443e+00
3.9200000000e+00   -1.6994418238e+00
3.9400000000e+00   -1.7086979602e+00
3.9600000000e+00   -1.7169623216e+00
3.9800000000e+00   -1.7254170317e+00
4.0000000000e+00   -1.7347326248e+00
4.0200000000e+00   -1.7431244527e+00
4.0400000000e+00   -1.7514100800e+00
4.0600000000e+00   -1.7607372955e+00
4.0800000000e+00   -1.7692935923e+00
4.1000000000e+00   -1.7774281024e+00
4.1200000000e+00   -1.7867136139e+00
4.1400000000e+00   -1.7954609905e+00
4.1600000000e+00   -1.8034768158e+00
4.1800000000e+00   -1.8126657666e+00
4.2000000000e+00   -1.8216171995e+00
4.2200000000e+00   -1.8295599090e+00
4.2400000000e+00   -1.8386003755e+00
4.2600000000e+00   -1.8477527990e+00
4.2800000000e+00   -1.8556785391e+00
4.3000000000e+00   -1.8645261739e+00
4.3200000000e+00   -1.8738591940e+00
4.3400000000e+00   -1.8818309881e+00
4.3600000000e+00   -1.8904534755e+00
4.3800000000e+00   -1.8999294209e+00
4.4000000000e+00   -1.9080125236e+00
4.4200000000e+00   -1.9163934606e+00
4.4400000000e+00   -1.9259588984e+00
4.4600000000e+00   -1.9342154968e+00
4.4800000000e+00   -1.9423573227e+00
4.5000000000e+00   -1.9519460491e+00
4.5200000000e+00   -1.9604296921e+00
4.5400000000e+00   -1.9683553333e+00
4.5600000000e+00   -1.9778927290e+00
4.5800000000e+00   -1.9866429296e+00
4.6000000000e+00   -1.9943958924e+00
4.6200000000e+00   -2.0038044059e+00
4.6400000000e+00   -2.0128418944e+00
4.6600000000e+00   -2.0204846423e+00
4.6800000000e+00   -2.0296900501e+00
4.7000000000e+00   -2.0390131489e+00
4.7200000000e+00   -2.0466237221e+00
4.7400000000e+00   -2.0555617173e+00
4.7600000000e+00   -2.0651442615e+00
4.7800000000e+00   -2.0728112374e+00
4.8000000000e+00   -2.0814338320e+00
4.8200000000e+00   -2.0912249674e+00
4.8400000000e+00   -2.0990410110e+00
4.8600000000e+00   -2.1073222029e+00
4.8800000000e+00   -2.1172482630e+00
4.9000000000e+00   -2.1253026643e+00
4.9200000000e+00   -2.1332428290e+00
4.9400000000e+00   -2.1432113346e+00
4.9600000000e+00   -2.1515820587e+00
4.9800000000e+00   -2.1592105752e+00
5.0000000000e+00   -2.1691162194e+00
5.0200000000e+00   -2.1778621010e+00
5.0400000000e+00   -2.1852378134e+00
5.0600000000e+00   -2.1949701175e+00
5.0800000000e+00   -2.2041238857e+00
5.1000000000e+00   -2.2113331365e+00
5.1200000000e+00   -2.2207852920e+00
5.1400000000e+00   -2.2303481163e+00
5.1600000000e+00   -2.2375002559e+00
5.1800000000e+00   -2.2465785276e+00
5.2000000000e+00   -2.2565167142e+00
5.2200000000e+00   -2.2637371902e+00
5.2400000000e+00   -2.2723701532e+00
5.2600000000e+00   -2.2826144966e+00
5.2800000000e+00   -2.2900358404e+00
5.3000000000e+00   -2.2981826727e+00
5.3200000000e+00   -2.3086307840e+00
5.3400000000e+00   -2.3163820290e+00
5.3600000000e+00   -2.3240390829e+00
5.3800000000e+00   -2.3345607853e+00
5.4000000000e+00   -2.3427560531e+00
5.4200000000e+00   -2.3499609892e+00
5.4400000000e+00   -2.3604066146e+00
5.4600000000e+00   -2.3691337645e+00
5.4800000000e+00   -2.3759666549e+00
5.5000000000e+00   -2.3861778118e+00
5.5200000000e+00   -2.3954881501e+00
5.5400000000e+00   -2.4020691332e+00
5.5600000000e+00   -2.4118912717e+00
5.5800000000e+00   -2.4217913377e+00
5.6000000000e+00   -2.4282746387e+00
5.6200000000e+00   -2.4375705336e+00
5.6400000000e+00   -2.4480169037e+00
5.6600000000e+00   -2.4545813137e+00
5.6800000000e+00   -2.4632444358e+00
5.7000000000e+00   -2.4741423141e+00
5.7200000000e+00   -2.4809785257e+00
5.7400000000e+00   -2.4889451941e+00
5.7600000000e+00   -2.5001512946e+00
5.7800000000e+00   -2.5074468169e+00
5.8000000000e+00   -2.5147060186e+00
5.8200000000e+00   -2.5260359072e+00
5.8400000000e+00   -2.5339585847e+00
5.8600000000e+00   -2.5405584232e+00
5.8800000000e+00   -2.5517981099e+00
5.9000000000e+00   -2.5604795294e+00
5.9200000000e+00   -2.5665294184e+00
5.9400000000e+00   -2.5774506046e+00
5.9600000000e+00   -2.5869708459e+00
5.9800000000e+00   -2.5926387985e+00
6.0000000000e+00   -2.6030168278e+00
6.0200000000e+00   -2.6133920660e+00
6.0400000000e+00   -2.6188967419e+00
6.0600000000e+00   -2.6285300060e+00
6.0800000000e+00   -2.6397043864e+00
6.1000000000e+00   -2.6453019421e+00
6.1200000000e+00   -2.6540312819e+00
6.1400000000e+00   -2.6658742408e+00
6.1600000000e+00   -2.6718404707e+00
6.1800000000e+00   -2.6795669968e+00
6.2000000000e+00   -2.6918768183e+00
6.2200000000e+00   -2.6984855491e+00
6.2400000000e+00   -2.7051852938e+00
6.2600000000e+00   -2.7176991899e+00
6.2800000000e+00   -2.7251983603e+00
6.3000000000e+00   -2.7309322643e+00
6.3200000000e+00   -2.7433427034e+00
6.3400000000e+00   -2.7519299771e+00
6.3600000000e+00   -2.7568479075e+00
6.3800000000e+00   -2.7688243445e+00
6.4000000000e+00   -2.7786243986e+00
6.4200000000e+00   -2.7829621954e+00
6.4400000000e+00   -2.7941768372e+00
6.4600000000e+00   -2.8052225904e+00
6.4800000000e+00   -2.8092915483e+00
6.5000000000e+00   -2.8194473669e+00
6.5200000000e+00   -2.8316673068e+00
6.5400000000e+00   -2.8358360194e+00
6.5600000000e+00   -2.8446949339e+00
6.5800000000e+00   -2.8579083547e+00
6.6000000000e+00   -2.8625774773e+00
6.6200000000e+00   -2.8699864736e+00
6.6400000000e+00   -2.8839078538e+00
6.6600000000e+00   -2.8894790452e+00
6.6800000000e+00   -2.8953919875e+00
6.7000000000e+00   -2.9096449767e+00
6.7200000000e+00   -2.9164860119e+00
6.7400000000e+00   -2.9209790132e+00
6.7600000000e+00   -2.9351196386e+00
6.7800000000e+00   -2.9435283616e+00
6.8000000000e+00   -2.9468068146e+00
6.8200000000e+00   -2.9603546588e+00
6.8400000000e+00   -2.9705249628e+00
6.8600000000e+00   -2.9729206970e+00
6.8800000000e+00   -2.9853960432e+00
6.9000000000e+00   -2.9973893144e+00
6.9200000000e+00   -2.9993468563e+00
6.9400000000e+00   -3.0103112086e+00
6.9600000000e+00   -3.0240365674e+00
6.9800000000e+00   -3.0260881690e+00
7.0000000000e+00   -3.0351851801e+00
7.0200000000e+00   -3.0503913399e+00
7.0400000000e+00   -3.0531213152e+00
7.0600000000e+00   -3.0601149860e+00
7.0800000000e+00   -3.0763956546e+00
7.1000000000e+00   -3.0803956137e+00
7.1200000000e+00   -3.0852026367e+00
7.1400000000e+00   -3.1020161923e+00
7.1600000000e+00   -3.1078339144e+00
7.1800000000e+00   -3.1105471806e+00
7.2000000000e+00   -3.1272500103e+00
7.2200000000e+00   -3.1353358248e+00
7.2400000000e+00   -3.1362363789e+00
7.2600000000e+00   -3.1521279574e+00
7.2800000000e+00   -3.1627834244e+00
7.3000000000e+00   -3.1623385488e+00
7.3200000000e+00   -3.1767152247e+00
7.3400000000e+00   -3.1900494211e+00
7.3600000000e+00   -3.1888951065e+00
7.3800000000e+00   -3.2011087772e+00
7.4000000000e+00   -3.2170074178e+00
7.4200000000e+00   -3.2159143269e+00
7.4400000000e+00   -3.2254317563e+00
7.4600000000e+00   -3.2435436198e+00
7.4800000000e+00   -3.2433668373e+00
7.5000000000e+00   -3.2498252612e+00
7.5200000000e+00   -3.2695689567e+00
7.5400000000e+00   -3.2711833738e+00
7.5600000000e+00   -3.2744381523e+00
7.5800000000e+00   -3.2950303242e+00
7.6000000000e+00   -3.2992553487e+00
7.6200000000e+00   -3.2994156395e+00
7.6400000000e+00   -3.3199195347e+00
7.6600000000e+00   -3.3274387446e+00
7.6800000000e+00   -3.3248874330e+00
7.7000000000e+00   -3.3442786984e+00
7.7200000000e+00   -3.3555617405e+00
7.7400000000e+00   -3.3509561778e+00
7.7600000000e+00   -3.3682011228e+00
7.7800000000e+00   -3.3834362071e+00
7.8000000000e+00   -3.3776868137e+00
7.8200000000e+00   -3.3918273778e+00
7.8400000000e+00   -3.4108727712e+00
7.8600000000e+00   -3.4050974578e+00
7.8800000000e+00   -3.4153367878e+00
7.9000000000e+00   -3.4376985425e+00
7.9200000000e+00   -3.4331524235e+00
7.9400000000e+00   -3.4389351420e+00
7.9600000000e+00   -3.4637759217e+00
7.9800000000e+00   -3.4617580798e+00
8.0000000000e+00   -3.4628397550e+00
8.0200000000e+00   -3.4890203338e+00
8.0400000000e+00   -3.4907623932e+00
8.0600000000e+00   -3.4872631020e+00
8.0800000000e+00   -3.5134144535e+00
8.1000000000e+00   -3.5199591021e+00
8.1200000000e+00   -3.5123961476e+00
8.1400000000e+00   -3.5370166923e+00
8.1600000000e+00   -3.5490974587e+00
8.1800000000e+00   -3.5383922626e+00
8.2000000000e+00   -3.5599624241e+00
8.2200000000e+00   -3.5778981781e+00
8.2400000000e+00   -3.5653523961e+00
8.2600000000e+00   -3.5824574995e+00
8.2800000000e+00   -3.6060755678e+00
8.3000000000e+00   -3.5933120451e+00
8.3200000000e+00   -3.6047647608e+00
8.3400000000e+00   -3.6333647243e+00
8.3600000000e+00   -3.6222306090e+00
8.3800000000e+00   -3.6271851901e+00
8.4000000000e+00   -3.6595513344e+00
8.4200000000e+00   -3.6519839591e+00
8.4400000000e+00   -3.6500357799e+00
8.4600000000e+00   -3.6845003490e+00
8.4800000000e+00   -3.6823614601e+00
8.5000000000e+00   -3.6736261668e+00
8.5200000000e+00   -3.7081791059e+00
8.5400000000e+00   -3.7130691458e+00
8.5600000000e+00   -3.6982356237e+00
8.5800000000e+00   -3.7306707922e+00
8.6000000000e+00   -3.7437410653e+00
8.6200000000e+00   -3.7240913968e+00
8.6400000000e+00   -3.7521755831e+00
8.6600000000e+00   -3.7739606753e+00
8.6800000000e+00   -3.7513488204e+00
8.7000000000e+00   -3.7729990247e+00
8.7200000000e+00   -3.8032932243e+00
8.7400000000e+00   -3.7800733472e+00
8.7600000000e+00   -3.7935295382e+00
8.7800000000e+00   -3.8313281244e+00
8.8000000000e+00   -3.8102247027e+00
8.8200000000e+00   -3.8142085603e+00
8.8400000000e+00   -3.8577275029e+00
8.8600000000e+00   -3.8416438787e+00
8.8800000000e+00   -3.8354973532e+00
8.9000000000e+00   -3.8822741875e+00
8.9200000000e+00   -3.8740446145e+00
8.9400000000e+00   -3.8578439490e+00
8.9600000000e+00   -3.9049105461e+00
8.9800000000e+00   -3.9070122527e+00
9.0000000000e+00   -3.8816524204e+00
9.0200000000e+00   -3.9257600777e+00
9.0400000000e+00   -3.9400140924e+00
9.0600000000e+00   -3.9072552361e+00
9.0800000000e+00   -3.9451268444e+00
9.1000000000e+00   -3.9724259722e+00
9.1200000000e+00   -3.9348882845e+00
9.1400000000e+00   -3.9634728229e+00
9.1600000000e+00   -4.0035788918e+00
9.1800000000e+00   -3.9646675375e+00
9.2000000000e+00   -3.9813781257e+00
9.2200000000e+00   -4.0328261124e+00
9.2400000000e+00   -3.9965663933e+00
9.2600000000e+00   -3.9994919466e+00
9.2800000000e+00   -4.0596251785e+00
9.3000000000e+00   -4.0303936117e+00
9.3200000000e+00   -4.0184822090e+00
9.3400000000e+00   -4.0836220948e+00
9.3600000000e+00   -4.0657735191e+00
9.3800000000e+00   -4.0389897351e+00
9.4000000000e+00   -4.1047197221e+00
9.4200000000e+00   -4.1021328813e+00
9.4400000000e+00   -4.0615895606e+00
9.4600000000e+00   -4.1231130278e+00
9.4800000000e+00   -4.1387022605e+00
9.5000000000e+00   -4.0867589902e+00
9.5200000000e+00   -4.1392815505e+00
9.5400000000e+00   -4.1745428076e+00
9.5600000000e+00   -4.1148498483e+00
9.5800000000e+00   -4.1539415817e+00
9.6000000000e+00   -4.2086101111e+00
9.6200000000e+00   -4.1460613253e+00
9.6400000000e+00   -4.1679714273e+00
9.6600000000e+00   -4.2398617724e+00
9.6800000000e+00   -4.1804098307e+00
9.7000000000e+00   -4.1823278574e+00
9.7200000000e+00   -4.2674024534e+00
9.7400000000e+00   -4.2176933900e+00
9.7600000000e+00   -4.1979695031e+00
9.7800000000e+00   -4.2906412785e+00
9.8000000000e+00   -4.2574507515e+00
9.8200000000e+00   -4.2157961902e+00
9.8400000000e+00   -4.3094206480e+00
9.8600000000e+00   -4.2989202279e+00
9.8800000000e+00   -4.2366057937e+00
9.9000000000e+00   -4.3240752551e+00
9.9200000000e+00   -4.3410111056e+00
9.9400000000e+00   -4.2610646372e+00
9.9600000000e+00   -4.3354010229e+00
9.9800000000e+00   -4.3823106977e+00
1.0000000000e+01   -4.2896844084e+00
1.0020000000e+01   -4.3445463414e+00
1.0040000000e+01   -4.4211587924e+00
1.0060000000e+01   -4.3227973988e+00
1.0080000000e+01   -4.3528633378e+00
1.0100000000e+01   -4.4558187592e+00
1.0120000000e+01   -4.3605217904e+00
1.0140000000e+01   -4.3617619085e+00
1.0160000000e+01   -4.4847483107e+00
1.0180000000e+01   -4.4027093502e+00
1.0200000000e+01   -4.3725960522e+00
1.0220000000e+01   -4.5069202232e+00
1.0240000000e+01   -4.4488699730e+00
1.0260000000e+01   -4.3865925063e+00
1.0280000000e+01   -4.5220892018e+00
1.0300000000e+01   -4.4980732937e+00
1.0320000000e+01   -4.4048162854e+00
1.0340000000e+01   -4.5308937007e+00
1.0360000000e+01   -4.5488412515e+00
1.0380000000e+01   -4.4281599987e+00
1.0400000000e+01   -4.5347468104e+00
1.0420000000e+01   -4.5990718539e+00
1.0440000000e+01   -4.4573420115e+00
1.0460000000e+01   -4.5355697513e+00
1.0480000000e+01   -4.6460723947e+00
1.0500000000e+01   -4.4928991118e+00
1.0520000000e+01   -4.5354815100e+00
1.0540000000e+01   -4.6868082578e+00
1.0560000000e+01   -4.5351595489e+00
1.0580000000e+01   -4.5365453680e+00
1.0600000000e+01   -4.7184366978e+00
1.0620000000e+01   -4.5841806380e+00
1.0640000000e+01   -4.5406173074e+00
1.0660000000e+01   -4.7390407500e+00
1.0680000000e+01   -4.6396317053e+00
1.0700000000e+01   -4.5492900139e+00
1.0720000000e+01   -4.7482642216e+00
1.0740000000e+01   -4.7006010436e+00
1.0760000000e+01   -4.5639017715e+00
1.0780000000e+01   -4.7474909125e+00
1.0800000000e+01   -4.7653147194e+00
1.0820000000e+01   -4.5855776527e+00
1.0840000000e+01   -4.7394577065e+00
1.0860000000e+01   -4.8307991838e+00
1.0880000000e+01   -4.6152780131e+00
1.0900000000e+01   -4.7275454796e+00
1.0920000000e+01   -4.8926361008e+00
1.0940000000e+01   -4.6538366720e+00
1.0960000000e+01   -4.7151162535e+00
1.0980000000e+01   -4.9451518883e+00
1.1000000000e+01   -4.7019734681e+00
1.1020000000e+01   -4.7051133260e+00
1.1040000000e+01   -4.9824856152e+00
1.1060000000e+01   -4.7602605737e+00
1.1080000000e+01   -4.6999328016e+00
1.1100000000e+01   -5.0005620684e+00
1.1120000000e+01   -4.8290057665e+00
1.1140000000e+01   -4.7014710939e+00
1.1160000000e+01   -4.9989658780e+00
1.1180000000e+01   -4.9079836490e+00
1.1200000000e+01   -4.7112510387e+00
1.1220000000e+01   -4.9812333770e+00
1.1240000000e+01   -4.9958950952e+00
1.1260000000e+01   -4.7305662680e+00
1.1280000000e+01   -4.9533053572e+00
1.1300000000e+01   -5.0893942993e+00
1.1320000000e+01   -4.7606180346e+00
1.1340000000e+01   -4.9214501993e+00
1.1360000000e+01   -5.1816482561e+00
1.1380000000e+01   -4.8026394262e+00
1.1400000000e+01   -4.8909281337e+00
1.1420000000e+01   -5.2611341886e+00
1.1440000000e+01   -4.8580108969e+00
1.1460000000e+01   -4.8656204103e+00
1.1480000000e+01   -5.3130670160e+00
1.1500000000e+01   -4.9283713274e+00
1.1520000000e+01   -4.8482261988e+00
1.1540000000e+01   -5.3260834361e+00
1.1560000000e+01   -5.0157179005e+00
1.1580000000e+01   -4.8406359016e+00
1.1600000000e+01   -5.3004092427e+00
1.1620000000e+01   -5.1224482718e+00
1.1640000000e+01   -4.8442887618e+00
1.1660000000e+01   -5.2478103582e+00
1.1680000000e+01   -5.2511657201e+00
1.1700000000e+01   -4.8604671855e+00
1.1720000000e+01   -5.1834055932e+00
1.1740000000e+01   -5.4036266175e+00
1.1760000000e+01   -4.8905460676e+00
1.1780000000e+01   -5.1190529518e+00
1.1800000000e+01   -5.5768216039e+00
1.1820000000e+01   -4.9362422562e+00
1.1840000000e+01   -5.0619888920e+00
1.1860000000e+01   -5.7511128689e+00
1.1880000000e+01   -4.9999329998e+00
1.1900000000e+01   -5.0160709791e+00
1.1920000000e+01   -5.8699168189e+00
1.1940000000e+01   -5.0851668712e+00
1.1960000000e+01   -4.9832541791e+00
1.1980000000e+01   -5.8629207553e+00
1.2000000000e+01   -5.1976473631e+00
1.2020000000e+01   -4.9646141529e+00
1.2040000000e+01   -5.7443996517e+00
1.2060000000e+01   -5.3474803245e+00
1.2080000000e+01   -4.9609660379e+00
1.2100000000e+01   -5.5897540504e+00
1.2120000000e+01   -5.5555657697e+00
1.2140000000e+01   -4.9732568288e+00
1.2160000000e+01   -5.4448866417e+00
1.2180000000e+01   -5.8798829569e+00
1.2200000000e+01   -5.0028837038e+00
1.2220000000e+01   -5.3235954588e+00
1.2240000000e+01   -6.7256191640e+00
1.2260000000e+01   -5.0520754626e+00
1.2280000000e+01   -5.2273717516e+00
1.2300000000e+01   -6.2614222532e+00
1.2320000000e+01   -5.1245316419e+00
1.2340000000e+01   -5.1545649116e+00
1.2360000000e+01   -6.0665738592e+00
1.2380000000e+01   -5.2267590314e+00
1.2400000000e+01   -5.1032565906e+00
1.2420000000e+01   -6.1285489366e+00
1.2440000000e+01   -5.3714696943e+00
1.2460000000e+01   -5.0720474237e+00
1.2480000000e+01   -6.6213742586e+00
1.2500000000e+01   -5.5888791519e+00
1.2520000000e+01   -5.0602649221e+00
1.2540000000e+01   -6.2268019647e+00
1.2560000000e+01   -5.9903170474e+00
1.2580000000e+01   -5.0680725890e+00
1.2600000000e+01   -5.7782884706e+00
1.2620000000e+01   -6.5107844651e+00
1.2640000000e+01   -5.0966678575e+00
1.2660000000e+01   -5.5412733699e+00
1.2680000000e+01   -5.8761626857e+00
1.2700000000e+01   -5.1487334451e+00
1.2720000000e+01   -5.3863023249e+00
1.2740000000e+01   -5.7033162339e+00
1.2760000000e+01   -5.2294848804e+00
1.2780000000e+01   -5.2796320866e+00
1.2800000000e+01   -5.6524795048e+00
1.2820000000e+01   -5.3493481344e+00
1.2840000000e+01   -5.2073663179e+00
1.2860000000e+01   -5.6848560695e+00
1.2880000000e+01   -5.5324048432e+00
1.2900000000e+01   -5.1627486485e+00
1.2920000000e+01   -5.8153130324e+00
1.2940000000e+01   -5.8572903295e+00
1.2960000000e+01   -5.1424854636e+00
1.2980000000e+01   -6.1700591965e+00
1.3000000000e+01   -7.2651745449e+00
1.3020000000e+01   -5.1454652998e+00
1.3040000000e+01   -6.3831598194e+00
1.3060000000e+01   -5.8881882039e+00
1.3080000000e+01   -5.1724405952e+00
1.3100000000e+01   -5.7850779858e+00
1.3120000000e+01   -5.6489996148e+00
1.3140000000e+01   -5.2264051504e+00
1.3160000000e+01   -5.5383678633e+00
1.3180000000e+01   -5.5462376723e+00
1.3200000000e+01   -5.3140554969e+00
1.3220000000e+01   -5.3905613385e+00
1.3240000000e+01   -5.5148146928e+00
1.3260000000e+01   -5.4502002944e+00
1.3280000000e+01   -5.2958414029e+00
1.3300000000e+01   -5.5406760611e+00
1.3320000000e+01   -5.6744381007e+00
1.3340000000e+01   -5.2377559180e+00
1.3360000000e+01   -5.6309988507e+00
1.3380000000e+01   -6.1758273567e+00
1.3400000000e+01   -5.2091580087e+00
1.3420000000e+01   -5.8273728410e+00
1.3440000000e+01   -6.1584517081e+00
1.3460000000e+01   -5.2072343800e+00
1.3480000000e+01   -6.3928229597e+00
1.3500000000e+01   -5.7284726675e+00
1.3520000000e+01   -5.2320817855e+00
1.3540000000e+01   -6.0880523079e+00
1.3560000000e+01   -5.5572200792e+00
1.3580000000e+01   -5.2868130906e+00
1.3600000000e+01   -5.6837646104e+00
1.3620000000e+01   -5.4760229410e+00
1.3640000000e+01   -5.3793396039e+00
1.3660000000e+01   -5.4875919965e+00
1.3680000000e+01   -5.4507074135e+00
1.3700000000e+01   -5.5285620008e+00
1.3720000000e+01   -5.3700006261e+00
1.3740000000e+01   -5.4727707176e+00
1.3760000000e+01   -5.7914765238e+00
1.3780000000e+01   -5.2990509335e+00
1.3800000000e+01   -5.5469897280e+00
1.3820000000e+01   -6.6146658628e+00
1.3840000000e+01   -5.2626306588e+00
1.3860000000e+01   -5.6977507929e+00
1.3880000000e+01   -5.9764240802e+00
1.3900000000e+01   -5.2559411547e+00
1.3920000000e+01   -6.0254891983e+00
1.3940000000e+01   -5.6610450651e+00
1.3960000000e+01   -5.2782843275e+00
1.3980000000e+01   -6.5859751496e+00
1.4000000000e+01   -5.5150841937e+00
1.4020000000e+01   -5.3326988397e+00
1.4040000000e+01   -5.8235550772e+00
1.4060000000e+01   -5.4426318175e+00
1.4080000000e+01   -5.4279049334e+00
1.4100000000e+01   -5.5718781086e+00
1.4120000000e+01   -5.4191942659e+00
1.4140000000e+01   -5.5859475283e+00
1.4160000000e+01   -5.4318968222e+00
1.4180000000e+01   -5.4382299176e+00
1.4200000000e+01   -5.8794256314e+00
1.4220000000e+01   -5.3490911696e+00
1.4240000000e+01   -5.5033054866e+00
1.4260000000e+01   -8.0898977838e+00
1.4280000000e+01   -5.3055450473e+00
1.4300000000e+01   -5.6320303259e+00
1.4320000000e+01   -5.9064020470e+00
1.4340000000e+01   -5.2943500086e+00
1.4360000000e+01   -5.8861320281e+00
1.4380000000e+01   -5.6324727088e+00
1.4400000000e+01   -5.3139493251e+00
1.4420000000e+01   -6.9058872284e+00
1.4440000000e+01   -5.4974045411e+00
1.4460000000e+01   -5.3671479112e+00
1.4480000000e+01   -5.9599314900e+00
1.4500000000e+01   -5.4284059557e+00
1.4520000000e+01   -5.4630487621e+00
1.4540000000e+01   -5.6452439496e+00
1.4560000000e+01   -5.4049375740e+00
1.4580000000e+01   -5.6255952992e+00
1.4600000000e+01   -5.4838869532e+00
1.4620000000e+01   -5.4212177833e+00
1.4640000000e+01   -5.9380667732e+00
1.4660000000e+01   -5.3903616843e+00
1.4680000000e+01   -5.4800223116e+00
1.4700000000e+01   -6.9722111901e+00
1.4720000000e+01   -5.3404087614e+00
1.4740000000e+01   -5.5954185969e+00
1.4760000000e+01   -5.8814771125e+00
1.4780000000e+01   -5.3250074761e+00
1.4800000000e+01   -5.8128186639e+00
1.4820000000e+01   -5.6242770255e+00
1.4840000000e+01   -5.3417348164e+00
1.4860000000e+01   -6.4037999443e+00
1.4880000000e+01   -5.4934344064e+00
1.4900000000e+01   -5.3930488286e+00
1.4920000000e+01   -6.0965624606e+00
1.4940000000e+01   -5.4251855100e+00
1.4960000000e+01   -5.4880730578e+00
1.4980000000e+01   -5.7098436828e+00
1.5000000000e+01   -5.4006518645e+00
1.5020000000e+01   -5.6514678178e+00
1.5040000000e+01   -5.5282637340e+00
1.5060000000e+01   -5.4142729386e+00
1.5080000000e+01   -5.9712013766e+00
1.5100000000e+01   -5.4250758606e+00
1.5120000000e+01   -5.4682134610e+00
1.5140000000e+01   -6.8356739309e+00
1.5160000000e+01   -5.3693542614e+00
1.5180000000e+01   -5.5743455544e+00
1.5200000000e+01   -5.8802459026e+00
1.5220000000e+01   -5.3500285009e+00
1.5240000000e+01   -5.7692532799e+00
1.5260000000e+01   -5.6279927834e+00
1.5280000000e+01   -5.3638322894e+00
1.5300000000e+01   -6.2285669878e+00
1.5320000000e+01   -5.4977063220e+00
1.5340000000e+01   -5.4128061667e+00
1.5360000000e+01   -6.2392816620e+00
1.5380000000e+01   -5.4286371685e+00
1.5400000000e+01   -5.5058282233e+00
1.5420000000e+01   -5.7678524938e+00
1.5440000000e+01   -5.4024118300e+00
1.5460000000e+01   -5.6673589423e+00
1.5480000000e+01   -5.5670306013e+00
1.5500000000e+01   -5.4133990081e+00
1.5520000000e+01   -5.9849274977e+00
1.5540000000e+01   -5.4550438362e+00
1.5560000000e+01   -5.4632373219e+00
1.5580000000e+01   -6.8581664127e+00
1.5600000000e+01   -5.3940647208e+00
1.5620000000e+01   -5.5622646426e+00
1.5640000000e+01   -5.8932953791e+00
1.5660000000e+01   -5.3710504953e+00
1.5680000000e+01   -5.7415056170e+00
1.5700000000e+01   -5.6391427594e+00
1.5720000000e+01   -5.3819244617e+00
1.5740000000e+01   -6.1320633095e+00
1.5760000000e+01   -5.5071486908e+00
1.5780000000e+01   -5.4282705442e+00
1.5800000000e+01   -6.3978546303e+00
1.5820000000e+01   -5.4362658303e+00
1.5840000000e+01   -5.5185471084e+00
1.5860000000e+01   -5.8212630096e+00
1.5880000000e+01   -5.4079403788e+00
1.5900000000e+01   -5.6764023404e+00
1.5920000000e+01   -5.6018158956e+00
1.5940000000e+01   -5.4162893014e+00
1.5960000000e+01   -5.9854934408e+00
1.5980000000e+01   -5.4816622406e+00
1.6000000000e+01   -5.4624664324e+00
1.6020000000e+01   -6.9880052170e+00
1.6040000000e+01   -5.4158029424e+00
1.6060000000e+01   -5.5556365247e+00
1.6080000000e+01   -5.9158133287e+00
1.6100000000e+01   -5.3892822442e+00
1.6120000000e+01   -5.7229329562e+00
1.6140000000e+01   -5.6551549447e+00
1.6160000000e+01   -5.3972427900e+00
1.6180000000e+01   -6.0695906458e+00
1.6200000000e+01   -5.5199300026e+00
1.6220000000e+01   -5.4407930472e+00
1.6240000000e+01   -6.5913606604e+00
1.6260000000e+01   -5.4465623963e+00
1.6280000000e+01   -5.5278690675e+00
1.6300000000e+01   -5.8717959781e+00
1.6320000000e+01   -5.4158557215e+00
1.6340000000e+01   -5.6809497963e+00
1.6360000000e+01   -5.6338806429e+00
1.6380000000e+01   -5.4215505027e+00
1.6400000000e+01   -5.9779892507e+00
1.6420000000e+01   -5.5059673011e+00
1.6440000000e+01   -5.4643353467e+00
1.6460000000e+01   -7.2993074165e+00
1.6480000000e+01   -5.4354846837e+00
1.6500000000e+01   -5.5524151763e+00
1.6520000000e+01   -5.9451543507e+00
1.6540000000e+01   -5.4055882331e+00
1.6560000000e+01   -5.7099795412e+00
1.6580000000e+01   -5.6744784775e+00
1.6600000000e+01   -5.4106601383e+00
1.6620000000e+01   -6.0251270506e+00
1.6640000000e+01   -5.5349180700e+00
1.6660000000e+01   -5.4513260374e+00
1.6680000000e+01   -6.8703135307e+00
1.6700000000e+01   -5.4585863653e+00
1.6720000000e+01   -5.5349468906e+00
1.6740000000e+01   -5.9208967197e+00
1.6760000000e+01   -5.4252960286e+00
1.6780000000e+01   -5.6826580232e+00
1.6800000000e+01   -5.6641723383e+00
1.6820000000e+01   -5.4283173092e+00
1.6840000000e+01   -5.9660198727e+00
1.6860000000e+01   -5.5287087332e+00
1.6880000000e+01   -5.4678815945e+00
1.6900000000e+01   -7.9294358259e+00
1.6920000000e+01   -5.4537596457e+00
1.6940000000e+01   -5.5513682209e+00
1.6960000000e+01   -5.9798441765e+00
1.6980000000e+01   -5.4205742171e+00
1.7000000000e+01   -5.7006072015e+00
1.7020000000e+01   -5.6961538201e+00
1.7040000000e+01   -5.4227825655e+00
1.7060000000e+01   -5.9913139936e+00
1.7080000000e+01   -5.5513984336e+00
1.7100000000e+01   -5.4605256419e+00
1.7120000000e+01   -7.5347364551e+00
1.7140000000e+01   -5.4717413601e+00
1.7160000000e+01   -5.5405684485e+00
1.7180000000e+01   -5.9697816740e+00
1.7200000000e+01   -5.4357151339e+00
1.7220000000e+01   -5.6826458649e+00
1.7240000000e+01   -5.6933919249e+00
1.7260000000e+01   -5.4360434585e+00
1.7280000000e+01   -5.9519178946e+00
1.7300000000e+01   -5.5504211442e+00
1.7320000000e+01   -5.4725020286e+00
1.7340000000e+01   -7.1056762816e+00
1.7360000000e+01   -5.4710828572e+00
1.7380000000e+01   -5.5517339894e+00
1.7400000000e+01   -6.0191155886e+00
1.7420000000e+01   -5.4346595302e+00
1.7440000000e+01   -5.6935959395e+00
1.7460000000e+01   -5.7195829185e+00
1.7480000000e+01   -5.4340256561e+00
1.7500000000e+01   -5.9642977657e+00
1.7520000000e+01   -5.5689161101e+00
1.7540000000e+01   -5.4688374779e+00
1.7560000000e+01   -7.1877060266e+00
1.7580000000e+01   -5.4856461143e+00
1.7600000000e+01   -5.5452622764e+00
1.7620000000e+01   -6.0195083694e+00
1.7640000000e+01   -5.4467642166e+00
1.7660000000e+01   -5.6816474497e+00
1.7680000000e+01   -5.7220567111e+00
1.7700000000e+01   -5.4443811503e+00
1.7720000000e+01   -5.9371003295e+00
1.7740000000e+01   -5.5714835515e+00
1.7760000000e+01   -5.4778145243e+00
1.7780000000e+01   -6.8333443697e+00
1.7800000000e+01   -5.4877711505e+00
1.7820000000e+01   -5.5530339863e+00
1.7840000000e+01   -6.0626778080e+00
1.7860000000e+01   -5.4481327797e+00
1.7880000000e+01   -5.6881938297e+00
1.7900000000e+01   -5.7443977027e+00
1.7920000000e+01   -5.4446725667e+00
1.7940000000e+01   -5.9418884200e+00
1.7960000000e+01   -5.5871816867e+00
1.7980000000e+01   -5.4765617370e+00
1.8000000000e+01   -6.8228648874e+00
1.8020000000e+01   -5.5000567587e+00
1.8040000000e+01   -5.5493787075e+00
1.8060000000e+01   -6.0710549105e+00
1.8080000000e+01   -5.4582202310e+00
1.8100000000e+01   -5.6801344940e+00
1.8120000000e+01   -5.7505525860e+00
1.8140000000e+01   -5.4531083980e+00
1.8160000000e+01   -5.9223840301e+00
1.8180000000e+01   -5.5921652377e+00
1.8200000000e+01   -5.4835757435e+00
1.8220000000e+01   -6.6674157020e+00
1.8240000000e+01   -5.5040451908e+00
1.8260000000e+01   -5.5549644902e+00
1.8280000000e+01   -6.1106058236e+00
1.8300000000e+01   -5.4611925043e+00
1.8320000000e+01   -5.6839273929e+00
1.8340000000e+01   -5.7703812421e+00
1.8360000000e+01   -5.4549159399e+00
1.8380000000e+01   -5.9227678543e+00
1.8400000000e+01   -5.6060134267e+00
1.8420000000e+01   -5.4838999448e+00
1.8440000000e+01   -6.6400065693e+00
1.8460000000e+01   -5.5148184532e+00
1.8480000000e+01   -5.5531482112e+00
1.8500000000e+01   -6.1254061733e+00
1.8520000000e+01   -5.4699412950e+00
1.8540000000e+01   -5.6784049494e+00
1.8560000000e+01   -5.7791746004e+00
1.8580000000e+01   -5.4620839442e+00
1.8600000000e+01   -5.9082134245e+00
1.8620000000e+01   -5.6126594714e+00
1.8640000000e+01   -5.4896306593e+00
1.8660000000e+01   -6.5494620085e+00
1.8680000000e+01   -5.5200596101e+00
1.8700000000e+01   -5.5573314769e+00
1.8720000000e+01   -6.1633044787e+00
1.8740000000e+01   -5.4739758926e+00
1.8760000000e+01   -5.6804932147e+00
1.8780000000e+01   -5.7974190336e+00
1.8800000000e+01   -5.4648872220e+00
1.8820000000e+01   -5.9061059209e+00
1.8840000000e+01   -5.6253006277e+00
1.8860000000e+01   -5.4909874508e+00
1.8880000000e+01   -6.5194578318e+00
1.8900000000e+01   -5.5298346035e+00
1.8920000000e+01   -5.5567217260e+00
1.8940000000e+01   -6.1836531789e+00
1.8960000000e+01   -5.4818383141e+00
1.8980000000e+01   -5.6766438830e+00
1.9000000000e+01   -5.8081574272e+00
1.9020000000e+01   -5.4712187179e+00
1.9040000000e+01   -5.8948100169e+00
1.9060000000e+01   -5.6331076091e+00
1.9080000000e+01   -5.4958809054e+00
1.9100000000e+01   -6.4590763023e+00
1.9120000000e+01   -5.5359241124e+00
1.9140000000e+01   -5.5600105373e+00
1.9160000000e+01   -6.2215341349e+00
1.9180000000e+01   -5.4865786488e+00
1.9200000000e+01   -5.6776936855e+00
1.9220000000e+01   -5.8254684797e+00
1.9240000000e+01   -5.4746767632e+00
1.9260000000e+01   -5.8913587357e+00
1.9280000000e+01   -5.6449800265e+00
1.9300000000e+01   -5.4979155349e+00
1.9320000000e+01   -6.4304812008e+00
1.9340000000e+01   -5.5450469763e+00
1.9360000000e+01   -5.5601978827e+00
1.9380000000e+01   -6.2471224013e+00
1.9400000000e+01   -5.4938566862e+00
1.9420000000e+01   -5.6749639842e+00
1.9440000000e+01   -5.8376979229e+00
1.9460000000e+01   -5.4804575257e+00
1.9480000000e+01   -5.8822656709e+00
1.9500000000e+01   -5.6536160255e+00
1.9520000000e+01   -5.5022646477e+00
1.9540000000e+01   -6.3866079355e+00
1.9560000000e+01   -5.5517180373e+00
1.9580000000e+01   -5.5629217661e+00
1.9600000000e+01   -6.2865076953e+00
1.9620000000e+01   -5.4990685544e+00
1.9640000000e+01   -5.6753979354e+00
1.9660000000e+01   -5.8545398494e+00
1.9680000000e+01   -5.4843474234e+00
1.9700000000e+01   -5.8781565961e+00
1.9720000000e+01   -5.6650204509e+00
1.9740000000e+01   -5.5047462525e+00
1.9760000000e+01   -6.3605447308e+00
1.9780000000e+01   -5.5604227328e+00
1.9800000000e+01   -5.5636411035e+00
1.9820000000e+01   -6.3175689300e+00
1.9840000000e+01   -5.5059644058e+00
1.9860000000e+01   -5.6734319974e+00
1.9880000000e+01   -5.8679719465e+00
1.9900000000e+01   -5.4897672072e+00
1.9920000000e+01   -5.8705991257e+00
1.9940000000e+01   -5.6742678965e+00
1.9960000000e+01   -5.5087436661e+00
1.9980000000e+01   -6.3266966453e+00
2.0000000000e+01   -5.5675003170e+00
2.0020000000e+01   -5.5660138484e+00
2.0040000000e+01   -6.3600989114e+00
2.0060000000e+01   -5.5114946457e+00
2.0080000000e+01   -5.6735176703e+00
2.0100000000e+01   -5.8846848052e+00
2.0120000000e+01   -5.4939437059e+00
2.0140000000e+01   -5.8662391059e+00
2.0160000000e+01   -5.6854127930e+00
2.0180000000e+01   -5.5115223187e+00
2.0200000000e+01   -6.3033260341e+00
2.0220000000e+01   -5.5759459263e+00
2.0240000000e+01   -5.5670935234e+00
2.0260000000e+01   -6.3975048840e+00
2.0280000000e+01   -5.5181442867e+00
2.0300000000e+01   -5.6720857633e+00
2.0320000000e+01   -5.8991472626e+00
2.0340000000e+01   -5.4991289333e+00
2.0360000000e+01   -5.8597895808e+00
2.0380000000e+01   -5.6951313734e+00
2.0400000000e+01   -5.5152950153e+00
2.0420000000e+01   -6.2760496799e+00
2.0440000000e+01   -5.5833162482e+00
2.0460000000e+01   -5.5692538999e+00
2.0480000000e+01   -6.4452640466e+00
2.0500000000e+01   -5.5238933955e+00
2.0520000000e+01   -5.6719920390e+00
2.0540000000e+01   -5.9159901685e+00
2.0560000000e+01   -5.5034978605e+00
2.0580000000e+01   -5.8554164338e+00
2.0600000000e+01   -5.7061634724e+00
2.0620000000e+01   -5.5182736558e+00
2.0640000000e+01   -6.2551998111e+00
2.0660000000e+01   -5.5916119146e+00
2.0680000000e+01   -5.5705827942e+00
2.0700000000e+01   -6.4908301514e+00
2.0720000000e+01   -5.5303888662e+00
2.0740000000e+01   -5.6709451173e+00
2.0760000000e+01   -5.9313940110e+00
2.0780000000e+01   -5.5085331836e+00
2.0800000000e+01   -5.8497963357e+00
2.0820000000e+01   -5.7162652747e+00
2.0840000000e+01   -5.5219056232e+00
2.0860000000e+01   -6.2324994885e+00
2.0880000000e+01   -5.5992020886e+00
2.0900000000e+01   -5.5726209482e+00
2.0920000000e+01   -6.5469429666e+00
2.0940000000e+01   -5.5362928629e+00
2.0960000000e+01   -5.6707780679e+00
2.0980000000e+01   -5.9485755686e+00
2.1000000000e+01   -5.5130339479e+00
2.1020000000e+01   -5.8455455805e+00
2.1040000000e+01   -5.7272902182e+00
2.1060000000e+01   -5.5250217171e+00
2.1080000000e+01   -6.2138983588e+00
2.1100000000e+01   -5.6074236896e+00
2.1120000000e+01   -5.5741271741e+00
2.1140000000e+01   -6.6042160832e+00
2.1160000000e+01   -5.5426970614e+00
2.1180000000e+01   -5.6700188189e+00
2.1200000000e+01   -5.9648939518e+00
2.1220000000e+01   -5.5179764678e+00
2.1240000000e+01   -5.8405700782e+00
2.1260000000e+01   -5.7377230920e+00
2.1280000000e+01   -5.5285687861e+00
2.1300000000e+01   -6.1945452401e+00
2.1320000000e+01   -5.6151881800e+00
2.1340000000e+01   -5.5761017361e+00
2.1360000000e+01   -6.6742331085e+00
2.1380000000e+01   -5.5487154788e+00
2.1400000000e+01   -5.6698445689e+00
2.1420000000e+01   -5.9825942673e+00
2.1440000000e+01   -5.5225705442e+00
2.1460000000e+01   -5.8365155076e+00
2.1480000000e+01   -5.7488194115e+00
2.1500000000e+01   -5.5317823379e+00
2.1520000000e+01   -6.1779101196e+00
2.1540000000e+01   -5.6233894759e+00
2.1560000000e+01   -5.5777388397e+00
2.1580000000e+01   -6.7507181295e+00
2.1600000000e+01   -5.5550719792e+00
2.1620000000e+01   -5.6693089351e+00
2.1640000000e+01   -5.9998495364e+00
2.1660000000e+01   -5.5274591855e+00
2.1680000000e+01   -5.8320592182e+00
2.1700000000e+01   -5.7595558728e+00
2.1720000000e+01   -5.5352818935e+00
2.1740000000e+01   -6.1611067453e+00
2.1760000000e+01   -5.6313010783e+00
2.1780000000e+01   -5.5796880141e+00
2.1800000000e+01   -6.8468120771e+00
2.1820000000e+01   -5.5611799172e+00
2.1840000000e+01   -5.6691682334e+00
2.1860000000e+01   -6.0182369418e+00
2.1880000000e+01   -5.5321225410e+00
2.1900000000e+01   -5.8282376183e+00
2.1920000000e+01   -5.7707844947e+00
2.1940000000e+01   -5.5385676141e+00
2.1960000000e+01   -6.1461773342e+00
2.1980000000e+01   -5.6395211724e+00
2.2000000000e+01   -5.5814260378e+00
2.2020000000e+01   -6.9621560064e+00
2.2040000000e+01   -5.5675194866e+00
2.2060000000e+01   -5.6688136003e+00
2.2080000000e+01   -6.0364938307e+00
2.2100000000e+01   -5.5369842321e+00
2.2120000000e+01   -5.8242133100e+00
2.2140000000e+01   -5.7818143690e+00
2.2160000000e+01   -5.5420449521e+00
2.2180000000e+01   -6.1313823141e+00
2.2200000000e+01   -5.6475650198e+00
2.2220000000e+01   -5.5833747912e+00
2.2240000000e+01   -7.1223572409e+00
2.2260000000e+01   -5.5737023554e+00
2.2280000000e+01   -5.6687311101e+00
2.2300000000e+01   -6.0557386518e+00
2.2320000000e+01   -5.5417023455e+00
2.2340000000e+01   -5.8206395323e+00
2.2360000000e+01   -5.7932251274e+00
2.2380000000e+01   -5.5453871425e+00
2.2400000000e+01   -6.1179307940e+00
2.2420000000e+01   -5.6558333571e+00
2.2440000000e+01   -5.5851944824e+00
2.2460000000e+01   -7.3633696262e+00
2.2480000000e+01   -5.5800472813e+00
2.2500000000e+01   -5.6685287434e+00
2.2520000000e+01   -6.0751024419e+00
2.2540000000e+01   -5.5465560942e+00
2.2560000000e+01   -5.8169847799e+00
2.2580000000e+01   -5.8045507264e+00
2.2600000000e+01   -5.5488596298e+00
2.2620000000e+01   -6.1047618354e+00
2.2640000000e+01   -5.6640029444e+00
2.2660000000e+01   -5.5871592043e+00
2.2680000000e+01   -7.9554678045e+00
2.2700000000e+01   -5.5862973297e+00
2.2720000000e+01   -5.6685189649e+00
2.2740000000e+01   -6.0953897125e+00
2.2760000000e+01   -5.5513206830e+00
2.2780000000e+01   -5.8136609239e+00
2.2800000000e+01   -5.8161868840e+00
2.2820000000e+01   -5.5522488395e+00
2.2840000000e+01   -6.0925934616e+00
2.2860000000e+01   -5.6723426703e+00
2.2880000000e+01   -5.5890482611e+00
2.2900000000e+01   -7.6994727168e+00
2.2920000000e+01   -5.5926642959e+00
2.2940000000e+01   -5.6684491588e+00
2.2960000000e+01   -6.1160089482e+00
2.2980000000e+01   -5.5561802654e+00
2.3000000000e+01   -5.8103296825e+00
2.3020000000e+01   -5.8278199109e+00
2.3040000000e+01   -5.5557286387e+00
2.3060000000e+01   -6.0807711558e+00
2.3080000000e+01   -5.6806372270e+00
2.3100000000e+01   -5.5910397855e+00
2.3120000000e+01   -7.2932201480e+00
2.3140000000e+01   -5.5989783189e+00
2.3160000000e+01   -5.6685202052e+00
2.3180000000e+01   -6.1375518684e+00
2.3200000000e+01   -5.5609871365e+00
2.3220000000e+01   -5.8072506738e+00
2.3240000000e+01   -5.8397213675e+00
2.3260000000e+01   -5.5591594847e+00
2.3280000000e+01   -6.0697212405e+00
2.3300000000e+01   -5.6890674529e+00
2.3320000000e+01   -5.5929904242e+00
2.3340000000e+01   -7.0920968526e+00
2.3360000000e+01   -5.6053803200e+00
2.3380000000e+01   -5.6685691637e+00
2.3400000000e+01   -6.1596259996e+00
2.3420000000e+01   -5.5658628718e+00
2.3440000000e+01   -5.8042079136e+00
2.3460000000e+01   -5.8516810151e+00
2.3480000000e+01   -5.5626553391e+00
2.3500000000e+01   -6.0590351441e+00
2.3520000000e+01   -5.6974902180e+00
2.3540000000e+01   -5.5950159893e+00
2.3560000000e+01   -6.9562028855e+00
2.3580000000e+01   -5.6117581510e+00
2.3600000000e+01   -5.6687251659e+00
2.3620000000e+01   -6.1826821994e+00
2.3640000000e+01   -5.5707105128e+00
2.3660000000e+01   -5.8013648731e+00
2.3680000000e+01   -5.8638866674e+00
2.3700000000e+01   -5.5661250831e+00
2.3720000000e+01   -6.0489649670e+00
2.3740000000e+01   -5.7060275611e+00
2.3760000000e+01   -5.5970233661e+00
2.3780000000e+01   -6.8553001314e+00
2.3800000000e+01   -5.6182057692e+00
2.3820000000e+01   -5.6688829948e+00
2.3840000000e+01   -6.2064755057e+00
2.3860000000e+01   -5.5756104368e+00
2.3880000000e+01   -5.7985831294e+00
2.3900000000e+01   -5.8761985588e+00
2.3920000000e+01   -5.5696434867e+00
2.3940000000e+01   -6.0392523970e+00
2.3960000000e+01   -5.7145846618e+00
2.3980000000e+01   -5.5990878859e+00
2.4000000000e+01   -6.7743735574e+00
2.4020000000e+01   -5.6246492901e+00
2.4040000000e+01   -5.6691256314e+00
2.4060000000e+01   -6.2313689696e+00
2.4080000000e+01   -5.5804990938e+00
2.4100000000e+01   -5.7959653887e+00
2.4120000000e+01   -5.8887481348e+00
2.4140000000e+01   -5.5731511078e+00
2.4160000000e+01   -6.0300451178e+00
2.4180000000e+01   -5.7232443037e+00
2.4200000000e+01   -5.6011490743e+00
2.4220000000e+01   -6.7076917960e+00
2.4240000000e+01   -5.6311515507e+00
2.4260000000e+01   -5.6693850399e+00
2.4280000000e+01   -6.2572336249e+00
2.4300000000e+01   -5.5854297359e+00
2.4320000000e+01   -5.7934225193e+00
2.4340000000e+01   -5.9014438816e+00
2.4360000000e+01   -5.5766970738e+00
2.4380000000e+01   -6.0211774609e+00
2.4400000000e+01   -5.7319440415e+00
2.4420000000e+01   -5.6032559633e+00
2.4440000000e+01   -6.6506625480e+00
2.4460000000e+01   -5.6376640460e+00
2.4480000000e+01   -5.6697145083e+00
2.4500000000e+01   -6.2843868486e+00
2.4520000000e+01   -5.5903608108e+00
2.4540000000e+01   -5.7910188061e+00
2.4560000000e+01   -5.9143794780e+00
2.4580000000e+01   -5.5802426657e+00
2.4600000000e+01   -6.0127344453e+00
2.4620000000e+01   -5.7407404696e+00
2.4640000000e+01   -5.6053692906e+00
2.4660000000e+01   -6.6013091321e+00
2.4680000000e+01   -5.6442289940e+00
2.4700000000e+01   -5.6700699681e+00
2.4720000000e+01   -6.3128006864e+00
2.4740000000e+01   -5.5953277105e+00
2.4760000000e+01   -5.7886965139e+00
2.4780000000e+01   -5.9274967194e+00
2.4800000000e+01   -5.5838202308e+00
2.4820000000e+01   -6.0046080511e+00
2.4840000000e+01   -5.7495928813e+00
2.4860000000e+01   -5.6075209996e+00
2.4880000000e+01   -6.5576496768e+00
2.4900000000e+01   -5.6508147336e+00
2.4920000000e+01   -5.6704855997e+00
2.4940000000e+01   -6.3427852129e+00
2.4960000000e+01   -5.6003033702e+00
2.4980000000e+01   -5.7864956329e+00
2.5000000000e+01   -5.9408642142e+00
2.5020000000e+01   -5.5874046101e+00
2.5040000000e+01   -5.9968457302e+00
2.5060000000e+01   -5.7585404240e+00
2.5080000000e+01   -5.6096856173e+00
2.5100000000e+01   -6.5187698391e+00
2.5120000000e+01   -5.6574498253e+00
2.5140000000e+01   -5.6709327971e+00
2.5160000000e+01   -6.3744150997e+00
2.5180000000e+01   -5.6053114215e+00
2.5200000000e+01   -5.7843784773e+00
2.5220000000e+01   -5.9544470666e+00
2.5240000000e+01   -5.5910171682e+00
2.5260000000e+01   -5.9893756859e+00
2.5280000000e+01   -5.7675570322e+00
2.5300000000e+01   -5.6118839809e+00
2.5320000000e+01   -6.4836497077e+00
2.5340000000e+01   -5.6641137988e+00
2.5360000000e+01   -5.6714334438e+00
2.5380000000e+01   -6.4080362549e+00
2.5400000000e+01   -5.6103343447e+00
2.5420000000e+01   -5.7823696824e+00
2.5440000000e+01   -5.9682975478e+00
2.5460000000e+01   -5.5946416208e+00
2.5480000000e+01   -5.9822229399e+00
2.5500000000e+01   -5.7766702620e+00
2.5520000000e+01   -5.6140995852e+00
2.5540000000e+01   -6.4517839286e+00
2.5560000000e+01   -5.6708261731e+00
2.5580000000e+01   -5.6719689206e+00
2.5600000000e+01   -6.4438496209e+00
2.5620000000e+01   -5.6153880277e+00
2.5640000000e+01   -5.7804444055e+00
2.5660000000e+01   -5.9823974423e+00
2.5680000000e+01   -5.5982921431e+00
2.5700000000e+01   -5.9753387009e+00
2.5720000000e+01   -5.7858639568e+00
2.5740000000e+01   -5.6163460485e+00
2.5760000000e+01   -6.4225871514e+00
2.5780000000e+01   -5.6775739248e+00
2.5800000000e+01   -5.6725531979e+00
2.5820000000e+01   -6.4822989826e+00
2.5840000000e+01   -5.6204612435e+00
2.5860000000e+01   -5.7786175891e+00
2.5880000000e+01   -5.9967887785e+00
2.5900000000e+01   -5.6019582611e+00
2.5920000000e+01   -5.9687347091e+00
2.5940000000e+01   -5.7951580120e+00
2.5960000000e+01   -5.6186127004e+00
2.5980000000e+01   -6.3957456916e+00
2.6000000000e+01   -5.6843705951e+00
2.6020000000e+01   -5.6731741143e+00
2.6040000000e+01   -6.5237739935e+00
2.6060000000e+01   -5.6255647819e+00
2.6080000000e+01   -5.7768726468e+00
2.6100000000e+01   -6.0114657155e+00
2.6120000000e+01   -5.6056494433e+00
2.6140000000e+01   -5.9623769604e+00
2.6160000000e+01   -5.8045430291e+00
2.6180000000e+01   -5.6209084665e+00
2.6200000000e+01   -6.3708969849e+00
2.6220000000e+01   -5.6912081269e+00
2.6240000000e+01   -5.6738405516e+00
2.6260000000e+01   -6.5689282559e+00
2.6280000000e+01   -5.6306915671e+00
2.6300000000e+01   -5.7752184192e+00
2.6320000000e+01   -6.0264644021e+00
2.6340000000e+01   -5.6093590199e+00
2.6360000000e+01   -5.9562694487e+00
2.6380000000e+01   -5.8140338919e+00
2.6400000000e+01   -5.6232264734e+00
2.6420000000e+01   -6.3478304553e+00
2.6440000000e+01   -5.6980961210e+00
2.6460000000e+01   -5.6745445281e+00
2.6480000000e+01   -6.6184887017e+00
2.6500000000e+01   -5.6358490376e+00
2.6520000000e+01   -5.7736436477e+00
2.6540000000e+01   -6.0417886922e+00
2.6560000000e+01   -5.6130933811e+00
2.6580000000e+01   -5.9503878000e+00
2.6600000000e+01   -5.8236258635e+00
2.6620000000e+01   -5.6255725998e+00
2.6640000000e+01   -6.3263081574e+00
2.6660000000e+01   -5.7050298421e+00
2.6680000000e+01   -5.6752916591e+00
2.6700000000e+01   -6.6735651458e+00
2.6720000000e+01   -5.6410328565e+00
2.6740000000e+01   -5.7721533501e+00
2.6760000000e+01   -6.0574721209e+00
2.6780000000e+01   -5.6168483466e+00
2.6800000000e+01   -5.9447316066e+00
2.6820000000e+01   -5.8333306122e+00
2.6840000000e+01   -5.6279424425e+00
2.6860000000e+01   -6.3061808202e+00
2.6880000000e+01   -5.7120163069e+00
2.6900000000e+01   -5.6760766723e+00
2.6920000000e+01   -6.7356061905e+00
2.6940000000e+01   -5.6462482623e+00
2.6960000000e+01   -5.7707397257e+00
2.6980000000e+01   -6.0735267527e+00
2.7000000000e+01   -5.6206282936e+00
2.7020000000e+01   -5.9392828708e+00
2.7040000000e+01   -5.8431466820e+00
2.7060000000e+01   -5.6303399016e+00
2.7080000000e+01   -6.2872849045e+00
2.7100000000e+01   -5.7190530168e+00
2.7120000000e+01   -5.6769030879e+00
2.7140000000e+01   -6.8068481847e+00
2.7160000000e+01   -5.6514927315e+00
2.7180000000e+01   -5.7694054096e+00
2.7200000000e+01   -6.0899861156e+00
2.7220000000e+01   -5.6244306748e+00
2.7240000000e+01   -5.9340387848e+00
2.7260000000e+01   -5.8530837462e+00
2.7280000000e+01   -5.6327621852e+00
2.7300000000e+01   -6.2695103491e+00
2.7320000000e+01   -5.7261453047e+00
2.7340000000e+01   -5.6777673970e+00
2.7360000000e+01   -6.8906778162e+00
2.7380000000e+01   -5.6567700598e+00
2.7400000000e+01   -5.7681448649e+00
2.7420000000e+01   -6.1068699364e+00
2.7440000000e+01   -5.6282585505e+00
2.7460000000e+01   -5.9289856559e+00
2.7480000000e+01   -5.8631427319e+00
2.7500000000e+01   -5.6352119080e+00
2.7520000000e+01   -6.2527403937e+00
2.7540000000e+01   -5.7332921948e+00
2.7560000000e+01   -5.6786717783e+00
2.7580000000e+01   -6.9929169801e+00
2.7600000000e+01   -5.6620789287e+00
2.7620000000e+01   -5.7669592554e+00
2.7640000000e+01   -6.1242140484e+00
2.7660000000e+01   -5.6321104457e+00
2.7680000000e+01   -5.9241194705e+00
2.7700000000e+01   -5.8733321633e+00
2.7720000000e+01   -5.6376873300e+00
2.7740000000e+01   -6.2368914608e+00
2.7760000000e+01   -5.7404979389e+00
2.7780000000e+01   -5.6796138736e+00
2.7800000000e+01   -7.1245140409e+00
2.7820000000e+01   -5.6674221927e+00
2.7840000000e+01   -5.7658445393e+00
2.7860000000e+01   -6.1420460917e+00
2.7880000000e+01   -5.6359885611e+00
2.7900000000e+01   -5.9194295029e+00
2.7920000000e+01   -5.8836547759e+00
2.7940000000e+01   -5.6401902329e+00
2.7960000000e+01   -6.2218774709e+00
2.7980000000e+01   -5.7477626129e+00
2.8000000000e+01   -5.6805950072e+00
2.8020000000e+01   -7.3107174911e+00
2.8040000000e+01   -5.6727993378e+00
2.8060000000e+01   -5.7648009870e+00
2.8080000000e+01   -6.1604065324e+00
2.8100000000e+01   -5.6398921273e+00
2.8120000000e+01   -5.9149112377e+00
2.8140000000e+01   -5.8941185451e+00
2.8160000000e+01   -5.6427195641e+00
2.8180000000e+01   -6.2076334856e+00
2.8200000000e+01   -5.7550897940e+00
2.8220000000e+01   -5.6816135750e+00
2.8240000000e+01   -7.6361037909e+00
2.8260000000e+01   -5.6782126097e+00
2.8280000000e+01   -5.7638255561e+00
2.8300000000e+01   -6.1793319808e+00
2.8320000000e+01   -5.6438227857e+00
2.8340000000e+01   -5.9105560431e+00
2.8360000000e+01   -5.9047276637e+00
2.8380000000e+01   -5.6452765673e+00
2.8400000000e+01   -6.1940942867e+00
2.8420000000e+01   -5.7624803019e+00
2.8440000000e+01   -5.6826703607e+00
2.8460000000e+01   -8.6414067964e+00
2.8480000000e+01   -5.6836620362e+00
2.8500000000e+01   -5.7629179877e+00
2.8520000000e+01   -6.1988701918e+00
2.8540000000e+01   -5.6477802323e+00
2.8560000000e+01   -5.9063593067e+00
2.8580000000e+01   -5.9154900006e+00
2.8600000000e+01   -5.6478606403e+00
2.8620000000e+01   -6.1812084742e+00
2.8640000000e+01   -5.7699373143e+00
2.8660000000e+01   -5.6837642573e+00
2.8680000000e+01   -7.5638267731e+00
2.8700000000e+01   -5.6891494749e+00
2.8720000000e+01   -5.7620759180e+00
2.8740000000e+01   -6.2190687499e+00
2.8760000000e+01   -5.6517657468e+00
2.8780000000e+01   -5.9023139135e+00
2.8800000000e+01   -5.9264110126e+00
2.8820000000e+01   -5.6504726799e+00
2.8840000000e+01   -6.1689254667e+00
2.8860000000e+01   -5.7774621970e+00
2.8880000000e+01   -5.6848957094e+00
2.8900000000e+01   -7.2844523989e+00
2.8920000000e+01   -5.6946753248e+00
2.8940000000e+01   -5.7612987872e+00
2.8960000000e+01   -6.2399860718e+00
2.8980000000e+01   -5.6557793344e+00
2.9000000000e+01   -5.8984153773e+00
2.9020000000e+01   -5.9374988045e+00
2.9040000000e+01   -5.6531123812e+00
2.9060000000e+01   -6.1572039434e+00
2.9080000000e+01   -5.7850579162e+00
2.9100000000e+01   -5.6860639416e+00
2.9120000000e+01   -7.1179261723e+00
2.9140000000e+01   -5.7002412013e+00
2.9160000000e+01   -5.7605847018e+00
2.9180000000e+01   -6.2616839967e+00
2.9200000000e+01   -5.6598220425e+00
2.9220000000e+01   -5.8946577131e+00
2.9240000000e+01   -5.9487600202e+00
2.9260000000e+01   -5.6557804189e+00
2.9280000000e+01   -6.1460038794e+00
2.9300000000e+01   -5.7927262596e+00
2.9320000000e+01   -5.6872691883e+00
2.9340000000e+01   -6.9994169832e+00
2.9360000000e+01   -5.7058477639e+00
2.9380000000e+01   -5.7599329435e+00
2.9400000000e+01   -6.2842362671e+00
2.9420000000e+01   -5.6638940844e+00
2.9440000000e+01   -5.8910366764e+00
2.9460000000e+01   -5.9602032872e+00
2.9480000000e+01   -5.6584766856e+00
2.9500000000e+01   -6.1352916109e+00
2.9520000000e+01   -5.8004701139e+00
2.9540000000e+01   -5.6885108983e+00
2.9560000000e+01   -6.9076672029e+00
2.9580000000e+01   -5.7114964844e+00
2.9600000000e+01   -5.7593419530e+00
2.9620000000e+01   -6.3077241546e+00
2.9640000000e+01   -5.6679963602e+00
2.9660000000e+01   -5.8875471469e+00
2.9680000000e+01   -5.9718364484e+00
2.9700000000e+01   -5.6612017146e+00
2.9720000000e+01   -6.1250349140e+00
2.9740000000e+01   -5.8082916137e+00
2.9760000000e+01   -5.6897891786e+00
2.9780000000e+01   -6.8329996491e+00
2.9800000000e+01   -5.7171882118e+00
2.9820000000e+01   -5.7588109405e+00
2.9840000000e+01   -6.3322436085e+00
2.9860000000e+01   -5.6721292259e+00
2.9880000000e+01   -5.8841851738e+00
2.9900000000e+01   -5.9836689171e+00
2.9920000000e+01   -5.6639555318e+00
2.9940000000e+01   -6.1152060406e+00
2.9960000000e+01   -5.8161936622e+00
2.9980000000e+01   -5.6911036323e+00
3.0000000000e+01   -6.7701953691e+00
3.0020000000e+01   -5.7229243408e+00
3.0040000000e+01   -5.7583385914e+00
3.0060000000e+01   -6.3579035677e+00
3.0080000000e+01   -5.6762934910e+00
3.0100000000e+01   -5.8809463161e+00
3.0120000000e+01   -5.9957098215e+00
3.0140000000e+01   -5.6667385824e+00
3.0160000000e+01   -6.1057786554e+00
3.0180000000e+01   -5.8241786994e+00
3.0200000000e+01   -5.6924542924e+00
3.0220000000e+01   -6.7161091084e+00
3.0240000000e+01   -5.7287058651e+00
3.0260000000e+01   -5.7579240980e+00
3.0280000000e+01   -6.3848329348e+00
3.0300000000e+01   -5.6804896118e+00
3.0320000000e+01   -5.8778269324e+00
3.0340000000e+01   -6.0079696263e+00
3.0360000000e+01   -5.6695509834e+00
3.0380000000e+01   -6.0967296493e+00
3.0400000000e+01   -5.8322497183e+00
3.0420000000e+01   -5.6938408702e+00
3.0440000000e+01   -6.6687035982e+00
3.0460000000e+01   -5.7345341487e+00
3.0480000000e+01   -5.7575663296e+00
3.0500000000e+01   -6.4131818076e+00
3.0520000000e+01   -5.6847183449e+00
3.0540000000e+01   -5.8748231274e+00
3.0560000000e+01   -6.0204589007e+00
3.0580000000e+01   -5.6723931268e+00
3.0600000000e+01   -6.0880372164e+00
3.0620000000e+01   -5.8404094465e+00
3.0640000000e+01   -5.6952633592e+00
3.0660000000e+01   -6.6265793777e+00
3.0680000000e+01   -5.7404103020e+00
3.0700000000e+01   -5.7572644931e+00
3.0720000000e+01   -6.4431297845e+00
3.0740000000e+01   -5.6889802197e+00
3.0760000000e+01   -5.8719315653e+00
3.0780000000e+01   -6.0331894508e+00
3.0800000000e+01   -5.6752651933e+00
3.0820000000e+01   -6.0796819323e+00
3.0840000000e+01   -5.8486610263e+00
3.0860000000e+01   -5.6967215485e+00
3.0880000000e+01   -6.5887366357e+00
3.0900000000e+01   -5.7463356916e+00
3.0920000000e+01   -5.7570176001e+00
3.0940000000e+01   -6.4748912901e+00
3.0960000000e+01   -5.6932759663e+00
3.0980000000e+01   -5.8691487981e+00
3.1000000000e+01   -6.0461735156e+00
3.1020000000e+01   -5.6781675453e+00
3.1040000000e+01   -6.0716455336e+00
3.1060000000e+01   -5.8570074721e+00
3.1080000000e+01   -5.6982154140e+00
3.1100000000e+01   -6.5544338928e+00
3.1120000000e+01   -5.7523115287e+00
3.1140000000e+01   -5.7568248910e+00
3.1160000000e+01   -6.5087277981e+00
3.1180000000e+01   -5.6976061695e+00
3.1200000000e+01   -5.8664717803e+00
3.1220000000e+01   -6.0594245786e+00
3.1240000000e+01   -5.6811004093e+00
3.1260000000e+01   -6.0639115562e+00
3.1280000000e+01   -5.8654521283e+00
3.1300000000e+01   -5.6997448029e+00
3.1320000000e+01   -6.5231077986e+00
3.1340000000e+01   -5.7583392069e+00
3.1360000000e+01   -5.7566854911e+00
3.1380000000e+01   -6.5449604339e+00
3.1400000000e+01   -5.7019715510e+00
3.1420000000e+01   -5.8638974381e+00
3.1440000000e+01   -6.0729568622e+00
3.1460000000e+01   -5.6840641334e+00
3.1480000000e+01   -6.0564645497e+00
3.1500000000e+01   -5.8739983083e+00
3.1520000000e+01   -5.7013096876e+00
3.1540000000e+01   -6.4943189616e+00
3.1560000000e+01   -5.7644200302e+00
3.1580000000e+01   -5.7565986843e+00
3.1600000000e+01   -6.5839916693e+00
3.1620000000e+01   -5.7063727406e+00
3.1640000000e+01   -5.8614229955e+00
3.1660000000e+01   -6.0867859351e+00
3.1680000000e+01   -5.6870589790e+00
3.1700000000e+01   -6.0492904520e+00
3.1720000000e+01   -5.8826496075e+00
3.1740000000e+01   -5.7029099598e+00
3.1760000000e+01   -6.4677190949e+00
3.1780000000e+01   -5.7705554382e+00
3.1800000000e+01   -5.7565636898e+00
3.1820000000e+01   -6.6263335726e+00
3.1840000000e+01   -5.7108104637e+00
3.1860000000e+01   -5.8590456964e+00
3.1880000000e+01   -6.1009284213e+00
3.1900000000e+01   -5.6900852898e+00
3.1920000000e+01   -6.0423760770e+00
3.1940000000e+01   -5.8914096633e+00
3.1960000000e+01   -5.7045455970e+00
3.1980000000e+01   -6.4430266768e+00
3.2000000000e+01   -5.7767468255e+00
3.2020000000e+01   -5.7565798392e+00
3.2040000000e+01   -6.6726532882e+00
3.2060000000e+01   -5.7152853899e+00
3.2080000000e+01   -5.8567630116e+00
3.2100000000e+01   -6.1154024854e+00
3.2120000000e+01   -5.6931433553e+00
3.2140000000e+01   -6.0357093294e+00
3.2160000000e+01   -5.9002823704e+00
3.2180000000e+01   -5.7062165275e+00
3.2200000000e+01   -6.4200115220e+00
3.2220000000e+01   -5.7829956930e+00
3.2240000000e+01   -5.7566464317e+00
3.2260000000e+01   -6.7238412993e+00
3.2280000000e+01   -5.7197982568e+00
3.2300000000e+01   -5.8545724592e+00
3.2320000000e+01   -6.1302277078e+00
3.2340000000e+01   -5.6962335216e+00
3.2360000000e+01   -6.0292788675e+00
3.2380000000e+01   -5.9092717252e+00
3.2400000000e+01   -5.7079227387e+00
3.2420000000e+01   -6.3984825585e+00
3.2440000000e+01   -5.7893035283e+00
3.2460000000e+01   -5.7567628477e+00
3.2480000000e+01   -6.7811252465e+00
3.2500000000e+01   -5.7243497712e+00
3.2520000000e+01   -5.8524717339e+00
3.2540000000e+01   -6.1454255062e+00
3.2560000000e+01   -5.6993561025e+00
3.2580000000e+01   -6.0230742207e+00
3.2600000000e+01   -5.9183819740e+00
3.2620000000e+01   -5.7096641898e+00
3.2640000000e+01   -6.3782798032e+00
3.2660000000e+01   -5.7956719068e+00
3.2680000000e+01   -5.7569284560e+00
3.2700000000e+01   -6.8462637970e+00
3.2720000000e+01   -5.7289406899e+00
3.2740000000e+01   -5.8504585924e+00
3.2760000000e+01   -6.1610191550e+00
3.2780000000e+01   -5.7025114509e+00
3.2800000000e+01   -6.0170855659e+00
3.2820000000e+01   -5.9276175164e+00
3.2840000000e+01   -5.7114408814e+00
3.2860000000e+01   -6.3592676986e+00
3.2880000000e+01   -5.8021024140e+00
3.2900000000e+01   -5.7571426853e+00
3.2920000000e+01   -6.9219067427e+00
3.2940000000e+01   -5.7335717561e+00
3.2960000000e+01   -5.8485309324e+00
3.2980000000e+01   -6.1770341917e+00
3.3000000000e+01   -5.7056999024e+00
3.3020000000e+01   -6.0113037850e+00
3.3040000000e+01   -5.9369830090e+00
3.3060000000e+01   -5.7132527998e+00
3.3080000000e+01   -6.3413305948e+00
3.3100000000e+01   -5.8085967129e+00
3.3120000000e+01   -5.7574049658e+00
3.3140000000e+01   -7.0123206799e+00
3.3160000000e+01   -5.7382437514e+00
3.3180000000e+01   -5.8466867199e+00
3.3200000000e+01   -6.1934985746e+00
3.3220000000e+01   -5.7089218206e+00
3.3240000000e+01   -6.0057203164e+00
3.3260000000e+01   -5.9464833090e+00
3.3280000000e+01   -5.7150999610e+00
3.3300000000e+01   -6.3243688799e+00
3.3320000000e+01   -5.8151564942e+00
3.3340000000e+01   -5.7577147734e+00
3.3360000000e+01   -7.1250505921e+00
3.3380000000e+01   -5.7429574556e+00
3.3400000000e+01   -5.8449240362e+00
3.3420000000e+01   -6.2104431272e+00
3.3440000000e+01   -5.7121775615e+00
3.3460000000e+01   -6.0003271778e+00
3.3480000000e+01   -5.9561235508e+00
3.3500000000e+01   -5.7169823752e+00
3.3520000000e+01   -6.3082962725e+00
3.3540000000e+01   -5.8217835215e+00
3.3560000000e+01   -5.7580715927e+00
3.3580000000e+01   -7.2754769007e+00
3.3600000000e+01   -5.7477136805e+00
3.3620000000e+01   -5.8432410319e+00
3.3640000000e+01   -6.2279018445e+00
3.3660000000e+01   -5.7154675022e+00
3.3680000000e+01   -5.9951168641e+00
3.3700000000e+01   -5.9659091161e+00
3.3720000000e+01   -5.7189000753e+00
3.3740000000e+01   -6.2930374543e+00
3.3760000000e+01   -5.8284795997e+00
3.3780000000e+01   -5.7584749454e+00
3.3800000000e+01   -7.5037823195e+00
3.3820000000e+01   -5.7525132438e+00
3.3840000000e+01   -5.8416359551e+00
3.3860000000e+01   -6.2459124352e+00
3.3880000000e+01   -5.7187920181e+00
3.3900000000e+01   -5.9900823528e+00
3.3920000000e+01   -5.9758456946e+00
3.3940000000e+01   -5.7208530937e+00
3.3960000000e+01   -6.2785263671e+00
3.3980000000e+01   -5.8352466068e+00
3.4000000000e+01   -5.7589243654e+00
3.4020000000e+01   -8.0029140998e+00
3.4040000000e+01   -5.7573569922e+00
3.4060000000e+01   -5.8401071199e+00
3.4080000000e+01   -6.2645168146e+00
3.4100000000e+01   -5.7221515024e+00
3.4120000000e+01   -5.9852170307e+00
3.4140000000e+01   -5.9859392737e+00
3.4160000000e+01   -5.7228414809e+00
3.4180000000e+01   -6.2647046980e+00
3.4200000000e+01   -5.8420864732e+00
3.4220000000e+01   -5.7594194175e+00
3.4240000000e+01   -7.9500525989e+00
3.4260000000e+01   -5.7622457835e+00
3.4280000000e+01   -5.8386529252e+00
3.4300000000e+01   -6.2837618241e+00
3.4320000000e+01   -5.7255463502e+00
3.4340000000e+01   -5.9805146917e+00
3.4360000000e+01   -5.9961961914e+00
3.4380000000e+01   -5.7248652901e+00
3.4400000000e+01   -6.2515207665e+00
3.4420000000e+01   -5.8490012056e+00
3.4440000000e+01   -5.7599596809e+00
3.4460000000e+01   -7.4933614880e+00
3.4480000000e+01   -5.7671805034e+00
3.4500000000e+01   -5.8372718317e+00
3.4520000000e+01   -6.3036999830e+00
3.4540000000e+01   -5.7289769723e+00
3.4560000000e+01   -5.9759694818e+00
3.4580000000e+01   -6.0066231392e+00
3.4600000000e+01   -5.7269245898e+00
3.4620000000e+01   -6.2389285190e+00
3.4640000000e+01   -5.8559928737e+00
3.4660000000e+01   -5.7605447614e+00
3.4680000000e+01   -7.2778389729e+00
3.4700000000e+01   -5.7721620531e+00
3.4720000000e+01   -5.8359623742e+00
3.4740000000e+01   -6.3243905014e+00
3.4760000000e+01   -5.7324437843e+00
3.4780000000e+01   -5.9715758924e+00
3.4800000000e+01   -6.0172272131e+00
3.4820000000e+01   -5.7290194534e+00
3.4840000000e+01   -6.2268867746e+00
3.4860000000e+01   -5.8630636283e+00
3.4880000000e+01   -5.7611742800e+00
3.4900000000e+01   -7.1359680272e+00
3.4920000000e+01   -5.7771913615e+00
3.4940000000e+01   -5.8347231458e+00
3.4960000000e+01   -6.3459004308e+00
3.4980000000e+01   -5.7359472158e+00
3.5000000000e+01   -5.9673287200e+00
3.5020000000e+01   -6.0280159301e+00
3.5040000000e+01   -5.7311499674e+00
3.5060000000e+01   -6.2153585399e+00
3.5080000000e+01   -5.8702156943e+00
3.5100000000e+01   -5.7618478808e+00
3.5120000000e+01   -7.0303859510e+00
3.5140000000e+01   -5.7822693773e+00
3.5160000000e+01   -5.8335528039e+00
3.5180000000e+01   -6.3683061535e+00
3.5200000000e+01   -5.7394877041e+00
3.5220000000e+01   -5.9632230555e+00
3.5240000000e+01   -6.0389972771e+00
3.5260000000e+01   -5.7333162252e+00
3.5280000000e+01   -6.2043104794e+00
3.5300000000e+01   -5.8774513837e+00
3.5320000000e+01   -5.7625652243e+00
3.5340000000e+01   -6.9464813802e+00
3.5360000000e+01   -5.7873970760e+00
3.5380000000e+01   -5.8324500615e+00
3.5400000000e+01   -6.3916951815e+00
3.5420000000e+01   -5.7430656991e+00
3.5440000000e+01   -5.9592542563e+00
3.5460000000e+01   -6.0501797438e+00
3.5480000000e+01   -5.7355183311e+00
3.5500000000e+01   -6.1937124403e+00
3.5520000000e+01   -5.8847730954e+00
3.5540000000e+01   -5.7633259903e+00
3.5560000000e+01   -6.8770055645e+00
3.5580000000e+01   -5.7925754585e+00
3.5600000000e+01   -5.8314136871e+00
3.5620000000e+01   -6.4161684510e+00
3.5640000000e+01   -5.7466816611e+00
3.5660000000e+01   -5.9554179314e+00
3.5680000000e+01   -6.0615723719e+00
3.5700000000e+01   -5.7377563984e+00
3.5720000000e+01   -6.1835370663e+00
3.5740000000e+01   -5.8921833220e+00
3.5760000000e+01   -5.7641298764e+00
3.5780000000e+01   -6.8178301796e+00
3.5800000000e+01   -5.7978055522e+00
3.5820000000e+01   -5.8304425021e+00
3.5840000000e+01   -6.4418432219e+00
3.5860000000e+01   -5.7503360614e+00
3.5880000000e+01   -5.9517099241e+00
3.5900000000e+01   -6.0731848050e+00
3.5920000000e+01   -5.7400305494e+00
3.5940000000e+01   -6.1737594651e+00
3.5960000000e+01   -5.8996846569e+00
3.5980000000e+01   -5.7649765963e+00
3.6000000000e+01   -6.7663791006e+00
3.6020000000e+01   -5.8030884139e+00
3.6040000000e+01   -5.8295353764e+00
3.6060000000e+01   -6.4688568012e+00
3.6080000000e+01   -5.7540293846e+00
3.6100000000e+01   -5.9481262936e+00
3.6120000000e+01   -6.0850273417e+00
3.6140000000e+01   -5.7423409168e+00
3.6160000000e+01   -6.1643569180e+00
3.6180000000e+01   -5.9072797966e+00
3.6200000000e+01   -5.7658658821e+00
3.6220000000e+01   -6.7209362319e+00
3.6240000000e+01   -5.8084251285e+00
3.6260000000e+01   -5.8286912297e+00
3.6280000000e+01   -6.4973714158e+00
3.6300000000e+01   -5.7577621258e+00
3.6320000000e+01   -5.9446633057e+00
3.6340000000e+01   -6.0971110043e+00
3.6360000000e+01   -5.7446876416e+00
3.6380000000e+01   -6.1553086429e+00
3.6400000000e+01   -5.9149715520e+00
3.6420000000e+01   -5.7667974801e+00
3.6440000000e+01   -6.6803007821e+00
3.6460000000e+01   -5.8138168137e+00
3.6480000000e+01   -5.8279090248e+00
3.6500000000e+01   -6.5275806231e+00
3.6520000000e+01   -5.7615347945e+00
3.6540000000e+01   -5.9413174138e+00
3.6560000000e+01   -6.1094476021e+00
3.6580000000e+01   -5.7470708757e+00
3.6600000000e+01   -6.1465955738e+00
3.6620000000e+01   -5.9227628502e+00
3.6640000000e+01   -5.7677711545e+00
3.6660000000e+01   -6.6435995903e+00
3.6680000000e+01   -5.8192646177e+00
3.6700000000e+01   -5.8271877705e+00
3.6720000000e+01   -6.5597179731e+00
3.6740000000e+01   -5.7653479115e+00
3.6760000000e+01   -5.9380852525e+00
3.6780000000e+01   -6.1220498180e+00
3.6800000000e+01   -5.7494907787e+00
3.6820000000e+01   -6.1382001868e+00
3.6840000000e+01   -5.9306567468e+00
3.6860000000e+01   -5.7687866827e+00
3.6880000000e+01   -6.6101778489e+00
3.6900000000e+01   -5.8247697247e+00
3.6920000000e+01   -5.8265265147e+00
3.6940000000e+01   -6.5940688331e+00
3.6960000000e+01   -5.7692020131e+00
3.6980000000e+01   -5.9349636207e+00
3.7000000000e+01   -6.1349312897e+00
3.7020000000e+01   -5.7519475221e+00
3.7040000000e+01   -6.1301063308e+00
3.7060000000e+01   -5.9386564290e+00
3.7080000000e+01   -5.7698438595e+00
3.7100000000e+01   -6.5795318563e+00
3.7120000000e+01   -5.8303333521e+00
3.7140000000e+01   -5.8259243479e+00
3.7160000000e+01   -6.6309869990e+00
3.7180000000e+01   -5.7730976472e+00
3.7200000000e+01   -5.9319494779e+00
3.7220000000e+01   -6.1481067211e+00
3.7240000000e+01   -5.7544412843e+00
3.7260000000e+01   -6.1222990987e+00
3.7280000000e+01   -5.9467652302e+00
3.7300000000e+01   -5.7709424916e+00
3.7320000000e+01   -6.5512658649e+00
3.7340000000e+01   -5.8359567578e+00
3.7360000000e+01   -5.8253803953e+00
3.7380000000e+01   -6.6709184578e+00
3.7400000000e+01   -5.7770353795e+00
3.7420000000e+01   -5.9290399259e+00
3.7440000000e+01   -6.1615919828e+00
3.7460000000e+01   -5.7569722572e+00
3.7480000000e+01   -6.1147646917e+00
3.7500000000e+01   -5.9549866304e+00
3.7520000000e+01   -5.7720824038e+00
3.7540000000e+01   -6.5250632505e+00
3.7560000000e+01   -5.8416412339e+00
3.7580000000e+01   -5.8248938238e+00
3.7600000000e+01   -6.7144365893e+00
3.7620000000e+01   -5.7810157855e+00
3.7640000000e+01   -5.9262322129e+00
3.7660000000e+01   -6.1754042638e+00
3.7680000000e+01   -5.7595406369e+00
3.7700000000e+01   -6.1074903320e+00
3.7720000000e+01   -5.9633242804e+00
3.7740000000e+01   -5.7732634291e+00
3.7760000000e+01   -6.5006667915e+00
3.7780000000e+01   -5.8473881209e+00
3.7800000000e+01   -5.8244638275e+00
3.7820000000e+01   -6.7622957352e+00
3.7840000000e+01   -5.7850394640e+00
3.7860000000e+01   -5.9235237062e+00
3.7880000000e+01   -6.1895621883e+00
3.7900000000e+01   -5.7621466376e+00
3.7920000000e+01   -6.1004641374e+00
3.7940000000e+01   -5.9717819907e+00
3.7960000000e+01   -5.7744854228e+00
3.7980000000e+01   -6.4778646144e+00
3.8000000000e+01   -5.8531987911e+00
3.8020000000e+01   -5.8240896456e+00
3.8040000000e+01   -6.8155166460e+00
3.8060000000e+01   -5.7891070187e+00
3.8080000000e+01   -5.9209119118e+00
3.8100000000e+01   -6.2040860346e+00
3.8120000000e+01   -5.7647904722e+00
3.8140000000e+01   -6.0936750809e+00
3.8160000000e+01   -5.9803637756e+00
3.8180000000e+01   -5.7757482416e+00
3.8200000000e+01   -6.4564802264e+00
3.8220000000e+01   -5.8590746776e+00
3.8240000000e+01   -5.8237705341e+00
3.8260000000e+01   -6.8755285622e+00
3.8280000000e+01   -5.7932190851e+00
3.8300000000e+01   -5.9183944307e+00
3.8320000000e+01   -6.2189978644e+00
3.8340000000e+01   -5.7674723789e+00
3.8360000000e+01   -6.0871128570e+00
3.8380000000e+01   -5.9890738209e+00
3.8400000000e+01   -5.7770517718e+00
3.8420000000e+01   -6.4363649322e+00
3.8440000000e+01   -5.8650172395e+00
3.8460000000e+01   -5.8235058003e+00
3.8480000000e+01   -6.9444218348e+00
3.8500000000e+01   -5.7973762961e+00
3.8520000000e+01   -5.9159690000e+00
3.8540000000e+01   -6.2343218422e+00
3.8560000000e+01   -5.7701925866e+00
3.8580000000e+01   -6.0807678915e+00
3.8600000000e+01   -5.9979165571e+00
3.8620000000e+01   -5.7783958912e+00
3.8640000000e+01   -6.4173924444e+00
3.8660000000e+01   -5.8710280123e+00
3.8680000000e+01   -5.8232947563e+00
3.8700000000e+01   -7.0254304836e+00
3.8720000000e+01   -5.8015793268e+00
3.8740000000e+01   -5.9136334276e+00
3.8760000000e+01   -6.2500843804e+00
3.8780000000e+01   -5.7729513585e+00
3.8800000000e+01   -6.0746311898e+00
3.8820000000e+01   -6.0068966005e+00
3.8840000000e+01   -5.7797805164e+00
3.8860000000e+01   -6.3994544198e+00
3.8880000000e+01   -5.8771085518e+00
3.8900000000e+01   -5.8231367726e+00
3.8920000000e+01   -7.1239582352e+00
3.8940000000e+01   -5.8058288421e+00
3.8960000000e+01   -5.9113856572e+00
3.8980000000e+01   -6.2663145945e+00
3.9000000000e+01   -5.7757489405e+00
3.9020000000e+01   -6.0686943909e+00
3.9040000000e+01   -6.0160188584e+00
3.9060000000e+01   -5.7812055464e+00
3.9080000000e+01   -6.3824574218e+00
3.9100000000e+01   -5.8832605054e+00
3.9120000000e+01   -5.8230312133e+00
3.9140000000e+01   -7.2500931514e+00
3.9160000000e+01   -5.8101255590e+00
3.9180000000e+01   -5.9092236818e+00
3.9200000000e+01   -6.2830444886e+00
3.9220000000e+01   -5.7785856209e+00
3.9240000000e+01   -6.0629495995e+00
3.9260000000e+01   -6.0252884434e+00
3.9280000000e+01   -5.7826709261e+00
3.9300000000e+01   -6.3663200834e+00
3.9320000000e+01   -5.8894855358e+00
3.9340000000e+01   -5.8229775076e+00
3.9360000000e+01   -7.4263276711e+00
3.9380000000e+01   -5.8144701773e+00
3.9400000000e+01   -5.9071456295e+00
3.9420000000e+01   -6.3003095853e+00
3.9440000000e+01   -5.7814616635e+00
3.9460000000e+01   -6.0573894761e+00
3.9480000000e+01   -6.0347108111e+00
3.9500000000e+01   -5.7841765758e+00
3.9520000000e+01   -6.3509713601e+00
3.9540000000e+01   -5.8957854137e+00
3.9560000000e+01   -5.8229750684e+00
3.9580000000e+01   -7.7233237919e+00
3.9600000000e+01   -5.8188634582e+00
3.9620000000e+01   -5.9051496601e+00
3.9640000000e+01   -6.3181491965e+00
3.9660000000e+01   -5.7843773818e+00
3.9680000000e+01   -6.0520070545e+00
3.9700000000e+01   -6.0442916498e+00
3.9720000000e+01   -5.7857224672e+00
3.9740000000e+01   -6.3363486021e+00
3.9760000000e+01   -5.9021619220e+00
3.9780000000e+01   -5.8230233777e+00
3.9800000000e+01   -9.2661117434e+00
3.9820000000e+01   -5.8233061412e+00
3.9840000000e+01   -5.9032340653e+00
3.9860000000e+01   -6.3366072797e+00
3.9880000000e+01   -5.7873330607e+00
3.9900000000e+01   -6.0467958576e+00
3.9920000000e+01   -6.0540370454e+00
3.9940000000e+01   -5.7873085438e+00
3.9960000000e+01   -6.3223965414e+00
3.9980000000e+01   -5.9086169628e+00
4.0000000000e+01   -5.8231218980e+00
