X    Y
0.0000000000e+00   0.0000000000e+00
2.0000000000e-02   -8.3971912537e-03
4.0000000000e-02   -1.7089636905e-02
6.0000000000e-02   -2.5782440200e-02
8.0000000000e-02   -3.4470700431e-02
1.0000000000e-01   -4.3154478867e-02
1.2000000000e-01   -5.1837297218e-02
1.4000000000e-01   -6.0522429989e-02
1.6000000000e-01   -6.9210085060e-02
1.8000000000e-01   -7.7897903850e-02
2.0000000000e-01   -8.6583811634e-02
2.2000000000e-01   -9.5268092712e-02
2.4000000000e-01   -1.0395272841e-01
2.6000000000e-01   -1.1263905233e-01
2.8000000000e-01   -1.2132639070e-01
3.0000000000e-01   -1.3001302247e-01
3.2000000000e-01   -1.3869818125e-01
3.4000000000e-01   -1.4738281744e-01
3.6000000000e-01   -1.5606839172e-01
3.8000000000e-01   -1.6475519517e-01
4.0000000000e-01   -1.7344210397e-01
4.2000000000e-01   -1.8212794542e-01
4.4000000000e-01   -1.9081283472e-01
4.6000000000e-01   -1.9949797196e-01
4.8000000000e-01   -2.0818421273e-01
5.0000000000e-01   -2.1687110256e-01
5.2000000000e-01   -2.2555745719e-01
5.4000000000e-01   -2.3424275770e-01
5.6000000000e-01   -2.4292772509e-01
5.8000000000e-01   -2.5161344276e-01
6.0000000000e-01   -2.6030008864e-01
6.2000000000e-01   -2.6898675534e-01
6.4000000000e-01   -2.7767253506e-01
6.6000000000e-01   -2.8635757693e-01
6.8000000000e-01   -2.9504288864e-01
7.0000000000e-01   -3.0372914181e-01
7.2000000000e-01   -3.1241589347e-01
7.4000000000e-01   -3.2110212409e-01
7.6000000000e-01   -3.2978744092e-01
7.8000000000e-01   -3.3847252926e-01
8.0000000000e-01   -3.4715833421e-01
8.2000000000e-01   -3.5584494784e-01
8.4000000000e-01   -3.6453150997e-01
8.6000000000e-01   -3.7321722853e-01
8.8000000000e-01   -3.8190231119e-01
9.0000000000e-01   -3.9058771383e-01
9.2000000000e-01   -3.9927400974e-01
9.4000000000e-01   -4.0796071555e-01
9.6000000000e-01   -4.1664686559e-01
9.8000000000e-01   -4.2533215317e-01
1.0000000000e+00   -4.3401729147e-01
1.0200000000e+00   -4.4270316959e-01
1.0400000000e+00   -4.5138980147e-01
1.0600000000e+00   -4.6007630896e-01
1.0800000000e+00   -4.6876195983e-01
1.1000000000e+00   -4.7744703483e-01
1.1200000000e+00   -4.8613249789e-01
1.1400000000e+00   -4.9481885649e-01
1.1600000000e+00   -5.0350555836e-01
1.1800000000e+00   -5.1219164135e-01
1.2000000000e+00   -5.2087687230e-01
1.2200000000e+00   -5.2956202797e-01
1.2400000000e+00   -5.3824797970e-01
1.2600000000e+00   -5.4693465969e-01
1.2800000000e+00   -5.5562113442e-01
1.3000000000e+00   -5.6430670654e-01
1.3200000000e+00   -5.7299174549e-01
1.3400000000e+00   -5.8167725805e-01
1.3600000000e+00   -5.9036369757e-01
1.3800000000e+00   -5.9905041935e-01
1.4000000000e+00   -6.0773643595e-01
1.4200000000e+00   -6.1642158826e-01
1.4400000000e+00   -6.2510674419e-01
1.4600000000e+00   -6.3379277767e-01
1.4800000000e+00   -6.4247952831e-01
1.5000000000e+00   -6.5116597943e-01
1.5200000000e+00   -6.5985145790e-01
1.5400000000e+00   -6.6853644061e-01
1.5600000000e+00   -6.7722200187e-01
1.5800000000e+00   -6.8590854152e-01
1.6000000000e+00   -6.9459529866e-01
1.6200000000e+00   -7.0328124176e-01
1.6400000000e+00   -7.1196629462e-01
1.6600000000e+00   -7.2065144180e-01
1.6800000000e+00   -7.2933757085e-01
1.7000000000e+00   -7.3802441190e-01
1.7200000000e+00   -7.4671084093e-01
1.7400000000e+00   -7.5539620704e-01
1.7600000000e+00   -7.6408111728e-01
1.7800000000e+00   -7.7276673342e-01
1.8000000000e+00   -7.8145339451e-01
1.8200000000e+00   -7.9014019762e-01
1.8400000000e+00   -7.9882605396e-01
1.8600000000e+00   -8.0751098598e-01
1.8800000000e+00   -8.1619612091e-01
1.9000000000e+00   -8.2488236457e-01
1.9200000000e+00   -8.3356931488e-01
1.9400000000e+00   -8.4225571745e-01
1.9600000000e+00   -8.5094094837e-01
1.9800000000e+00   -8.5962577222e-01
2.0000000000e+00   -8.6831145543e-01
2.0200000000e+00   -8.7699826215e-01
2.0400000000e+00   -8.8568511828e-01
2.0600000000e+00   -8.9437086869e-01
2.0800000000e+00   -9.0305565705e-01
2.1000000000e+00   -9.1174078090e-01
2.1200000000e+00   -9.2042716364e-01
2.1400000000e+00   -9.2911424195e-01
2.1600000000e+00   -9.3780060815e-01
2.1800000000e+00   -9.4648567643e-01
2.2000000000e+00   -9.5517040167e-01
2.2200000000e+00   -9.6385617026e-01
2.2400000000e+00   -9.7254315023e-01
2.2600000000e+00   -9.8123006312e-01
2.2800000000e+00   -9.8991568215e-01
2.3000000000e+00   -9.9860030209e-01
2.3200000000e+00   -1.0072854208e+00
2.3400000000e+00   -1.0159719731e+00
2.3600000000e+00   -1.0246591983e+00
2.3800000000e+00   -1.0333455122e+00
2.4000000000e+00   -1.0420303853e+00
2.4200000000e+00   -1.0507150014e+00
2.4400000000e+00   -1.0594008805e+00
2.4600000000e+00   -1.0680880652e+00
2.4800000000e+00   -1.0767750349e+00
2.5000000000e+00   -1.0854604901e+00
2.5200000000e+00   -1.0941449147e+00
2.5400000000e+00   -1.1028300396e+00
2.5600000000e+00   -1.1115167986e+00
2.5800000000e+00   -1.1202041898e+00
2.6000000000e+00   -1.1288904287e+00
2.6200000000e+00   -1.1375750680e+00
2.6400000000e+00   -1.1462595668e+00
2.6600000000e+00   -1.1549455892e+00
2.6800000000e+00   -1.1636330145e+00
2.7000000000e+00   -1.1723200367e+00
2.7200000000e+00   -1.1810052873e+00
2.7400000000e+00   -1.1896894874e+00
2.7600000000e+00   -1.1983746365e+00
2.7800000000e+00   -1.2070616473e+00
2.8000000000e+00   -1.2157492231e+00
2.8200000000e+00   -1.2244353560e+00
2.8400000000e+00   -1.2331197164e+00
2.8600000000e+00   -1.2418040926e+00
2.8800000000e+00   -1.2504903007e+00
2.9000000000e+00   -1.2591780070e+00
2.9200000000e+00   -1.2678650714e+00
2.9400000000e+00   -1.2765500672e+00
2.9600000000e+00   -1.2852340117e+00
2.9800000000e+00   -1.2939192111e+00
3.0000000000e+00   -1.3026065274e+00
3.0200000000e+00   -1.3112943056e+00
3.0400000000e+00   -1.3199802914e+00
3.0600000000e+00   -1.3286643208e+00
3.0800000000e+00   -1.3373485733e+00
3.1000000000e+00   -1.3460350203e+00
3.1200000000e+00   -1.3547230529e+00
3.1400000000e+00   -1.3634101421e+00
3.1600000000e+00   -1.3720948217e+00
3.1800000000e+00   -1.3807784778e+00
3.2000000000e+00   -1.3894637636e+00
3.2200000000e+00   -1.3981514496e+00
3.2400000000e+00   -1.4068394458e+00
3.2600000000e+00   -1.4155252313e+00
3.2800000000e+00   -1.4242088691e+00
3.3000000000e+00   -1.4328930030e+00
3.3200000000e+00   -1.4415797554e+00
3.3400000000e+00   -1.4502681644e+00
3.3600000000e+00   -1.4589552511e+00
3.3800000000e+00   -1.4676395402e+00
3.4000000000e+00   -1.4763228742e+00
3.4200000000e+00   -1.4850082956e+00
3.4400000000e+00   -1.4936964267e+00
3.4600000000e+00   -1.5023846528e+00
3.4800000000e+00   -1.5110701699e+00
3.5000000000e+00   -1.5197533473e+00
3.5200000000e+00   -1.5284373756e+00
3.5400000000e+00   -1.5371245158e+00
3.5600000000e+00   -1.5458133559e+00
3.5800000000e+00   -1.5545004005e+00
3.6000000000e+00   -1.5631842094e+00
3.6200000000e+00   -1.5718671880e+00
3.6400000000e+00   -1.5805528099e+00
3.6600000000e+00   -1.5892414746e+00
3.6800000000e+00   -1.5979299369e+00
3.7000000000e+00   -1.6066150993e+00
3.7200000000e+00   -1.6152977381e+00
3.7400000000e+00   -1.6239816853e+00
3.7600000000e+00   -1.6326693143e+00
3.7800000000e+00   -1.6413586442e+00
3.8000000000e+00   -1.6500455910e+00
3.8200000000e+00   -1.6587288126e+00
3.8400000000e+00   -1.6674114045e+00
3.8600000000e+00   -1.6760973117e+00
3.8800000000e+00   -1.6847866127e+00
3.9000000000e+00   -1.6934753090e+00
3.9200000000e+00   -1.7021600085e+00
3.9400000000e+00   -1.7108420210e+00
3.9600000000e+00   -1.7195259263e+00
3.9800000000e+00   -1.7282141673e+00
4.0000000000e+00   -1.7369040488e+00
4.0200000000e+00   -1.7455908215e+00
4.0400000000e+00   -1.7542733289e+00
4.0600000000e+00   -1.7629555073e+00
4.0800000000e+00   -1.7716418089e+00
4.1000000000e+00   -1.7803318648e+00
4.1200000000e+00   -1.7890207805e+00
4.1400000000e+00   -1.7977048822e+00
4.1600000000e+00   -1.8063861718e+00
4.1800000000e+00   -1.8150700941e+00
4.2000000000e+00   -1.8237590962e+00
4.2200000000e+00   -1.8324495923e+00
4.2400000000e+00   -1.8411360889e+00
4.2600000000e+00   -1.8498177320e+00
4.2800000000e+00   -1.8584994779e+00
4.3000000000e+00   -1.8671863135e+00
4.3200000000e+00   -1.8758772595e+00
4.3400000000e+00   -1.8845663629e+00
4.3600000000e+00   -1.8932497005e+00
4.3800000000e+00   -1.9019301616e+00
4.4000000000e+00   -1.9106141856e+00
4.4200000000e+00   -1.9193041283e+00
4.4400000000e+00   -1.9279953004e+00
4.4600000000e+00   -1.9366813864e+00
4.4800000000e+00   -1.9453619897e+00
4.5000000000e+00   -1.9540432967e+00
4.5200000000e+00   -1.9627308423e+00
4.5400000000e+00   -1.9714228317e+00
4.5600000000e+00   -1.9801120676e+00
4.5800000000e+00   -1.9887944368e+00
4.6000000000e+00   -1.9974739568e+00
4.6200000000e+00   -2.0061582002e+00
4.6400000000e+00   -2.0148492979e+00
4.6600000000e+00   -2.0235412024e+00
4.6800000000e+00   -2.0322267025e+00
4.7000000000e+00   -2.0409060623e+00
4.7200000000e+00   -2.0495869424e+00
4.7400000000e+00   -2.0582754188e+00
4.7600000000e+00   -2.0669686227e+00
4.7800000000e+00   -2.0756579047e+00
4.8000000000e+00   -2.0843390566e+00
4.8200000000e+00   -2.0930175182e+00
4.8400000000e+00   -2.1017021412e+00
4.8600000000e+00   -2.1103946484e+00
4.8800000000e+00   -2.1190873309e+00
4.9000000000e+00   -2.1277720197e+00
4.9200000000e+00   -2.1364499014e+00
4.9400000000e+00   -2.1451303929e+00
4.9600000000e+00   -2.1538200751e+00
4.9800000000e+00   -2.1625146819e+00
5.0000000000e+00   -2.1712038821e+00
5.0200000000e+00   -2.1798835155e+00
5.0400000000e+00   -2.1885608005e+00
5.0600000000e+00   -2.1972460169e+00
5.0800000000e+00   -2.2059402335e+00
5.1000000000e+00   -2.2146337219e+00
5.1200000000e+00   -2.2233173120e+00
5.1400000000e+00   -2.2319934480e+00
5.1600000000e+00   -2.2406736262e+00
5.1800000000e+00   -2.2493648535e+00
5.2000000000e+00   -2.2580610676e+00
5.2200000000e+00   -2.2667500043e+00
5.2400000000e+00   -2.2754277565e+00
5.2600000000e+00   -2.2841037521e+00
5.2800000000e+00   -2.2927898433e+00
5.3000000000e+00   -2.3014861201e+00
5.3200000000e+00   -2.3101804144e+00
5.3400000000e+00   -2.3188625427e+00
5.3600000000e+00   -2.3275366314e+00
5.3800000000e+00   -2.3362166213e+00
5.4000000000e+00   -2.3449098102e+00
5.4200000000e+00   -2.3536078479e+00
5.4400000000e+00   -2.3622962698e+00
5.4600000000e+00   -2.3709717080e+00
5.4800000000e+00   -2.3796463148e+00
5.5000000000e+00   -2.3883336463e+00
5.5200000000e+00   -2.3970323900e+00
5.5400000000e+00   -2.4057274496e+00
5.5600000000e+00   -2.4144076613e+00
5.5800000000e+00   -2.4230793666e+00
5.6000000000e+00   -2.4317593604e+00
5.6200000000e+00   -2.4404550182e+00
5.6400000000e+00   -2.4491551022e+00
5.6600000000e+00   -2.4578426689e+00
5.6800000000e+00   -2.4665152798e+00
5.7000000000e+00   -2.4751884235e+00
5.7200000000e+00   -2.4838774655e+00
5.7400000000e+00   -2.4925791434e+00
5.7600000000e+00   -2.5012748699e+00
5.7800000000e+00   -2.5099525991e+00
5.8000000000e+00   -2.5186215530e+00
5.8200000000e+00   -2.5273018306e+00
5.8400000000e+00   -2.5360005712e+00
5.8600000000e+00   -2.5447029218e+00
5.8800000000e+00   -2.5533891804e+00
5.9000000000e+00   -2.5620583595e+00
5.9200000000e+00   -2.5707300072e+00
5.9400000000e+00   -2.5794213579e+00
5.9600000000e+00   -2.5881265015e+00
5.9800000000e+00   -2.5968227168e+00
6.0000000000e+00   -2.6054972650e+00
6.0200000000e+00   -2.6141630717e+00
6.0400000000e+00   -2.6228440277e+00
6.0600000000e+00   -2.6315465887e+00
6.0800000000e+00   -2.6402514103e+00
6.1000000000e+00   -2.6489357664e+00
6.1200000000e+00   -2.6576008083e+00
6.1400000000e+00   -2.6662709894e+00
6.1600000000e+00   -2.6749654040e+00
6.1800000000e+00   -2.6836746104e+00
6.2000000000e+00   -2.6923710283e+00
6.2200000000e+00   -2.7010415392e+00
6.2400000000e+00   -2.7097037838e+00
6.2600000000e+00   -2.7183859602e+00
6.2800000000e+00   -2.7270932220e+00
6.3000000000e+00   -2.7358006845e+00
6.3200000000e+00   -2.7444823675e+00
6.3400000000e+00   -2.7531424558e+00
6.3600000000e+00   -2.7618112903e+00
6.3800000000e+00   -2.7705097141e+00
6.4000000000e+00   -2.7792236446e+00
6.4200000000e+00   -2.7879198352e+00
6.4400000000e+00   -2.7965852666e+00
6.4600000000e+00   -2.8052435285e+00
6.4800000000e+00   -2.8139276553e+00
6.5000000000e+00   -2.8226406605e+00
6.5200000000e+00   -2.8313508738e+00
6.5400000000e+00   -2.8400288946e+00
6.5600000000e+00   -2.8486830941e+00
6.5800000000e+00   -2.8573508293e+00
6.6000000000e+00   -2.8660544366e+00
6.6200000000e+00   -2.8747738111e+00
6.6400000000e+00   -2.8834691556e+00
6.6600000000e+00   -2.8921282476e+00
6.6800000000e+00   -2.9007821211e+00
6.7000000000e+00   -2.9094691664e+00
6.7200000000e+00   -2.9181891397e+00
6.7400000000e+00   -2.9269021187e+00
6.7600000000e+00   -2.9355752206e+00
6.7800000000e+00   -2.9442224716e+00
6.8000000000e+00   -2.9528895292e+00
6.8200000000e+00   -2.9615997681e+00
6.8400000000e+00   -2.9703253533e+00
6.8600000000e+00   -2.9790189881e+00
6.8800000000e+00   -2.9876702287e+00
6.9000000000e+00   -2.9963193526e+00
6.9200000000e+00   -3.0050105825e+00
6.9400000000e+00   -3.0137389505e+00
6.9600000000e+00   -3.0224545689e+00
6.9800000000e+00   -3.0311211680e+00
7.0000000000e+00   -3.0397602861e+00
7.0200000000e+00   -3.0484273226e+00
7.0400000000e+00   -3.0571459661e+00
7.0600000000e+00   -3.0658785553e+00
7.0800000000e+00   -3.0745693018e+00
7.1000000000e+00   -3.0832108899e+00
7.1200000000e+00   -3.0918549891e+00
7.1400000000e+00   -3.1005520407e+00
7.1600000000e+00   -3.1092904497e+00
7.1800000000e+00   -3.1180083785e+00
7.2000000000e+00   -3.1266664952e+00
7.2200000000e+00   -3.1352961771e+00
7.2400000000e+00   -3.1439641603e+00
7.2600000000e+00   -3.1526933633e+00
7.2800000000e+00   -3.1614337448e+00
7.3000000000e+00   -3.1701200240e+00
7.3200000000e+00   -3.1787498311e+00
7.3400000000e+00   -3.1873887734e+00
7.3600000000e+00   -3.1960937421e+00
7.3800000000e+00   -3.2048440713e+00
7.4000000000e+00   -3.2135636998e+00
7.4200000000e+00   -3.2222108790e+00
7.4400000000e+00   -3.2308297181e+00
7.4600000000e+00   -3.2395000230e+00
7.4800000000e+00   -3.2482423862e+00
7.5000000000e+00   -3.2569912966e+00
7.5200000000e+00   -3.2656710240e+00
7.5400000000e+00   -3.2742865555e+00
7.5600000000e+00   -3.2829204282e+00
7.5800000000e+00   -3.2916359713e+00
7.6000000000e+00   -3.3004003396e+00
7.6200000000e+00   -3.3091206737e+00
7.6400000000e+00   -3.3177538925e+00
7.6600000000e+00   -3.3263604090e+00
7.6800000000e+00   -3.3350349372e+00
7.7000000000e+00   -3.3437935755e+00
7.7200000000e+00   -3.3525516330e+00
7.7400000000e+00   -3.3612220918e+00
7.7600000000e+00   -3.3698204509e+00
7.7800000000e+00   -3.3784496627e+00
7.8000000000e+00   -3.3871791211e+00
7.8200000000e+00   -3.3959598835e+00
7.8400000000e+00   -3.4046794153e+00
7.8600000000e+00   -3.4132949797e+00
7.8800000000e+00   -3.4218876685e+00
7.9000000000e+00   -3.4305689962e+00
7.9200000000e+00   -3.4393476121e+00
7.9400000000e+00   -3.4481152234e+00
7.9600000000e+00   -3.4567729113e+00
7.9800000000e+00   -3.4653507686e+00
8.0000000000e+00   -3.4739761821e+00
8.0200000000e+00   -3.4827237230e+00
8.0400000000e+00   -3.4915234510e+00
8.0600000000e+00   -3.5002399951e+00
8.0800000000e+00   -3.5088334237e+00
8.1000000000e+00   -3.5174108283e+00
8.1200000000e+00   -3.5261023875e+00
8.1400000000e+00   -3.5349053456e+00
8.1600000000e+00   -3.5436825802e+00
8.1800000000e+00   -3.5523230270e+00
8.2000000000e+00   -3.5608765998e+00
8.2200000000e+00   -3.5694997036e+00
8.2400000000e+00   -3.5782704844e+00
8.2600000000e+00   -3.5870919251e+00
8.2800000000e+00   -3.5958024128e+00
8.3000000000e+00   -3.6043683092e+00
8.3200000000e+00   -3.6129291290e+00
8.3400000000e+00   -3.6216354286e+00
8.3600000000e+00   -3.6304678289e+00
8.3800000000e+00   -3.6392542496e+00
8.4000000000e+00   -3.6478718007e+00
8.4200000000e+00   -3.6563968492e+00
8.4400000000e+00   -3.6650199781e+00
8.4600000000e+00   -3.6738203348e+00
8.4800000000e+00   -3.6826663381e+00
8.5000000000e+00   -3.6913665618e+00
8.5200000000e+00   -3.6998984783e+00
8.5400000000e+00   -3.7084417198e+00
8.5600000000e+00   -3.7171686122e+00
8.5800000000e+00   -3.7260363562e+00
8.6000000000e+00   -3.7348307966e+00
8.6200000000e+00   -3.7434183593e+00
8.6400000000e+00   -3.7519102074e+00
8.6600000000e+00   -3.7605368223e+00
8.6800000000e+00   -3.7693744805e+00
8.7000000000e+00   -3.7782478853e+00
8.7200000000e+00   -3.7869321832e+00
8.7400000000e+00   -3.7954224780e+00
8.7600000000e+00   -3.8039476627e+00
8.7800000000e+00   -3.8127026648e+00
8.8000000000e+00   -3.8216125075e+00
8.8200000000e+00   -3.8304127811e+00
8.8400000000e+00   -3.8389615294e+00
8.8600000000e+00   -3.8474151221e+00
8.8800000000e+00   -3.8560501615e+00
8.9000000000e+00   -3.8649344716e+00
8.9200000000e+00   -3.8738379357e+00
8.9400000000e+00   -3.8824988053e+00
8.9600000000e+00   -3.8909384999e+00
8.9800000000e+00   -3.8994459452e+00
9.0000000000e+00   -3.9082386195e+00
9.0200000000e+00   -3.9171981969e+00
9.0400000000e+00   -3.9260007220e+00
9.0600000000e+00   -3.9344997577e+00
9.0800000000e+00   -3.9429097688e+00
9.1000000000e+00   -3.9515600884e+00
9.1200000000e+00   -3.9605022812e+00
9.1400000000e+00   -3.9694380370e+00
9.1600000000e+00   -3.9780656654e+00
9.1800000000e+00   -3.9864443106e+00
9.2000000000e+00   -3.9949355030e+00
9.2200000000e+00   -4.0037779075e+00
9.2400000000e+00   -4.0127957258e+00
9.2600000000e+00   -4.0215950459e+00
9.2800000000e+00   -4.0300310134e+00
9.3000000000e+00   -4.0383920238e+00
9.3200000000e+00   -4.0470669407e+00
9.3400000000e+00   -4.0560803990e+00
9.3600000000e+00   -4.0650499131e+00
9.3800000000e+00   -4.0736316105e+00
9.4000000000e+00   -4.0819371724e+00
9.4200000000e+00   -4.0904152573e+00
9.4400000000e+00   -4.0993224715e+00
9.4600000000e+00   -4.1084078391e+00
9.4800000000e+00   -4.1171960161e+00
9.5000000000e+00   -4.1255526723e+00
9.5200000000e+00   -4.1338594420e+00
9.5400000000e+00   -4.1425714032e+00
9.5600000000e+00   -4.1516719415e+00
9.5800000000e+00   -4.1606754494e+00
9.6000000000e+00   -4.1691949704e+00
9.6200000000e+00   -4.1774137560e+00
9.6400000000e+00   -4.1858841720e+00
9.6600000000e+00   -4.1948749058e+00
9.6800000000e+00   -4.2040377840e+00
9.7000000000e+00   -4.2128036344e+00
9.7200000000e+00   -4.2210613758e+00
9.7400000000e+00   -4.2293092417e+00
9.7600000000e+00   -4.2380746402e+00
9.7800000000e+00   -4.2472807798e+00
9.8000000000e+00   -4.2563166605e+00
9.8200000000e+00   -4.2647533999e+00
9.8400000000e+00   -4.2728700436e+00
9.8600000000e+00   -4.2813413368e+00
9.8800000000e+00   -4.2904386269e+00
9.9000000000e+00   -4.2996893672e+00
9.9200000000e+00   -4.3084175102e+00
9.9400000000e+00   -4.3165528665e+00
9.9600000000e+00   -4.3247383039e+00
9.9800000000e+00   -4.3335784659e+00
1.0000000000e+01   -4.3429116857e+00
1.0020000000e+01   -4.3519756347e+00
1.0040000000e+01   -4.3603036805e+00
1.0060000000e+01   -4.3683012262e+00
1.0080000000e+01   -4.3767860847e+00
1.0100000000e+01   -4.3860180817e+00
1.0120000000e+01   -4.3953670073e+00
1.0140000000e+01   -4.4040366869e+00
1.0160000000e+01   -4.4120217936e+00
1.0180000000e+01   -4.4201431903e+00
1.0200000000e+01   -4.4290855611e+00
1.0220000000e+01   -4.4385704987e+00
1.0240000000e+01   -4.4476544443e+00
1.0260000000e+01   -4.4558414770e+00
1.0280000000e+01   -4.4637015970e+00
1.0300000000e+01   -4.4722181533e+00
1.0320000000e+01   -4.4816189980e+00
1.0340000000e+01   -4.4910757770e+00
1.0360000000e+01   -4.4996594150e+00
1.0380000000e+01   -4.5074614880e+00
1.0400000000e+01   -4.5155201902e+00
1.0420000000e+01   -4.5245997467e+00
1.0440000000e+01   -4.5342643121e+00
1.0460000000e+01   -4.5433550134e+00
1.0480000000e+01   -4.5513610386e+00
1.0500000000e+01   -4.5590644465e+00
1.0520000000e+01   -4.5676379038e+00
1.0540000000e+01   -4.5772486839e+00
1.0560000000e+01   -4.5868214267e+00
1.0580000000e+01   -4.5952828580e+00
1.0600000000e+01   -4.6028637047e+00
1.0620000000e+01   -4.6108654080e+00
1.0640000000e+01   -4.6201263272e+00
1.0660000000e+01   -4.6300016775e+00
1.0680000000e+01   -4.6390789248e+00
1.0700000000e+01   -4.6468548356e+00
1.0720000000e+01   -4.6543819655e+00
1.0740000000e+01   -4.6630466118e+00
1.0760000000e+01   -4.6729163854e+00
1.0780000000e+01   -4.6826103785e+00
1.0800000000e+01   -4.6909027172e+00
1.0820000000e+01   -4.6982183328e+00
1.0840000000e+01   -4.7061749058e+00
1.0860000000e+01   -4.7156725173e+00
1.0880000000e+01   -4.7257928256e+00
1.0900000000e+01   -4.7348271517e+00
1.0920000000e+01   -4.7423131234e+00
1.0940000000e+01   -4.7496451675e+00
1.0960000000e+01   -4.7584468490e+00
1.0980000000e+01   -4.7686337064e+00
1.1000000000e+01   -4.7784496762e+00
1.1020000000e+01   -4.7865127541e+00
1.1040000000e+01   -4.7935130742e+00
1.1060000000e+01   -4.8014449192e+00
1.1080000000e+01   -4.8112479699e+00
1.1100000000e+01   -4.8216498973e+00
1.1120000000e+01   -4.8305996879e+00
1.1140000000e+01   -4.8377234216e+00
1.1160000000e+01   -4.8448438439e+00
1.1180000000e+01   -4.8538429800e+00
1.1200000000e+01   -4.8644151016e+00
1.1220000000e+01   -4.8743468710e+00
1.1240000000e+01   -4.8821041922e+00
1.1260000000e+01   -4.8887330958e+00
1.1280000000e+01   -4.8966721730e+00
1.1300000000e+01   -4.9068654249e+00
1.1320000000e+01   -4.9175871762e+00
1.1340000000e+01   -4.9263950501e+00
1.1360000000e+01   -4.9330699019e+00
1.1380000000e+01   -4.9399665726e+00
1.1400000000e+01   -4.9492418002e+00
1.1420000000e+01   -4.9602784486e+00
1.1440000000e+01   -4.9703098169e+00
1.1460000000e+01   -4.9776649708e+00
1.1480000000e+01   -4.9838606652e+00
1.1500000000e+01   -4.9918543233e+00
1.1520000000e+01   -5.0025415013e+00
1.1540000000e+01   -5.0136213109e+00
1.1560000000e+01   -5.0222096163e+00
1.1580000000e+01   -5.0283326750e+00
1.1600000000e+01   -5.0350008044e+00
1.1620000000e+01   -5.0446533498e+00
1.1640000000e+01   -5.0562457062e+00
1.1660000000e+01   -5.0663463410e+00
1.1680000000e+01   -5.0731788265e+00
1.1700000000e+01   -5.0788747839e+00
1.1720000000e+01   -5.0869905666e+00
1.1740000000e+01   -5.0982976609e+00
1.1760000000e+01   -5.1097715055e+00
1.1780000000e+01   -5.1180367580e+00
1.1800000000e+01   -5.1234869743e+00
1.1820000000e+01   -5.1299330632e+00
1.1840000000e+01   -5.1400919442e+00
1.1860000000e+01   -5.1523436653e+00
1.1880000000e+01   -5.1624637442e+00
1.1900000000e+01   -5.1686241717e+00
1.1920000000e+01   -5.1737508408e+00
1.1940000000e+01   -5.1820824594e+00
1.1960000000e+01   -5.1941613745e+00
1.1980000000e+01   -5.2060596521e+00
1.2000000000e+01   -5.2138657143e+00
1.2020000000e+01   -5.2185022378e+00
1.2040000000e+01   -5.2247493018e+00
1.2060000000e+01   -5.2355774704e+00
1.2080000000e+01   -5.2486047966e+00
1.2100000000e+01   -5.2586680741e+00
1.2120000000e+01   -5.2639727428e+00
1.2140000000e+01   -5.2684603198e+00
1.2160000000e+01   -5.2771350064e+00
1.2180000000e+01   -5.2901675290e+00
1.2200000000e+01   -5.3025103661e+00
1.2220000000e+01   -5.3096801493e+00
1.2240000000e+01   -5.3133410975e+00
1.2260000000e+01   -5.3194354687e+00
1.2280000000e+01   -5.3311370096e+00
1.2300000000e+01   -5.3450681958e+00
1.2320000000e+01   -5.3549630955e+00
1.2340000000e+01   -5.3591879917e+00
1.2360000000e+01   -5.3629706061e+00
1.2380000000e+01   -5.3721580852e+00
1.2400000000e+01   -5.3863601199e+00
1.2420000000e+01   -5.3991508685e+00
1.2440000000e+01   -5.4054563217e+00
1.2460000000e+01   -5.4079583026e+00
1.2480000000e+01   -5.4139783558e+00
1.2500000000e+01   -5.4268068602e+00
1.2520000000e+01   -5.4417806239e+00
1.2540000000e+01   -5.4513488642e+00
1.2560000000e+01   -5.4542232006e+00
1.2580000000e+01   -5.4572449545e+00
1.2600000000e+01   -5.4671682938e+00
1.2620000000e+01   -5.4827942859e+00
1.2640000000e+01   -5.4960106407e+00
1.2660000000e+01   -5.5011607923e+00
1.2680000000e+01   -5.5022996148e+00
1.2700000000e+01   -5.5083668098e+00
1.2720000000e+01   -5.5226350572e+00
1.2740000000e+01   -5.5387976331e+00
1.2760000000e+01   -5.5478197863e+00
1.2780000000e+01   -5.5490193170e+00
1.2800000000e+01   -5.5512426992e+00
1.2820000000e+01   -5.5621913245e+00
1.2840000000e+01   -5.5795387543e+00
1.2860000000e+01   -5.5931207480e+00
1.2880000000e+01   -5.5967475886e+00
1.2900000000e+01   -5.5963007445e+00
1.2920000000e+01   -5.6025934120e+00
1.2940000000e+01   -5.6186845064e+00
1.2960000000e+01   -5.6361847583e+00
1.2980000000e+01   -5.6443620149e+00
1.3000000000e+01   -5.6435025241e+00
1.3020000000e+01   -5.6449198082e+00
1.3040000000e+01   -5.6572649981e+00
1.3060000000e+01   -5.6766787880e+00
1.3080000000e+01   -5.6905126908e+00
1.3100000000e+01   -5.6921547507e+00
1.3120000000e+01   -5.6898864242e+00
1.3140000000e+01   -5.6966567504e+00
1.3160000000e+01   -5.7150368944e+00
1.3180000000e+01   -5.7340187407e+00
1.3200000000e+01   -5.7409500083e+00
1.3220000000e+01   -5.7375816049e+00
1.3240000000e+01   -5.7382299100e+00
1.3260000000e+01   -5.7524431241e+00
1.3280000000e+01   -5.7743197529e+00
1.3300000000e+01   -5.7882165901e+00
1.3320000000e+01   -5.7873002010e+00
1.3340000000e+01   -5.7829697546e+00
1.3360000000e+01   -5.7905644348e+00
1.3380000000e+01   -5.8117975919e+00
1.3400000000e+01   -5.8323887288e+00
1.3420000000e+01   -5.8375420420e+00
1.3440000000e+01   -5.8311452055e+00
1.3460000000e+01   -5.8311259436e+00
1.3480000000e+01   -5.8478004127e+00
1.3500000000e+01   -5.8725914669e+00
1.3520000000e+01   -5.8862584487e+00
1.3540000000e+01   -5.8820769217e+00
1.3560000000e+01   -5.8754520085e+00
1.3580000000e+01   -5.8843370415e+00
1.3600000000e+01   -5.9091018534e+00
1.3620000000e+01   -5.9313973648e+00
1.3640000000e+01   -5.9340744426e+00
1.3660000000e+01   -5.9240591843e+00
1.3680000000e+01   -5.9235626112e+00
1.3700000000e+01   -5.9434387366e+00
1.3720000000e+01   -5.9716535565e+00
1.3740000000e+01   -5.9846561355e+00
1.3760000000e+01   -5.9763474921e+00
1.3780000000e+01   -5.9672231166e+00
1.3800000000e+01   -5.9780132110e+00
1.3820000000e+01   -6.0071227530e+00
1.3840000000e+01   -6.0311616144e+00
1.3860000000e+01   -6.0304543061e+00
1.3880000000e+01   -6.0161643265e+00
1.3900000000e+01   -6.0154998307e+00
1.3920000000e+01   -6.0394951708e+00
1.3940000000e+01   -6.0717021423e+00
1.3960000000e+01   -6.0834136306e+00
1.3980000000e+01   -6.0699381690e+00
1.4000000000e+01   -6.0581631174e+00
1.4020000000e+01   -6.0716561971e+00
1.4040000000e+01   -6.1060815128e+00
1.4060000000e+01   -6.1318131150e+00
1.4080000000e+01   -6.1265505015e+00
1.4100000000e+01   -6.1072748272e+00
1.4120000000e+01   -6.1069074145e+00
1.4140000000e+01   -6.1361524343e+00
1.4160000000e+01   -6.1729783239e+00
1.4180000000e+01   -6.1825129227e+00
1.4200000000e+01   -6.1626328739e+00
1.4220000000e+01   -6.1481448782e+00
1.4240000000e+01   -6.1653622563e+00
1.4260000000e+01   -6.2062612240e+00
1.4280000000e+01   -6.2334976817e+00
1.4300000000e+01   -6.2221828653e+00
1.4320000000e+01   -6.1971780722e+00
1.4340000000e+01   -6.1977712100e+00
1.4360000000e+01   -6.2336526797e+00
1.4380000000e+01   -6.2757791632e+00
1.4400000000e+01   -6.2819027910e+00
1.4420000000e+01   -6.2541677217e+00
1.4440000000e+01   -6.2370384116e+00
1.4460000000e+01   -6.2592714309e+00
1.4480000000e+01   -6.3080255446e+00
1.4500000000e+01   -6.3363734014e+00
1.4520000000e+01   -6.3171097277e+00
1.4540000000e+01   -6.2856363665e+00
1.4560000000e+01   -6.2881009659e+00
1.4580000000e+01   -6.3323161225e+00
1.4600000000e+01   -6.3804722335e+00
1.4620000000e+01   -6.3814835426e+00
1.4640000000e+01   -6.3442270616e+00
1.4660000000e+01   -6.3247170854e+00
1.4680000000e+01   -6.3535815516e+00
1.4700000000e+01   -6.4118449477e+00
1.4720000000e+01   -6.4406064039e+00
1.4740000000e+01   -6.4110143409e+00
1.4760000000e+01   -6.3723913325e+00
1.4780000000e+01   -6.3779402245e+00
1.4800000000e+01   -6.4325669350e+00
1.4820000000e+01   -6.4875154004e+00
1.4840000000e+01   -6.4810866871e+00
1.4860000000e+01   -6.4324423991e+00
1.4880000000e+01   -6.4110659505e+00
1.4900000000e+01   -6.4485667477e+00
1.4920000000e+01   -6.5183348603e+00
1.4940000000e+01   -6.5463628568e+00
1.4960000000e+01   -6.5034914788e+00
1.4980000000e+01   -6.4571716758e+00
1.5000000000e+01   -6.4673786277e+00
1.5020000000e+01   -6.5349705015e+00
1.5040000000e+01   -6.5974845240e+00
1.5060000000e+01   -6.5804486326e+00
1.5080000000e+01   -6.5183959174e+00
1.5100000000e+01   -6.4959922893e+00
1.5120000000e+01   -6.5446025670e+00
1.5140000000e+01   -6.6283133004e+00
1.5160000000e+01   -6.6537948546e+00
1.5180000000e+01   -6.5940364852e+00
1.5200000000e+01   -6.5397048222e+00
1.5220000000e+01   -6.5565671822e+00
1.5240000000e+01   -6.6402892076e+00
1.5260000000e+01   -6.7111135250e+00
1.5280000000e+01   -6.6791780088e+00
1.5300000000e+01   -6.6016304783e+00
1.5320000000e+01   -6.5794383102e+00
1.5340000000e+01   -6.6422012568e+00
1.5360000000e+01   -6.7428920239e+00
1.5380000000e+01   -6.7630165160e+00
1.5400000000e+01   -6.6820403577e+00
1.5420000000e+01   -6.6197325545e+00
1.5440000000e+01   -6.6457373951e+00
1.5460000000e+01   -6.7495699898e+00
1.5480000000e+01   -6.8293545658e+00
1.5500000000e+01   -6.7767176337e+00
1.5520000000e+01   -6.6816677825e+00
1.5540000000e+01   -6.6613957669e+00
1.5560000000e+01   -6.7420634728e+00
1.5580000000e+01   -6.8636285614e+00
1.5600000000e+01   -6.8740645357e+00
1.5620000000e+01   -6.7667957429e+00
1.5640000000e+01   -6.6970301684e+00
1.5660000000e+01   -6.7352258291e+00
1.5680000000e+01   -6.8642893546e+00
1.5700000000e+01   -6.9534723799e+00
1.5720000000e+01   -6.8723048825e+00
1.5740000000e+01   -6.7580354670e+00
1.5760000000e+01   -6.7419221432e+00
1.5780000000e+01   -6.8451578661e+00
1.5800000000e+01   -6.9927966897e+00
1.5820000000e+01   -6.9868344732e+00
1.5840000000e+01   -6.8475194367e+00
1.5860000000e+01   -6.7714279328e+00
1.5880000000e+01   -6.8255068486e+00
1.5900000000e+01   -6.9866096496e+00
1.5920000000e+01   -7.0851998916e+00
1.5940000000e+01   -6.9649389695e+00
1.5960000000e+01   -6.8303023194e+00
1.5980000000e+01   -6.8211580909e+00
1.6000000000e+01   -6.9528506802e+00
1.6020000000e+01   -7.1339082903e+00
1.6040000000e+01   -7.1009804536e+00
1.6060000000e+01   -6.9233961286e+00
1.6080000000e+01   -6.8428329394e+00
1.6100000000e+01   -6.9172385963e+00
1.6120000000e+01   -7.1198697725e+00
1.6140000000e+01   -7.2270115442e+00
1.6160000000e+01   -7.0533702593e+00
1.6180000000e+01   -6.8981185496e+00
1.6200000000e+01   -6.8993460968e+00
1.6220000000e+01   -7.0671309421e+00
1.6240000000e+01   -7.2928343281e+00
1.6260000000e+01   -7.2157631780e+00
1.6280000000e+01   -6.9936446443e+00
1.6300000000e+01   -6.9112489873e+00
1.6320000000e+01   -7.0113315387e+00
1.6340000000e+01   -7.2696287563e+00
1.6360000000e+01   -7.3826432500e+00
1.6380000000e+01   -7.1361333746e+00
1.6400000000e+01   -6.9612558072e+00
1.6420000000e+01   -6.9768510380e+00
1.6440000000e+01   -7.1910335553e+00
1.6460000000e+01   -7.4806068502e+00
1.6480000000e+01   -7.3298342742e+00
1.6500000000e+01   -7.0576014981e+00
1.6520000000e+01   -6.9767922334e+00
1.6540000000e+01   -7.1090575097e+00
1.6560000000e+01   -7.4462358349e+00
1.6580000000e+01   -7.5581922284e+00
1.6600000000e+01   -7.2116473972e+00
1.6620000000e+01   -7.0196402067e+00
1.6640000000e+01   -7.0541844654e+00
1.6660000000e+01   -7.3295171383e+00
1.6680000000e+01   -7.7222899301e+00
1.6700000000e+01   -7.4409663851e+00
1.6720000000e+01   -7.1148084605e+00
1.6740000000e+01   -7.0397009831e+00
1.6760000000e+01   -7.2122354195e+00
1.6780000000e+01   -7.6727660090e+00
1.6800000000e+01   -7.7648195662e+00
1.6820000000e+01   -7.2783949499e+00
1.6840000000e+01   -7.0733720206e+00
1.6860000000e+01   -7.1320365384e+00
1.6880000000e+01   -7.4915503213e+00
1.6900000000e+01   -8.1009897856e+00
1.6920000000e+01   -7.5458008062e+00
1.6940000000e+01   -7.1650848815e+00
1.6960000000e+01   -7.1003393643e+00
1.6980000000e+01   -7.3235725953e+00
1.7000000000e+01   -8.0222857823e+00
1.7020000000e+01   -8.0271279189e+00
1.7040000000e+01   -7.3351618780e+00
1.7060000000e+01   -7.1227281038e+00
1.7080000000e+01   -7.2113228924e+00
1.7100000000e+01   -7.6961906321e+00
1.7120000000e+01   -9.2380579141e+00
1.7140000000e+01   -7.6398048514e+00
1.7160000000e+01   -7.2085655103e+00
1.7180000000e+01   -7.1591960747e+00
1.7200000000e+01   -7.4473519967e+00
1.7220000000e+01   -1.0173165025e+01
1.7240000000e+01   -8.4232429515e+00
1.7260000000e+01   -7.3812782184e+00
1.7280000000e+01   -7.1681469454e+00
1.7300000000e+01   -7.2932598524e+00
1.7320000000e+01   -7.9979250914e+00
1.7340000000e+01   -8.1545037421e+00
1.7360000000e+01   -7.7177575381e+00
1.7380000000e+01   -7.2456928503e+00
1.7400000000e+01   -7.2168810419e+00
1.7420000000e+01   -7.5909935894e+00
1.7440000000e+01   -8.1278757987e+00
1.7460000000e+01   -1.0047395063e+01
1.7480000000e+01   -7.4167758770e+00
1.7500000000e+01   -7.2102002054e+00
1.7520000000e+01   -7.3794934554e+00
1.7540000000e+01   -8.7803317161e+00
1.7560000000e+01   -7.9308398962e+00
1.7580000000e+01   -7.7749950983e+00
1.7600000000e+01   -7.2771664882e+00
1.7620000000e+01   -7.2741241380e+00
1.7640000000e+01   -7.7692846767e+00
1.7660000000e+01   -7.8739012597e+00
1.7680000000e+01   -8.5964604825e+00
1.7700000000e+01   -7.4423973787e+00
1.7720000000e+01   -7.2495572162e+00
1.7740000000e+01   -7.4723342036e+00
1.7760000000e+01   -8.2744524947e+00
1.7780000000e+01   -7.8228691790e+00
1.7800000000e+01   -7.8090924138e+00
1.7820000000e+01   -7.3038641296e+00
1.7840000000e+01   -7.3317813338e+00
1.7860000000e+01   -8.0197303545e+00
1.7880000000e+01   -7.7459393838e+00
1.7900000000e+01   -8.4167320848e+00
1.7920000000e+01   -7.4594518495e+00
1.7940000000e+01   -7.2869495666e+00
1.7960000000e+01   -7.5752141940e+00
1.7980000000e+01   -7.9549099661e+00
1.8000000000e+01   -7.7649892556e+00
1.8020000000e+01   -7.8209505398e+00
1.8040000000e+01   -7.3267545355e+00
1.8060000000e+01   -7.3908551058e+00
1.8080000000e+01   -8.5095450460e+00
1.8100000000e+01   -7.6695470801e+00
1.8120000000e+01   -8.3756323803e+00
1.8140000000e+01   -7.4695787561e+00
1.8160000000e+01   -7.3231416570e+00
1.8180000000e+01   -7.6936632676e+00
1.8200000000e+01   -7.7998621149e+00
1.8220000000e+01   -7.7361839532e+00
1.8240000000e+01   -7.8144207894e+00
1.8260000000e+01   -7.3468201821e+00
1.8280000000e+01   -7.4525388435e+00
1.8300000000e+01   -8.5977979874e+00
1.8320000000e+01   -7.6216617707e+00
1.8340000000e+01   -8.4133954477e+00
1.8360000000e+01   -7.4745046027e+00
1.8380000000e+01   -7.3589112406e+00
1.8400000000e+01   -7.8376974126e+00
1.8420000000e+01   -7.7047072518e+00
1.8440000000e+01   -7.7273192913e+00
1.8460000000e+01   -7.7947802966e+00
1.8480000000e+01   -7.3650002996e+00
1.8500000000e+01   -7.5183012591e+00
1.8520000000e+01   -8.1298728087e+00
1.8540000000e+01   -7.5921825368e+00
1.8560000000e+01   -8.5325854797e+00
1.8580000000e+01   -7.4758558575e+00
1.8600000000e+01   -7.3950418244e+00
1.8620000000e+01   -8.0290604713e+00
1.8640000000e+01   -7.6409295394e+00
1.8660000000e+01   -7.7339253196e+00
1.8680000000e+01   -7.7671680797e+00
1.8700000000e+01   -7.3821570282e+00
1.8720000000e+01   -7.5900408149e+00
1.8740000000e+01   -7.9329295240e+00
1.8760000000e+01   -7.5758737074e+00
1.8780000000e+01   -8.8066716362e+00
1.8800000000e+01   -7.4750506989e+00
1.8820000000e+01   -7.4323276939e+00
1.8840000000e+01   -8.3338317305e+00
1.8860000000e+01   -7.5966398294e+00
1.8880000000e+01   -7.7538714279e+00
1.8900000000e+01   -7.7357112794e+00
1.8920000000e+01   -7.3990620923e+00
1.8940000000e+01   -7.6703736811e+00
1.8960000000e+01   -7.8135826832e+00
1.8980000000e+01   -7.5697601783e+00
1.9000000000e+01   -9.8228028841e+00
1.9020000000e+01   -7.4732601970e+00
1.9040000000e+01   -7.4715922313e+00
1.9060000000e+01   -9.4868527021e+00
1.9080000000e+01   -7.5657984674e+00
1.9100000000e+01   -7.7865048648e+00
1.9120000000e+01   -7.7033370066e+00
1.9140000000e+01   -7.4163989218e+00
1.9160000000e+01   -7.7632042299e+00
1.9180000000e+01   -7.7317745022e+00
1.9200000000e+01   -7.5720800258e+00
1.9220000000e+01   -8.6760545013e+00
1.9240000000e+01   -7.4714161375e+00
1.9260000000e+01   -7.5137213702e+00
1.9280000000e+01   -8.4413342533e+00
1.9300000000e+01   -7.5449668526e+00
1.9320000000e+01   -7.8324017086e+00
1.9340000000e+01   -7.6719493487e+00
1.9360000000e+01   -7.4347751135e+00
1.9380000000e+01   -7.8749766604e+00
1.9400000000e+01   -7.6722914709e+00
1.9420000000e+01   -7.5818028547e+00
1.9440000000e+01   -8.3730558250e+00
1.9460000000e+01   -7.4702432232e+00
1.9480000000e+01   -7.5597168999e+00
1.9500000000e+01   -8.1408152539e+00
1.9520000000e+01   -7.5320454189e+00
1.9540000000e+01   -7.8935319526e+00
1.9560000000e+01   -7.6427051923e+00
1.9580000000e+01   -7.4547411543e+00
1.9600000000e+01   -8.0178849736e+00
1.9620000000e+01   -7.6277611264e+00
1.9640000000e+01   -7.5983924433e+00
1.9660000000e+01   -8.1892883421e+00
1.9680000000e+01   -7.4702998081e+00
1.9700000000e+01   -7.6107797527e+00
1.9720000000e+01   -7.9776079785e+00
1.9740000000e+01   -7.5256997109e+00
1.9760000000e+01   -7.9739678680e+00
1.9780000000e+01   -7.6162618325e+00
1.9800000000e+01   -7.4768130556e+00
1.9820000000e+01   -8.2204718048e+00
1.9840000000e+01   -7.5940880846e+00
1.9860000000e+01   -7.6216918681e+00
1.9880000000e+01   -8.0581984567e+00
1.9900000000e+01   -7.4720182456e+00
1.9920000000e+01   -7.6684447111e+00
1.9940000000e+01   -7.8687069389e+00
1.9960000000e+01   -7.5250703990e+00
1.9980000000e+01   -8.0817979971e+00
2.0000000000e+01   -7.5929613433e+00
2.0020000000e+01   -7.5014979896e+00
2.0040000000e+01   -8.5855189750e+00
2.0060000000e+01   -7.5687925049e+00
2.0080000000e+01   -7.6518826952e+00
2.0100000000e+01   -7.9576701369e+00
2.0120000000e+01   -7.4757406399e+00
2.0140000000e+01   -7.7348112905e+00
2.0160000000e+01   -7.7893249500e+00
2.0180000000e+01   -7.5296161247e+00
2.0200000000e+01   -8.2348227455e+00
2.0220000000e+01   -7.5729561076e+00
2.0240000000e+01   -7.5293235069e+00
2.0260000000e+01   -9.1734265474e+00
2.0280000000e+01   -7.5502850349e+00
2.0300000000e+01   -7.6895026005e+00
2.0320000000e+01   -7.8774749497e+00
2.0340000000e+01   -7.4817490161e+00
2.0360000000e+01   -7.8129727732e+00
2.0380000000e+01   -7.7287058149e+00
2.0400000000e+01   -7.5390252916e+00
2.0420000000e+01   -8.4839245073e+00
2.0440000000e+01   -7.5562903647e+00
2.0460000000e+01   -7.5608725528e+00
2.0480000000e+01   -8.4222823718e+00
2.0500000000e+01   -7.5375095852e+00
2.0520000000e+01   -7.7355279001e+00
2.0540000000e+01   -7.8119940307e+00
2.0560000000e+01   -7.4902903991e+00
2.0580000000e+01   -7.9078996628e+00
2.0600000000e+01   -7.6812331396e+00
2.0620000000e+01   -7.5531673170e+00
2.0640000000e+01   -9.1570601311e+00
2.0660000000e+01   -7.5429518672e+00
2.0680000000e+01   -7.5968285399e+00
2.0700000000e+01   -8.1718961614e+00
2.0720000000e+01   -7.5297515454e+00
2.0740000000e+01   -7.7915541493e+00
2.0760000000e+01   -7.7577937737e+00
2.0780000000e+01   -7.5015980457e+00
2.0800000000e+01   -8.0285302362e+00
2.0820000000e+01   -7.6436261404e+00
2.0840000000e+01   -7.5720692918e+00
2.0860000000e+01   -8.7220474129e+00
2.0880000000e+01   -7.5329042531e+00
2.0900000000e+01   -7.6380382143e+00
2.0920000000e+01   -8.0217278881e+00
2.0940000000e+01   -7.5265283902e+00
2.0960000000e+01   -7.8601596447e+00
2.0980000000e+01   -7.7126196696e+00
2.1000000000e+01   -7.5159102929e+00
2.1020000000e+01   -8.1938478743e+00
2.1040000000e+01   -7.6138201895e+00
2.1060000000e+01   -7.5959118462e+00
2.1080000000e+01   -8.3500960936e+00
2.1100000000e+01   -7.5261074234e+00
2.1120000000e+01   -7.6856062583e+00
2.1140000000e+01   -7.9166498972e+00
2.1160000000e+01   -7.5275248297e+00
2.1180000000e+01   -7.9456686637e+00
2.1200000000e+01   -7.6749145023e+00
2.1220000000e+01   -7.5334887473e+00
2.1240000000e+01   -8.4581824618e+00
2.1260000000e+01   -7.5904476709e+00
2.1280000000e+01   -7.6250431751e+00
2.1300000000e+01   -8.1559706521e+00
2.1320000000e+01   -7.5225305760e+00
2.1340000000e+01   -7.7410490551e+00
2.1360000000e+01   -7.8376163883e+00
2.1380000000e+01   -7.5325538789e+00
2.1400000000e+01   -8.0559377582e+00
2.1420000000e+01   -7.6435627543e+00
2.1440000000e+01   -7.5546376228e+00
2.1460000000e+01   -9.2036168427e+00
2.1480000000e+01   -7.5725706978e+00
2.1500000000e+01   -7.6600144806e+00
2.1520000000e+01   -8.0258871134e+00
2.1540000000e+01   -7.5221610531e+00
2.1560000000e+01   -7.8065643204e+00
2.1580000000e+01   -7.7757797920e+00
2.1600000000e+01   -7.5415342711e+00
2.1620000000e+01   -8.2073715192e+00
2.1640000000e+01   -7.6177444628e+00
2.1660000000e+01   -7.5797266696e+00
2.1680000000e+01   -8.6668245936e+00
2.1700000000e+01   -7.5595326671e+00
2.1720000000e+01   -7.7016462846e+00
2.1740000000e+01   -7.9296660722e+00
2.1760000000e+01   -7.5250109966e+00
2.1780000000e+01   -7.8855475010e+00
2.1800000000e+01   -7.7263201661e+00
2.1820000000e+01   -7.5544792184e+00
2.1840000000e+01   -8.4443045943e+00
2.1860000000e+01   -7.5968466572e+00
2.1880000000e+01   -7.6092209407e+00
2.1900000000e+01   -8.3151013743e+00
2.1920000000e+01   -7.5508710853e+00
2.1940000000e+01   -7.7511456709e+00
2.1960000000e+01   -7.8547510467e+00
2.1980000000e+01   -7.5311231753e+00
2.2000000000e+01   -7.9836957980e+00
2.2020000000e+01   -7.6863343220e+00
2.2040000000e+01   -7.5714941173e+00
2.2060000000e+01   -9.0037023264e+00
2.2080000000e+01   -7.5804072921e+00
2.2100000000e+01   -7.6437226260e+00
2.2120000000e+01   -8.1296236274e+00
2.2140000000e+01   -7.5462644342e+00
2.2160000000e+01   -7.8103171626e+00
2.2180000000e+01   -7.7946999632e+00
2.2200000000e+01   -7.5405769909e+00
2.2220000000e+01   -8.1117554567e+00
2.2240000000e+01   -7.6539501763e+00
2.2260000000e+01   -7.5927829939e+00
2.2280000000e+01   -8.8004911386e+00
2.2300000000e+01   -7.5680782149e+00
2.2320000000e+01   -7.6840330088e+00
2.2340000000e+01   -8.0054531333e+00
2.2360000000e+01   -7.5454992049e+00
2.2380000000e+01   -7.8819628824e+00
2.2400000000e+01   -7.7457688691e+00
2.2420000000e+01   -7.5534958074e+00
2.2440000000e+01   -8.2941679536e+00
2.2460000000e+01   -7.6279010356e+00
2.2480000000e+01   -7.6186637082e+00
2.2500000000e+01   -8.3865511545e+00
2.2520000000e+01   -7.5596016500e+00
2.2540000000e+01   -7.7312528989e+00
2.2560000000e+01   -7.9138860387e+00
2.2580000000e+01   -7.5484489564e+00
2.2600000000e+01   -7.9707098610e+00
2.2620000000e+01   -7.7055953289e+00
2.2640000000e+01   -7.5700569234e+00
2.2660000000e+01   -8.6114136551e+00
2.2680000000e+01   -7.6073007813e+00
2.2700000000e+01   -7.6495963314e+00
2.2720000000e+01   -8.1833079665e+00
2.2740000000e+01   -7.5547930383e+00
2.2760000000e+01   -7.7869481104e+00
2.2780000000e+01   -7.8428639697e+00
2.2800000000e+01   -7.5550631425e+00
2.2820000000e+01   -8.0849603899e+00
2.2840000000e+01   -7.6725995402e+00
2.2860000000e+01   -7.5905042528e+00
2.2880000000e+01   -9.8273967410e+00
2.2900000000e+01   -7.5915169523e+00
2.2920000000e+01   -7.6862303740e+00
2.2940000000e+01   -8.0498875023e+00
2.2960000000e+01   -7.5535305131e+00
2.2980000000e+01   -7.8534503076e+00
2.3000000000e+01   -7.7861800007e+00
2.3020000000e+01   -7.5653616472e+00
2.3040000000e+01   -8.2424716599e+00
2.3060000000e+01   -7.6456811002e+00
2.3080000000e+01   -7.6151673548e+00
2.3100000000e+01   -8.5704894655e+00
2.3120000000e+01   -7.5800942222e+00
2.3140000000e+01   -7.7294820289e+00
2.3160000000e+01   -7.9522611475e+00
2.3180000000e+01   -7.5557484791e+00
2.3200000000e+01   -7.9344464644e+00
2.3220000000e+01   -7.7402263386e+00
2.3240000000e+01   -7.5794349567e+00
2.3260000000e+01   -8.4928108906e+00
2.3280000000e+01   -7.6240515414e+00
2.3300000000e+01   -7.6444890549e+00
2.3320000000e+01   -8.2878224125e+00
2.3340000000e+01   -7.5727071696e+00
2.3360000000e+01   -7.7806651696e+00
2.3380000000e+01   -7.8767640299e+00
2.3400000000e+01   -7.5614346116e+00
2.3420000000e+01   -8.0362741385e+00
2.3440000000e+01   -7.7027298034e+00
2.3460000000e+01   -7.5974498560e+00
2.3480000000e+01   -9.1401449955e+00
2.3500000000e+01   -7.6071359685e+00
2.3520000000e+01   -7.6790671993e+00
2.3540000000e+01   -8.1232537776e+00
2.3560000000e+01   -7.5691303047e+00
2.3580000000e+01   -7.8417237827e+00
2.3600000000e+01   -7.8165275808e+00
2.3620000000e+01   -7.5706299704e+00
2.3640000000e+01   -8.1712689351e+00
2.3660000000e+01   -7.6721751628e+00
2.3680000000e+01   -7.6196614649e+00
2.3700000000e+01   -8.7618320940e+00
2.3720000000e+01   -7.5945127195e+00
2.3740000000e+01   -7.7197198367e+00
2.3760000000e+01   -8.0089374868e+00
2.3780000000e+01   -7.5692189958e+00
2.3800000000e+01   -7.9156740361e+00
2.3820000000e+01   -7.7676157757e+00
2.3840000000e+01   -7.5834323771e+00
2.3860000000e+01   -8.3689700610e+00
2.3880000000e+01   -7.6475115026e+00
2.3900000000e+01   -7.6464338360e+00
2.3920000000e+01   -8.3841109384e+00
2.3940000000e+01   -7.5858746544e+00
2.3960000000e+01   -7.7675908521e+00
2.3980000000e+01   -7.9229831466e+00
2.4000000000e+01   -7.5728985632e+00
2.4020000000e+01   -8.0075323078e+00
2.4040000000e+01   -7.7275699529e+00
2.4060000000e+01   -7.6000030898e+00
2.4080000000e+01   -8.7393600354e+00
2.4100000000e+01   -7.6279903532e+00
2.4120000000e+01   -7.6782729907e+00
2.4140000000e+01   -8.1901733392e+00
2.4160000000e+01   -7.5810044657e+00
2.4180000000e+01   -7.8243319847e+00
2.4200000000e+01   -7.8555235071e+00
2.4220000000e+01   -7.5801579438e+00
2.4240000000e+01   -8.1265434961e+00
2.4260000000e+01   -7.6947601629e+00
2.4280000000e+01   -7.6205790035e+00
2.4300000000e+01   -9.2214141995e+00
2.4320000000e+01   -7.6130701129e+00
2.4340000000e+01   -7.7158788665e+00
2.4360000000e+01   -8.0611560166e+00
2.4380000000e+01   -7.5797588363e+00
2.4400000000e+01   -7.8924359737e+00
2.4420000000e+01   -7.8012688991e+00
2.4440000000e+01   -7.5910486324e+00
2.4460000000e+01   -8.2927928471e+00
2.4480000000e+01   -7.6680589647e+00
2.4500000000e+01   -7.6454909171e+00
2.4520000000e+01   -8.5265719799e+00
2.4540000000e+01   -7.6023579144e+00
2.4560000000e+01   -7.7602303673e+00
2.4580000000e+01   -7.9661566001e+00
2.4600000000e+01   -7.5820585694e+00
2.4620000000e+01   -7.9759020646e+00
2.4640000000e+01   -7.7570613555e+00
2.4660000000e+01   -7.6056879018e+00
2.4680000000e+01   -8.5657660724e+00
2.4700000000e+01   -7.6466633380e+00
2.4720000000e+01   -7.6751918656e+00
2.4740000000e+01   -8.2772181764e+00
2.4760000000e+01   -7.5955726898e+00
2.4780000000e+01   -7.8127286973e+00
2.4800000000e+01   -7.8924337413e+00
2.4820000000e+01   -7.5878835197e+00
2.4840000000e+01   -8.0817336584e+00
2.4860000000e+01   -7.7208731725e+00
2.4880000000e+01   -7.6242669060e+00
2.4900000000e+01   -9.4460127428e+00
2.4920000000e+01   -7.6299910229e+00
2.4940000000e+01   -7.7103009399e+00
2.4960000000e+01   -8.1246393381e+00
2.4980000000e+01   -7.5925215642e+00
2.5000000000e+01   -7.8754532092e+00
2.5020000000e+01   -7.8334921077e+00
2.5040000000e+01   -7.5972714476e+00
2.5060000000e+01   -8.2239446578e+00
2.5080000000e+01   -7.6913339510e+00
2.5100000000e+01   -7.6470649187e+00
2.5120000000e+01   -8.7066441228e+00
2.5140000000e+01   -7.6176171543e+00
2.5160000000e+01   -7.7516729475e+00
2.5180000000e+01   -8.0164374981e+00
2.5200000000e+01   -7.5930849172e+00
2.5220000000e+01   -7.9516537084e+00
2.5240000000e+01   -7.7855771250e+00
2.5260000000e+01   -7.6103207603e+00
2.5280000000e+01   -8.4378049216e+00
2.5300000000e+01   -7.6674835038e+00
2.5320000000e+01   -7.6744722061e+00
2.5340000000e+01   -8.3733348407e+00
2.5360000000e+01   -7.6092342137e+00
2.5380000000e+01   -7.8005129091e+00
2.5400000000e+01   -7.9341620663e+00
2.5420000000e+01   -7.5972078632e+00
2.5440000000e+01   -8.0468011150e+00
2.5460000000e+01   -7.7463301322e+00
2.5480000000e+01   -7.6271970803e+00
2.5500000000e+01   -8.8737800619e+00
2.5520000000e+01   -7.6486330477e+00
2.5540000000e+01   -7.7070261001e+00
2.5560000000e+01   -8.1918451866e+00
2.5580000000e+01   -7.6046262482e+00
2.5600000000e+01   -7.8585750430e+00
2.5620000000e+01   -7.8691464476e+00
2.5640000000e+01   -7.6048961858e+00
2.5660000000e+01   -8.1711782857e+00
2.5680000000e+01   -7.7141814672e+00
2.5700000000e+01   -7.6481456386e+00
2.5720000000e+01   -9.0239295585e+00
2.5740000000e+01   -7.6342820203e+00
2.5760000000e+01   -7.7454674061e+00
2.5780000000e+01   -8.0687188942e+00
2.5800000000e+01   -7.6036526174e+00
2.5820000000e+01   -7.9285324633e+00
2.5840000000e+01   -7.8166287899e+00
2.5860000000e+01   -7.6162165406e+00
2.5880000000e+01   -8.3479012453e+00
2.5900000000e+01   -7.6880427478e+00
2.5920000000e+01   -7.6735105108e+00
2.5940000000e+01   -8.4970136282e+00
2.5960000000e+01   -7.6240669214e+00
2.5980000000e+01   -7.7908326777e+00
2.6000000000e+01   -7.9771691782e+00
2.6020000000e+01   -7.6062379249e+00
2.6040000000e+01   -8.0147280453e+00
2.6060000000e+01   -7.7737192666e+00
2.6080000000e+01   -7.6313009728e+00
2.6100000000e+01   -8.6507806236e+00
2.6120000000e+01   -7.6671378271e+00
2.6140000000e+01   -7.7037645874e+00
2.6160000000e+01   -8.2709351721e+00
2.6180000000e+01   -7.6177285622e+00
2.6200000000e+01   -7.8446107577e+00
2.6220000000e+01   -7.9057212244e+00
2.6240000000e+01   -7.6123669293e+00
2.6260000000e+01   -8.1249041021e+00
2.6280000000e+01   -7.7385408040e+00
2.6300000000e+01   -7.6503562385e+00
2.6320000000e+01   -1.2149165616e+01
2.6340000000e+01   -7.6509038717e+00
2.6360000000e+01   -7.7395564564e+00
2.6380000000e+01   -8.1276063506e+00
2.6400000000e+01   -7.6150911039e+00
2.6420000000e+01   -7.9090248557e+00
2.6440000000e+01   -7.8483998960e+00
2.6460000000e+01   -7.6220835418e+00
2.6480000000e+01   -8.2749982190e+00
2.6500000000e+01   -7.7098142204e+00
2.6520000000e+01   -7.6736794803e+00
2.6540000000e+01   -8.6575572219e+00
2.6560000000e+01   -7.6389307865e+00
2.6580000000e+01   -7.7817853614e+00
2.6600000000e+01   -8.0243582118e+00
2.6620000000e+01   -7.6160488921e+00
2.6640000000e+01   -7.9875828448e+00
2.6660000000e+01   -7.8017041914e+00
2.6680000000e+01   -7.6354938814e+00
2.6700000000e+01   -8.5073382038e+00
2.6720000000e+01   -7.6866379208e+00
2.6740000000e+01   -7.7016829152e+00
2.6760000000e+01   -8.3618709204e+00
2.6780000000e+01   -7.6309228670e+00
2.6800000000e+01   -7.8317257267e+00
2.6820000000e+01   -7.9451652207e+00
2.6840000000e+01   -7.6205590846e+00
2.6860000000e+01   -8.0862740621e+00
2.6880000000e+01   -7.7634144848e+00
2.6900000000e+01   -7.6527734276e+00
2.6920000000e+01   -9.0363981559e+00
2.6940000000e+01   -7.6683626875e+00
2.6960000000e+01   -7.7349327255e+00
2.6980000000e+01   -8.1922481685e+00
2.7000000000e+01   -7.6266740431e+00
2.7020000000e+01   -7.8912452917e+00
2.7040000000e+01   -7.8822533792e+00
2.7060000000e+01   -7.6286386686e+00
2.7080000000e+01   -8.2166074761e+00
2.7100000000e+01   -7.7320439512e+00
2.7120000000e+01   -7.6741801623e+00
2.7140000000e+01   -8.9055893385e+00
2.7160000000e+01   -7.6545159421e+00
2.7180000000e+01   -7.7742099136e+00
2.7200000000e+01   -8.0749478286e+00
2.7220000000e+01   -7.6260524376e+00
2.7240000000e+01   -7.9632160384e+00
2.7260000000e+01   -7.8312663660e+00
2.7280000000e+01   -7.6403654448e+00
2.7300000000e+01   -8.4054781136e+00
2.7320000000e+01   -7.7065570473e+00
2.7340000000e+01   -7.7000751315e+00
2.7360000000e+01   -8.4735167792e+00
2.7380000000e+01   -7.6447548130e+00
2.7400000000e+01   -7.8206103645e+00
2.7420000000e+01   -7.9868674596e+00
2.7440000000e+01   -7.6289908696e+00
2.7460000000e+01   -8.0523630995e+00
2.7480000000e+01   -7.7895253420e+00
2.7500000000e+01   -7.6558833995e+00
2.7520000000e+01   -8.7469640755e+00
2.7540000000e+01   -7.6862132026e+00
2.7560000000e+01   -7.7309545057e+00
2.7580000000e+01   -8.2660834232e+00
2.7600000000e+01   -7.6388360453e+00
2.7620000000e+01   -7.8757158989e+00
2.7640000000e+01   -7.9177283040e+00
2.7660000000e+01   -7.6354822758e+00
2.7680000000e+01   -8.1672686180e+00
2.7700000000e+01   -7.7552740263e+00
2.7720000000e+01   -7.6754130000e+00
2.7740000000e+01   -9.4798688535e+00
2.7760000000e+01   -7.6704747465e+00
2.7780000000e+01   -7.7674998993e+00
2.7800000000e+01   -8.1307198890e+00
2.7820000000e+01   -7.6365967178e+00
2.7840000000e+01   -7.9419059174e+00
2.7860000000e+01   -7.8620607369e+00
2.7880000000e+01   -7.6455792272e+00
2.7900000000e+01   -8.3261446931e+00
2.7920000000e+01   -7.7273076203e+00
2.7940000000e+01   -7.6992681319e+00
2.7960000000e+01   -8.6165393911e+00
2.7980000000e+01   -7.6589502001e+00
2.8000000000e+01   -7.8106592875e+00
2.8020000000e+01   -8.0318929013e+00
2.8040000000e+01   -7.6379422638e+00
2.8060000000e+01   -8.0229743788e+00
2.8080000000e+01   -7.8166145764e+00
2.8100000000e+01   -7.6593975311e+00
2.8120000000e+01   -8.5803825317e+00
2.8140000000e+01   -7.7047730774e+00
2.8160000000e+01   -7.7278826450e+00
2.8180000000e+01   -8.3513088542e+00
2.8200000000e+01   -7.6513583344e+00
2.8220000000e+01   -7.8617826309e+00
2.8240000000e+01   -7.9555164221e+00
2.8260000000e+01   -7.6428398928e+00
2.8280000000e+01   -8.1254992685e+00
2.8300000000e+01   -7.7793092127e+00
2.8320000000e+01   -7.6771241983e+00
2.8340000000e+01   -9.2619676967e+00
2.8360000000e+01   -7.6870544288e+00
2.8380000000e+01   -7.7618520657e+00
2.8400000000e+01   -8.1923452717e+00
2.8420000000e+01   -7.6475048595e+00
2.8440000000e+01   -7.9228615491e+00
2.8460000000e+01   -7.8945615917e+00
2.8480000000e+01   -7.6513164184e+00
2.8500000000e+01   -8.2624294237e+00
2.8520000000e+01   -7.7487412843e+00
2.8540000000e+01   -7.6990314748e+00
2.8560000000e+01   -8.8218659020e+00
2.8580000000e+01   -7.6737030101e+00
2.8600000000e+01   -7.8019993089e+00
2.8620000000e+01   -8.0804859579e+00
2.8640000000e+01   -7.6472680485e+00
2.8660000000e+01   -7.9969870383e+00
2.8680000000e+01   -7.8450198544e+00
2.8700000000e+01   -7.6634598775e+00
2.8720000000e+01   -8.4653680684e+00
2.8740000000e+01   -7.7239287203e+00
2.8760000000e+01   -7.7254989447e+00
2.8780000000e+01   -8.4536629329e+00
2.8800000000e+01   -7.6643938811e+00
2.8820000000e+01   -7.8494832066e+00
2.8840000000e+01   -7.9957153421e+00
2.8860000000e+01   -7.6505899937e+00
2.8880000000e+01   -8.0893120341e+00
2.8900000000e+01   -7.8043967469e+00
2.8920000000e+01   -7.6794256851e+00
2.8940000000e+01   -8.8579227491e+00
2.8960000000e+01   -7.7041670843e+00
2.8980000000e+01   -7.7570478771e+00
2.9000000000e+01   -8.2619173403e+00
2.9020000000e+01   -7.6588978885e+00
2.9040000000e+01   -7.9059856943e+00
2.9060000000e+01   -7.9288098429e+00
2.9080000000e+01   -7.6574726434e+00
2.9100000000e+01   -8.2093832875e+00
2.9120000000e+01   -7.7710431140e+00
2.9140000000e+01   -7.6994478514e+00
2.9160000000e+01   -9.1991398989e+00
2.9180000000e+01   -7.6889442848e+00
2.9200000000e+01   -7.7943953320e+00
2.9220000000e+01   -8.1336634647e+00
2.9240000000e+01   -7.6570638009e+00
2.9260000000e+01   -7.9740568020e+00
2.9280000000e+01   -7.8747590402e+00
2.9300000000e+01   -7.6679779455e+00
2.9320000000e+01   -8.3781440057e+00
2.9340000000e+01   -7.7438209048e+00
2.9360000000e+01   -7.7238572324e+00
2.9380000000e+01   -8.5822147887e+00
2.9400000000e+01   -7.6778878048e+00
2.9420000000e+01   -7.8385416506e+00
2.9440000000e+01   -8.0389025861e+00
2.9460000000e+01   -7.6588072932e+00
2.9480000000e+01   -8.0578084601e+00
2.9500000000e+01   -7.8305449881e+00
2.9520000000e+01   -7.6822320647e+00
2.9540000000e+01   -8.6589615664e+00
2.9560000000e+01   -7.7219211253e+00
2.9580000000e+01   -7.7531100240e+00
2.9600000000e+01   -8.3418387981e+00
2.9620000000e+01   -7.6707311085e+00
2.9640000000e+01   -7.8909183040e+00
2.9660000000e+01   -7.9651670684e+00
2.9680000000e+01   -7.6641051113e+00
2.9700000000e+01   -8.1644882387e+00
2.9720000000e+01   -7.7942175272e+00
2.9740000000e+01   -7.7004342283e+00
2.9760000000e+01   -9.6774035253e+00
2.9780000000e+01   -7.7047582768e+00
2.9800000000e+01   -7.7878324629e+00
2.9820000000e+01   -8.1923699221e+00
2.9840000000e+01   -7.6672919453e+00
2.9860000000e+01   -7.9536518682e+00
2.9880000000e+01   -7.9060739101e+00
2.9900000000e+01   -7.6729935825e+00
2.9920000000e+01   -8.3087420655e+00
2.9940000000e+01   -7.7644524001e+00
2.9960000000e+01   -7.7228717561e+00
2.9980000000e+01   -8.7579311259e+00
3.0000000000e+01   -7.6919058115e+00
3.0020000000e+01   -7.8288918460e+00
3.0040000000e+01   -8.0855368233e+00
3.0060000000e+01   -7.6674589217e+00
3.0080000000e+01   -8.0300749176e+00
3.0100000000e+01   -7.8579232988e+00
3.0120000000e+01   -7.6855708906e+00
3.0140000000e+01   -8.5281027846e+00
3.0160000000e+01   -7.7403186394e+00
3.0180000000e+01   -7.7499438217e+00
3.0200000000e+01   -8.4364622548e+00
3.0220000000e+01   -7.6830555502e+00
3.0240000000e+01   -7.8775143411e+00
3.0260000000e+01   -8.0038886127e+00
3.0280000000e+01   -7.6711836048e+00
3.0300000000e+01   -8.1258212566e+00
3.0320000000e+01   -7.8183872395e+00
3.0340000000e+01   -7.7020039485e+00
3.0360000000e+01   -8.9916355405e+00
3.0380000000e+01   -7.7211465546e+00
3.0400000000e+01   -7.7821982778e+00
3.0420000000e+01   -8.2582080838e+00
3.0440000000e+01   -7.6779916753e+00
3.0460000000e+01   -7.9354901629e+00
3.0480000000e+01   -7.9391209501e+00
3.0500000000e+01   -7.6784772000e+00
3.0520000000e+01   -8.2515532821e+00
3.0540000000e+01   -7.7859145192e+00
3.0560000000e+01   -7.7225406336e+00
3.0580000000e+01   -9.0426618449e+00
3.0600000000e+01   -7.7064488035e+00
3.0620000000e+01   -7.8203898661e+00
3.0640000000e+01   -8.1363864264e+00
3.0660000000e+01   -7.6765741337e+00
3.0680000000e+01   -8.0055563580e+00
3.0700000000e+01   -7.8866348121e+00
3.0720000000e+01   -7.6894112962e+00
3.0740000000e+01   -8.4315326433e+00
3.0760000000e+01   -7.7594287536e+00
3.0780000000e+01   -7.7475293652e+00
3.0800000000e+01   -8.5531100696e+00
3.0820000000e+01   -7.6958713068e+00
3.0840000000e+01   -7.8655750058e+00
3.0860000000e+01   -8.0454033267e+00
3.0880000000e+01   -7.6787285398e+00
3.0900000000e+01   -8.0921792097e+00
3.0920000000e+01   -7.8436242067e+00
3.0940000000e+01   -7.7041227598e+00
3.0960000000e+01   -8.7454175355e+00
3.0980000000e+01   -7.7381620212e+00
3.1000000000e+01   -7.7774496870e+00
3.1020000000e+01   -8.3333621549e+00
3.1040000000e+01   -7.6891619218e+00
3.1060000000e+01   -7.9192730403e+00
3.1080000000e+01   -7.9741644394e+00
3.1100000000e+01   -7.6844410393e+00
3.1120000000e+01   -8.2033709158e+00
3.1140000000e+01   -7.8082596129e+00
3.1160000000e+01   -7.7228234916e+00
3.1180000000e+01   -1.0014928851e+01
3.1200000000e+01   -7.7215574527e+00
3.1220000000e+01   -7.8129602446e+00
3.1240000000e+01   -8.1923783090e+00
3.1260000000e+01   -7.6861502369e+00
3.1280000000e+01   -7.9837577095e+00
3.1300000000e+01   -7.9168539794e+00
3.1320000000e+01   -7.6937574436e+00
3.1340000000e+01   -8.3557910358e+00
3.1360000000e+01   -7.7792907387e+00
3.1380000000e+01   -7.7458165371e+00
3.1400000000e+01   -8.7068772322e+00
3.1420000000e+01   -7.7092094714e+00
3.1440000000e+01   -7.8549755475e+00
3.1460000000e+01   -8.0901883682e+00
3.1480000000e+01   -7.6867351132e+00
3.1500000000e+01   -8.0626287722e+00
3.1520000000e+01   -7.8700494356e+00
3.1540000000e+01   -7.7067861840e+00
3.1560000000e+01   -8.5945586002e+00
3.1580000000e+01   -7.7558347933e+00
3.1600000000e+01   -7.7735216232e+00
3.1620000000e+01   -8.4213554437e+00
3.1640000000e+01   -7.7008259009e+00
3.1660000000e+01   -7.9047940216e+00
3.1680000000e+01   -8.0114823253e+00
3.1700000000e+01   -7.6908775924e+00
3.1720000000e+01   -8.1620626802e+00
3.1740000000e+01   -7.8315746657e+00
3.1760000000e+01   -7.7237059517e+00
3.1780000000e+01   -9.1651779731e+00
3.1800000000e+01   -7.7372550807e+00
3.1820000000e+01   -7.8065146510e+00
3.1840000000e+01   -8.2548594399e+00
3.1860000000e+01   -7.6962037695e+00
3.1880000000e+01   -7.9643233107e+00
3.1900000000e+01   -7.9487572354e+00
3.1920000000e+01   -7.6985982155e+00
3.1940000000e+01   -8.2940204491e+00
3.1960000000e+01   -7.7999688793e+00
3.1980000000e+01   -7.7447789281e+00
3.2000000000e+01   -8.9366057924e+00
3.2020000000e+01   -7.7230879290e+00
3.2040000000e+01   -7.8455904152e+00
3.2060000000e+01   -8.1388985538e+00
3.2080000000e+01   -7.6952138945e+00
3.2100000000e+01   -8.0365058851e+00
3.2120000000e+01   -7.8977822026e+00
3.2140000000e+01   -7.7099783851e+00
3.2160000000e+01   -8.4868436499e+00
3.2180000000e+01   -7.7742131786e+00
3.2200000000e+01   -7.7703718260e+00
3.2220000000e+01   -8.5280882698e+00
3.2240000000e+01   -7.7129970276e+00
3.2260000000e+01   -7.8918653057e+00
3.2280000000e+01   -8.0514419158e+00
3.2300000000e+01   -7.6977916633e+00
3.2320000000e+01   -8.1262041859e+00
3.2340000000e+01   -7.8559443254e+00
3.2360000000e+01   -7.7251659589e+00
3.2380000000e+01   -8.8431435142e+00
3.2400000000e+01   -7.7535782327e+00
3.2420000000e+01   -7.8009887053e+00
3.2440000000e+01   -8.3257423299e+00
3.2460000000e+01   -7.7067441790e+00
3.2480000000e+01   -7.9469536176e+00
3.2500000000e+01   -7.9825711141e+00
3.2520000000e+01   -7.7039325971e+00
3.2540000000e+01   -8.2423075406e+00
3.2560000000e+01   -7.8215253862e+00
3.2580000000e+01   -7.7443859203e+00
3.2600000000e+01   -9.4231264472e+00
3.2620000000e+01   -7.7375342982e+00
3.2640000000e+01   -7.8373224657e+00
3.2660000000e+01   -8.1923838419e+00
3.2680000000e+01   -7.7041705249e+00
3.2700000000e+01   -8.0132897453e+00
3.2720000000e+01   -7.9269718772e+00
3.2740000000e+01   -7.7136920262e+00
3.2760000000e+01   -8.4038844212e+00
3.2780000000e+01   -7.7933440996e+00
3.2800000000e+01   -7.7679577072e+00
3.2820000000e+01   -8.6648595480e+00
3.2840000000e+01   -7.7256957912e+00
3.2860000000e+01   -7.8803379519e+00
3.2880000000e+01   -8.0944942719e+00
3.2900000000e+01   -7.7051850608e+00
3.2920000000e+01   -8.0947697792e+00
3.2940000000e+01   -7.8814719660e+00
3.2960000000e+01   -7.7271888398e+00
3.2980000000e+01   -8.6659493598e+00
3.3000000000e+01   -7.7705629349e+00
3.3020000000e+01   -7.7963225673e+00
3.3040000000e+01   -8.4079589885e+00
3.3060000000e+01   -7.7177859280e+00
3.3080000000e+01   -7.9314112645e+00
3.3100000000e+01   -8.0185641045e+00
3.3120000000e+01   -7.7097582534e+00
3.3140000000e+01   -8.1981850807e+00
3.3160000000e+01   -7.8440343510e+00
3.3180000000e+01   -7.7446138138e+00
3.3200000000e+01   -9.4252990183e+00
3.3220000000e+01   -7.7525764598e+00
3.3240000000e+01   -7.8300859908e+00
3.3260000000e+01   -8.2518143270e+00
3.3280000000e+01   -7.7136141982e+00
3.3300000000e+01   -7.9925776343e+00
3.3320000000e+01   -7.9577915924e+00
3.3340000000e+01   -7.7179200354e+00
3.3360000000e+01   -8.3370182251e+00
3.3380000000e+01   -7.8132820314e+00
3.3400000000e+01   -7.7662439463e+00
3.3420000000e+01   -8.8578292574e+00
3.3440000000e+01   -7.7389436094e+00
3.3460000000e+01   -7.8700853318e+00
3.3480000000e+01   -8.1412208903e+00
3.3500000000e+01   -7.7130620539e+00
3.3520000000e+01   -8.0670057815e+00
3.3540000000e+01   -7.9082759423e+00
3.3560000000e+01   -7.7297617803e+00
3.3580000000e+01   -8.5446931372e+00
3.3600000000e+01   -7.7882498577e+00
3.3620000000e+01   -7.7924650274e+00
3.3640000000e+01   -8.5063117246e+00
3.3660000000e+01   -7.7293451423e+00
3.3680000000e+01   -7.9175012543e+00
3.3700000000e+01   -8.0570664708e+00
3.3720000000e+01   -7.7160745388e+00
3.3740000000e+01   -8.1600025750e+00
3.3760000000e+01   -7.8675803562e+00
3.3780000000e+01   -7.7454426209e+00
3.3800000000e+01   -8.9576967396e+00
3.3820000000e+01   -7.7682448591e+00
3.3840000000e+01   -7.8238068714e+00
3.3860000000e+01   -8.3188561320e+00
3.3880000000e+01   -7.7235563715e+00
3.3900000000e+01   -7.9740506893e+00
3.3920000000e+01   -7.9904466308e+00
3.3940000000e+01   -7.7226565132e+00
3.3960000000e+01   -8.2814685122e+00
3.3980000000e+01   -7.8340894613e+00
3.4000000000e+01   -7.7652010594e+00
3.4020000000e+01   -9.1967896298e+00
3.4040000000e+01   -7.7527631304e+00
3.4060000000e+01   -7.8609987814e+00
3.4080000000e+01   -8.1923895871e+00
3.4100000000e+01   -7.7214297190e+00
3.4120000000e+01   -8.0423440021e+00
3.4140000000e+01   -7.9364920943e+00
3.4160000000e+01   -7.7328729262e+00
3.4180000000e+01   -8.4533810103e+00
3.4200000000e+01   -7.8066862268e+00
3.4220000000e+01   -7.7893735599e+00
3.4240000000e+01   -8.6295014009e+00
3.4260000000e+01   -7.7414381479e+00
3.4280000000e+01   -7.9050591821e+00
3.4300000000e+01   -8.0984951247e+00
3.4320000000e+01   -7.7228841901e+00
3.4340000000e+01   -8.1266067870e+00
3.4360000000e+01   -7.8922576057e+00
3.4380000000e+01   -7.7468533405e+00
3.4400000000e+01   -8.7439712558e+00
3.4420000000e+01   -7.7845757877e+00
3.4440000000e+01   -7.8184239911e+00
3.4460000000e+01   -8.3959858395e+00
3.4480000000e+01   -7.7340079871e+00
3.4500000000e+01   -7.9574479016e+00
3.4520000000e+01   -8.0251886758e+00
3.4540000000e+01   -7.7278995993e+00
3.4560000000e+01   -8.2343300949e+00
3.4580000000e+01   -7.8558338321e+00
3.4600000000e+01   -7.7648009868e+00
3.4620000000e+01   -1.0036719705e+01
3.4640000000e+01   -7.7671823156e+00
3.4660000000e+01   -7.8529890870e+00
3.4680000000e+01   -8.2490310114e+00
3.4700000000e+01   -7.7302942371e+00
3.4720000000e+01   -8.0203390544e+00
3.4740000000e+01   -7.9662846896e+00
3.4760000000e+01   -7.7365153221e+00
3.4780000000e+01   -8.3807921134e+00
3.4800000000e+01   -7.8259215765e+00
3.4820000000e+01   -7.7870082300e+00
3.4840000000e+01   -8.7960551826e+00
3.4860000000e+01   -7.7540863069e+00
3.4880000000e+01   -7.8939514767e+00
3.4900000000e+01   -8.1433743219e+00
3.4920000000e+01   -7.7301887751e+00
3.4940000000e+01   -8.0971510976e+00
3.4960000000e+01   -7.9181792300e+00
3.4980000000e+01   -7.7488328828e+00
3.5000000000e+01   -8.6058432337e+00
3.5020000000e+01   -7.8016060355e+00
3.5040000000e+01   -7.8138808373e+00
3.5060000000e+01   -8.4871593822e+00
3.5080000000e+01   -7.7449849347e+00
3.5100000000e+01   -7.9425607423e+00
3.5120000000e+01   -8.0623202023e+00
3.5140000000e+01   -7.7336461970e+00
3.5160000000e+01   -8.1936912150e+00
3.5180000000e+01   -7.8785964423e+00
3.5200000000e+01   -7.7650229906e+00
3.5220000000e+01   -9.0993863188e+00
3.5240000000e+01   -7.7822285792e+00
3.5260000000e+01   -7.8459757302e+00
3.5280000000e+01   -8.3126001886e+00
3.5300000000e+01   -7.7396666060e+00
3.5320000000e+01   -8.0006450863e+00
3.5340000000e+01   -7.9978432662e+00
3.5360000000e+01   -7.7406807256e+00
3.5380000000e+01   -8.3210325072e+00
3.5400000000e+01   -7.8460159809e+00
3.5420000000e+01   -7.7853381054e+00
3.5440000000e+01   -9.0585463701e+00
3.5460000000e+01   -7.7673097982e+00
3.5480000000e+01   -7.8840606754e+00
3.5500000000e+01   -8.1923961752e+00
3.5520000000e+01   -7.7379947890e+00
3.5540000000e+01   -8.0710076803e+00
3.5560000000e+01   -7.9454715498e+00
3.5580000000e+01   -7.7513670937e+00
3.5600000000e+01   -8.5047016220e+00
3.5620000000e+01   -7.8193809887e+00
3.5640000000e+01   -7.8101325560e+00
3.5660000000e+01   -8.5992297506e+00
3.5680000000e+01   -7.7565014802e+00
3.5700000000e+01   -7.9292115103e+00
3.5720000000e+01   -8.1022243140e+00
3.5740000000e+01   -7.7398983007e+00
3.5760000000e+01   -8.1582418481e+00
3.5780000000e+01   -7.9024652348e+00
3.5800000000e+01   -7.7658457058e+00
3.5820000000e+01   -8.8311102425e+00
3.5840000000e+01   -7.7979366226e+00
3.5860000000e+01   -7.8398938455e+00
3.5880000000e+01   -8.3852122642e+00
3.5900000000e+01   -7.7495560421e+00
3.5920000000e+01   -7.9829782814e+00
3.5940000000e+01   -8.0314024292e+00
3.5960000000e+01   -7.7453663440e+00
3.5980000000e+01   -8.2706385873e+00
3.6000000000e+01   -7.8670327249e+00
3.6020000000e+01   -7.7843326436e+00
3.6040000000e+01   -9.7687740801e+00
3.6060000000e+01   -7.7811351405e+00
3.6080000000e+01   -7.8752917256e+00
3.6100000000e+01   -8.2464759388e+00
3.6120000000e+01   -7.7463068692e+00
3.6140000000e+01   -8.0476866034e+00
3.6160000000e+01   -7.9742887170e+00
3.6180000000e+01   -7.7544477920e+00
3.6200000000e+01   -8.4256117622e+00
3.6220000000e+01   -7.8379471745e+00
3.6240000000e+01   -7.8071362659e+00
3.6260000000e+01   -8.7458275613e+00
3.6280000000e+01   -7.7685776421e+00
3.6300000000e+01   -7.9172570306e+00
3.6320000000e+01   -8.1453774572e+00
3.6340000000e+01   -7.7466560888e+00
3.6360000000e+01   -8.1270314234e+00
3.6380000000e+01   -7.9275469046e+00
3.6400000000e+01   -7.7672544858e+00
3.6420000000e+01   -8.6712815061e+00
3.6440000000e+01   -7.8143410300e+00
3.6460000000e+01   -7.8346831986e+00
3.6480000000e+01   -8.4701621799e+00
3.6500000000e+01   -7.7599771113e+00
3.6520000000e+01   -7.9671134125e+00
3.6540000000e+01   -8.0672410129e+00
3.6560000000e+01   -7.7505677726e+00
3.6580000000e+01   -8.2273853722e+00
3.6600000000e+01   -7.8890484892e+00
3.6620000000e+01   -7.7839690249e+00
3.6640000000e+01   -9.2912135879e+00
3.6660000000e+01   -7.7955881095e+00
3.6680000000e+01   -7.8675589390e+00
3.6700000000e+01   -8.3068894830e+00
3.6720000000e+01   -7.7551346779e+00
3.6740000000e+01   -8.0268097706e+00
3.6760000000e+01   -8.0048076151e+00
3.6780000000e+01   -7.7580655096e+00
3.6800000000e+01   -8.3611894111e+00
3.6820000000e+01   -7.8573612089e+00
3.6840000000e+01   -7.8048583460e+00
3.6860000000e+01   -8.9607810758e+00
3.6880000000e+01   -7.7812323600e+00
3.6900000000e+01   -7.9065721383e+00
3.6920000000e+01   -8.1924036375e+00
3.6940000000e+01   -7.7539245892e+00
3.6960000000e+01   -8.0993613765e+00
3.6980000000e+01   -7.9539603708e+00
3.7000000000e+01   -7.7692339497e+00
3.7020000000e+01   -8.5583530129e+00
3.7040000000e+01   -7.8314843997e+00
3.7060000000e+01   -7.8302953516e+00
3.7080000000e+01   -8.5729505579e+00
3.7100000000e+01   -7.7709431270e+00
3.7120000000e+01   -7.9528600068e+00
3.7140000000e+01   -8.1057103473e+00
3.7160000000e+01   -7.7562854188e+00
3.7180000000e+01   -8.1897730855e+00
3.7200000000e+01   -7.9121467055e+00
3.7220000000e+01   -7.7842245613e+00
3.7240000000e+01   -8.9312643701e+00
3.7260000000e+01   -7.8107010109e+00
3.7280000000e+01   -7.8607924546e+00
3.7300000000e+01   -8.3754602110e+00
3.7320000000e+01   -7.7644866730e+00
3.7340000000e+01   -8.0080700743e+00
3.7360000000e+01   -8.0372455491e+00
3.7380000000e+01   -7.7622156747e+00
3.7400000000e+01   -8.3072549165e+00
3.7420000000e+01   -7.8776835392e+00
3.7440000000e+01   -7.8032667242e+00
3.7460000000e+01   -9.3835678941e+00
3.7480000000e+01   -7.7944899440e+00
3.7500000000e+01   -7.8970543323e+00
3.7520000000e+01   -8.2441214361e+00
3.7540000000e+01   -7.7617078922e+00
3.7560000000e+01   -8.0746935583e+00
3.7580000000e+01   -7.9818491534e+00
3.7600000000e+01   -7.7717738256e+00
3.7620000000e+01   -8.4717830877e+00
3.7640000000e+01   -7.8494114506e+00
3.7660000000e+01   -7.8266854276e+00
3.7680000000e+01   -8.7039095218e+00
3.7700000000e+01   -7.7824720004e+00
3.7720000000e+01   -7.9400632228e+00
3.7740000000e+01   -8.1472464487e+00
3.7760000000e+01   -7.7625189943e+00
3.7780000000e+01   -8.1567323112e+00
3.7800000000e+01   -7.9364269467e+00
3.7820000000e+01   -7.7850822151e+00
3.7840000000e+01   -8.7423434428e+00
3.7860000000e+01   -7.8265072612e+00
3.7880000000e+01   -7.8549291927e+00
3.7900000000e+01   -8.4549591631e+00
3.7920000000e+01   -7.7743753739e+00
3.7940000000e+01   -7.9912224174e+00
3.7960000000e+01   -8.0718618355e+00
3.7980000000e+01   -7.7668934827e+00
3.8000000000e+01   -8.2612005892e+00
3.8020000000e+01   -7.8989856150e+00
3.8040000000e+01   -7.8023356848e+00
3.8060000000e+01   -9.6060981380e+00
3.8080000000e+01   -7.8083754922e+00
3.8100000000e+01   -7.8886136243e+00
3.8120000000e+01   -8.3016534422e+00
3.8140000000e+01   -7.7700135457e+00
3.8160000000e+01   -8.0526120489e+00
3.8180000000e+01   -8.0113799755e+00
3.8200000000e+01   -7.7748643368e+00
3.8220000000e+01   -8.4021458702e+00
3.8240000000e+01   -7.8681746501e+00
3.8260000000e+01   -7.8238162042e+00
3.8280000000e+01   -8.8862325113e+00
3.8300000000e+01   -7.7945823289e+00
3.8320000000e+01   -7.9285908331e+00
3.8340000000e+01   -8.1924119067e+00
3.8360000000e+01   -7.7692713550e+00
3.8380000000e+01   -8.1274811100e+00
3.8400000000e+01   -7.9620025202e+00
3.8420000000e+01   -7.7865262787e+00
3.8440000000e+01   -8.6149635865e+00
3.8460000000e+01   -7.8430459390e+00
3.8480000000e+01   -7.8499160438e+00
3.8500000000e+01   -8.5498745374e+00
3.8520000000e+01   -7.7848139914e+00
3.8540000000e+01   -7.9760637859e+00
3.8560000000e+01   -8.1089777451e+00
3.8580000000e+01   -7.7720970193e+00
3.8600000000e+01   -8.2212966875e+00
3.8620000000e+01   -7.9213477207e+00
3.8640000000e+01   -7.8020421064e+00
3.8660000000e+01   -9.0511254865e+00
3.8680000000e+01   -7.8229181604e+00
3.8700000000e+01   -7.8811738579e+00
3.8720000000e+01   -8.3665856563e+00
3.8740000000e+01   -7.7788501289e+00
3.8760000000e+01   -8.0327854518e+00
3.8780000000e+01   -8.0427530054e+00
3.8800000000e+01   -7.7784983877e+00
3.8820000000e+01   -8.3443303384e+00
3.8840000000e+01   -7.8878327436e+00
3.8860000000e+01   -7.8216549350e+00
3.8880000000e+01   -9.1940507029e+00
3.8900000000e+01   -7.8072955116e+00
3.8920000000e+01   -7.9183312979e+00
3.8940000000e+01   -8.2419441105e+00
3.8960000000e+01   -7.7765468846e+00
3.8980000000e+01   -8.1014284630e+00
3.9000000000e+01   -7.9890059183e+00
3.9020000000e+01   -7.7885435834e+00
3.9040000000e+01   -8.5196625101e+00
3.9060000000e+01   -7.8603610592e+00
3.9080000000e+01   -7.8457070776e+00
3.9100000000e+01   -8.6682276024e+00
3.9120000000e+01   -7.7958176319e+00
3.9140000000e+01   -7.9624254780e+00
3.9160000000e+01   -8.1489952418e+00
3.9180000000e+01   -7.7778264296e+00
3.9200000000e+01   -8.1863364061e+00
3.9220000000e+01   -7.9448616618e+00
3.9240000000e+01   -7.8023656746e+00
3.9260000000e+01   -8.8209232806e+00
3.9280000000e+01   -7.8381512425e+00
3.9300000000e+01   -7.8746700242e+00
3.9320000000e+01   -8.4412673735e+00
3.9340000000e+01   -7.7882273972e+00
3.9360000000e+01   -8.0149454727e+00
3.9380000000e+01   -8.0762114824e+00
3.9400000000e+01   -7.7826716291e+00
3.9420000000e+01   -8.2952548361e+00
3.9440000000e+01   -7.9084512626e+00
3.9460000000e+01   -7.8201720988e+00
3.9480000000e+01   -1.1693022862e+01
3.9500000000e+01   -7.8206369172e+00
3.9520000000e+01   -7.9091912136e+00
3.9540000000e+01   -8.2968331790e+00
3.9560000000e+01   -7.7843503139e+00
3.9580000000e+01   -8.0781143643e+00
3.9600000000e+01   -8.0175958892e+00
3.9620000000e+01   -7.7911249355e+00
3.9640000000e+01   -8.4441319546e+00
3.9660000000e+01   -7.8785001565e+00
3.9680000000e+01   -7.8422604210e+00
3.9700000000e+01   -8.8266785911e+00
3.9720000000e+01   -7.8074055008e+00
3.9740000000e+01   -7.9501689616e+00
3.9760000000e+01   -8.1924209444e+00
3.9780000000e+01   -7.7840816051e+00
3.9800000000e+01   -8.1554394425e+00
3.9820000000e+01   -7.9696368272e+00
3.9840000000e+01   -7.8032912671e+00
3.9860000000e+01   -8.6753388108e+00
3.9880000000e+01   -7.8541095079e+00
3.9900000000e+01   -7.8690431678e+00
3.9920000000e+01   -8.5294149794e+00
3.9940000000e+01   -7.7981594127e+00
3.9960000000e+01   -7.9988768273e+00
3.9980000000e+01   -8.1120478851e+00
4.0000000000e+01   -7.7873790381e+00
