X    Y
0.0000000000e+00   0.0000000000e+00
2.0000000000e-02   -5.0376768124e-04
4.0000000000e-02   -2.0108880067e-03
6.0000000000e-02   -4.5088139206e-03
8.0000000000e-02   -7.9766402023e-03
1.0000000000e-01   -1.2385123327e-02
1.2000000000e-01   -1.7696729302e-02
1.4000000000e-01   -2.3865729254e-02
1.6000000000e-01   -3.0838367706e-02
1.8000000000e-01   -3.8553132896e-02
2.0000000000e-01   -4.6941161825e-02
2.2000000000e-01   -5.5926814295e-02
2.4000000000e-01   -6.5428449274e-02
2.6000000000e-01   -7.5359432808e-02
2.8000000000e-01   -8.5629398550e-02
3.0000000000e-01   -9.6145769363e-02
3.2000000000e-01   -1.0681553119e-01
3.4000000000e-01   -1.1754722902e-01
3.6000000000e-01   -1.2825313064e-01
3.8000000000e-01   -1.3885147894e-01
4.0000000000e-01   -1.4926873115e-01
4.2000000000e-01   -1.5944166627e-01
4.4000000000e-01   -1.6931923435e-01
4.6000000000e-01   -1.7886402450e-01
4.8000000000e-01   -1.8805324518e-01
5.0000000000e-01   -1.9687913849e-01
5.2000000000e-01   -2.0534878783e-01
5.4000000000e-01   -2.1348332117e-01
5.6000000000e-01   -2.2131655436e-01
5.8000000000e-01   -2.2889315634e-01
6.0000000000e-01   -2.3626644556e-01
6.2000000000e-01   -2.4349594242e-01
6.4000000000e-01   -2.5064480624e-01
6.6000000000e-01   -2.5777727704e-01
6.8000000000e-01   -2.6495622688e-01
7.0000000000e-01   -2.7224090448e-01
7.2000000000e-01   -2.7968493455e-01
7.4000000000e-01   -2.8733461226e-01
7.6000000000e-01   -2.9522751563e-01
7.8000000000e-01   -3.0339144540e-01
8.0000000000e-01   -3.1184369332e-01
8.2000000000e-01   -3.2059063548e-01
8.4000000000e-01   -3.2962764612e-01
8.6000000000e-01   -3.3893932806e-01
8.8000000000e-01   -3.4850005711e-01
9.0000000000e-01   -3.5827483830e-01
9.2000000000e-01   -3.6822046929e-01
9.4000000000e-01   -3.7828700149e-01
9.6000000000e-01   -3.8841947927e-01
9.8000000000e-01   -3.9855992474e-01
1.0000000000e+00   -4.0864951770e-01
1.0200000000e+00   -4.1863090169e-01
1.0400000000e+00   -4.2845052745e-01
1.0600000000e+00   -4.3806092883e-01
1.0800000000e+00   -4.4742281567e-01
1.1000000000e+00   -4.5650686631e-01
1.1200000000e+00   -4.6529511058e-01
1.1400000000e+00   -4.7378181418e-01
1.1600000000e+00   -4.8197380390e-01
1.1800000000e+00   -4.8989020967e-01
1.2000000000e+00   -4.9756163833e-01
1.2200000000e+00   -5.0502883086e-01
1.2400000000e+00   -5.1234088635e-01
1.2600000000e+00   -5.1955315783e-01
1.2800000000e+00   -5.2672493618e-01
1.3000000000e+00   -5.3391703934e-01
1.3200000000e+00   -5.4118941530e-01
1.3400000000e+00   -5.4859885297e-01
1.3600000000e+00   -5.5619687659e-01
1.3800000000e+00   -5.6402788101e-01
1.4000000000e+00   -5.7212754831e-01
1.4200000000e+00   -5.8052157274e-01
1.4400000000e+00   -5.8922471192e-01
1.4600000000e+00   -5.9824017677e-01
1.4800000000e+00   -6.0755937090e-01
1.5000000000e+00   -6.1716199018e-01
1.5200000000e+00   -6.2701649380e-01
1.5400000000e+00   -6.3708095761e-01
1.5600000000e+00   -6.4730431665e-01
1.5800000000e+00   -6.5762799557e-01
1.6000000000e+00   -6.6798791155e-01
1.6200000000e+00   -6.7831681446e-01
1.6400000000e+00   -6.8854690361e-01
1.6600000000e+00   -6.9861263167e-01
1.6800000000e+00   -7.0845357786e-01
1.7000000000e+00   -7.1801724744e-01
1.7200000000e+00   -7.2726163892e-01
1.7400000000e+00   -7.3615741734e-01
1.7600000000e+00   -7.4468954528e-01
1.7800000000e+00   -7.5285825214e-01
1.8000000000e+00   -7.6067926651e-01
1.8200000000e+00   -7.6818328876e-01
1.8400000000e+00   -7.7541473689e-01
1.8600000000e+00   -7.8242984962e-01
1.8800000000e+00   -7.8929427101e-01
1.9000000000e+00   -7.9608026600e-01
1.9200000000e+00   -8.0286372511e-01
1.9400000000e+00   -8.0972111053e-01
1.9600000000e+00   -8.1672647737e-01
1.9800000000e+00   -8.2394867907e-01
2.0000000000e+00   -8.3144883824e-01
2.0200000000e+00   -8.3927813866e-01
2.0400000000e+00   -8.4747597318e-01
2.0600000000e+00   -8.5606846803e-01
2.0800000000e+00   -8.6506739691e-01
2.1000000000e+00   -8.7446949725e-01
2.1200000000e+00   -8.8425620521e-01
2.1400000000e+00   -8.9439383269e-01
2.1600000000e+00   -9.0483421635e-01
2.1800000000e+00   -9.1551587243e-01
2.2000000000e+00   -9.2636568853e-01
2.2200000000e+00   -9.3730117203e-01
2.2400000000e+00   -9.4823325188e-01
2.2600000000e+00   -9.5906959516e-01
2.2800000000e+00   -9.6971835390e-01
2.3000000000e+00   -9.8009220380e-01
2.3200000000e+00   -9.9011248278e-01
2.3400000000e+00   -9.9971319134e-01
2.3600000000e+00   -1.0088445888e+00
2.3800000000e+00   -1.0174761186e+00
2.4000000000e+00   -1.0255984272e+00
2.4200000000e+00   -1.0332243019e+00
2.4400000000e+00   -1.0403884410e+00
2.4600000000e+00   -1.0471460682e+00
2.4800000000e+00   -1.0535705002e+00
2.5000000000e+00   -1.0597498560e+00
2.5200000000e+00   -1.0657831496e+00
2.5400000000e+00   -1.0717760264e+00
2.5600000000e+00   -1.0778363956e+00
2.5800000000e+00   -1.0840701741e+00
2.6000000000e+00   -1.0905773103e+00
2.6200000000e+00   -1.0974482008e+00
2.6400000000e+00   -1.1047605664e+00
2.6600000000e+00   -1.1125768096e+00
2.6800000000e+00   -1.1209418572e+00
2.7000000000e+00   -1.1298814728e+00
2.7200000000e+00   -1.1394010333e+00
2.7400000000e+00   -1.1494847730e+00
2.7600000000e+00   -1.1600955229e+00
2.7800000000e+00   -1.1711749981e+00
2.8000000000e+00   -1.1826447099e+00
2.8200000000e+00   -1.1944075975e+00
2.8400000000e+00   -1.2063504785e+00
2.8600000000e+00   -1.2183474005e+00
2.8800000000e+00   -1.2302639332e+00
2.9000000000e+00   -1.2419623694e+00
2.9200000000e+00   -1.2533077031e+00
2.9400000000e+00   -1.2641741343e+00
2.9600000000e+00   -1.2744517310e+00
2.9800000000e+00   -1.2840527753e+00
3.0000000000e+00   -1.2929172726e+00
3.0200000000e+00   -1.3010171144e+00
3.0400000000e+00   -1.3083584786e+00
3.0600000000e+00   -1.3149822131e+00
3.0800000000e+00   -1.3209621576e+00
3.1000000000e+00   -1.3264015682e+00
3.1200000000e+00   -1.3314279978e+00
3.1400000000e+00   -1.3361871006e+00
3.1600000000e+00   -1.3408358744e+00
3.1800000000e+00   -1.3455358249e+00
3.2000000000e+00   -1.3504464466e+00
3.2200000000e+00   -1.3557193010e+00
3.2400000000e+00   -1.3614928473e+00
3.2600000000e+00   -1.3678880742e+00
3.2800000000e+00   -1.3750048979e+00
3.3000000000e+00   -1.3829192439e+00
3.3200000000e+00   -1.3916807103e+00
3.3400000000e+00   -1.4013107235e+00
3.3600000000e+00   -1.4118011299e+00
3.3800000000e+00   -1.4231132206e+00
3.4000000000e+00   -1.4351772499e+00
3.4200000000e+00   -1.4478925841e+00
3.4400000000e+00   -1.4611286836e+00
3.4600000000e+00   -1.4747271831e+00
3.4800000000e+00   -1.4885053610e+00
3.5000000000e+00   -1.5022612757e+00
3.5200000000e+00   -1.5157807578e+00
3.5400000000e+00   -1.5288462855e+00
3.5600000000e+00   -1.5412475168e+00
3.5800000000e+00   -1.5527929478e+00
3.6000000000e+00   -1.5633218444e+00
3.6200000000e+00   -1.5727153441e+00
3.6400000000e+00   -1.5809055211e+00
3.6600000000e+00   -1.5878813135e+00
3.6800000000e+00   -1.5936905451e+00
3.7000000000e+00   -1.5984377699e+00
3.7200000000e+00   -1.6022782313e+00
3.7400000000e+00   -1.6054087162e+00
3.7600000000e+00   -1.6080564051e+00
3.7800000000e+00   -1.6104669052e+00
3.8000000000e+00   -1.6128925425e+00
3.8200000000e+00   -1.6155817199e+00
3.8400000000e+00   -1.6187698272e+00
3.8600000000e+00   -1.6226718740e+00
3.8800000000e+00   -1.6274767648e+00
3.9000000000e+00   -1.6333429694e+00
3.9200000000e+00   -1.6403952556e+00
3.9400000000e+00   -1.6487221350e+00
3.9600000000e+00   -1.6583737128e+00
3.9800000000e+00   -1.6693597046e+00
4.0000000000e+00   -1.6816474927e+00
4.0200000000e+00   -1.6951602201e+00
4.0400000000e+00   -1.7097750802e+00
4.0600000000e+00   -1.7253221326e+00
4.0800000000e+00   -1.7415841742e+00
4.1000000000e+00   -1.7582983794e+00
4.1200000000e+00   -1.7751605704e+00
4.1400000000e+00   -1.7918330192e+00
4.1600000000e+00   -1.8079565277e+00
4.1800000000e+00   -1.8231671212e+00
4.2000000000e+00   -1.8371169649e+00
4.2200000000e+00   -1.8494981487e+00
4.2400000000e+00   -1.8600669622e+00
4.2600000000e+00   -1.8686655251e+00
4.2800000000e+00   -1.8752374761e+00
4.3000000000e+00   -1.8798350775e+00
4.3200000000e+00   -1.8826164859e+00
4.3400000000e+00   -1.8838337096e+00
4.3600000000e+00   -1.8838133808e+00
4.3800000000e+00   -1.8829334602e+00
4.4000000000e+00   -1.8815991511e+00
4.4200000000e+00   -1.8802207534e+00
4.4400000000e+00   -1.8791952206e+00
4.4600000000e+00   -1.8788921566e+00
4.4800000000e+00   -1.8796441343e+00
4.5000000000e+00   -1.8817406605e+00
4.5200000000e+00   -1.8854248340e+00
4.5400000000e+00   -1.8908916942e+00
4.5600000000e+00   -1.8982873328e+00
4.5800000000e+00   -1.9077079954e+00
4.6000000000e+00   -1.9191985658e+00
4.6200000000e+00   -1.9327500046e+00
4.6400000000e+00   -1.9482955001e+00
4.6600000000e+00   -1.9657053085e+00
4.6800000000e+00   -1.9847805488e+00
4.7000000000e+00   -2.0052466135e+00
4.7200000000e+00   -2.0267473885e+00
4.7400000000e+00   -2.0488421459e+00
4.7600000000e+00   -2.0710076841e+00
4.7800000000e+00   -2.0926488458e+00
4.8000000000e+00   -2.1131205418e+00
4.8200000000e+00   -2.1317633802e+00
4.8400000000e+00   -2.1479525235e+00
4.8600000000e+00   -2.1611555678e+00
4.8800000000e+00   -2.1709909963e+00
4.9000000000e+00   -2.1772758932e+00
4.9200000000e+00   -2.1800520295e+00
4.9400000000e+00   -2.1795838470e+00
4.9600000000e+00   -2.1763289425e+00
4.9800000000e+00   -2.1708884715e+00
5.0000000000e+00   -2.1639487059e+00
5.0200000000e+00   -2.1562247792e+00
5.0400000000e+00   -2.1484144263e+00
5.0600000000e+00   -2.1411652378e+00
5.0800000000e+00   -2.1350552880e+00
5.1000000000e+00   -2.1305847492e+00
5.1200000000e+00   -2.1281752465e+00
5.1400000000e+00   -2.1281737996e+00
5.1600000000e+00   -2.1308587468e+00
5.1800000000e+00   -2.1364457026e+00
5.2000000000e+00   -2.1450921602e+00
5.2200000000e+00   -2.1568997433e+00
5.2400000000e+00   -2.1719133437e+00
5.2600000000e+00   -2.1901164834e+00
5.2800000000e+00   -2.2114222852e+00
5.3000000000e+00   -2.2356595135e+00
5.3200000000e+00   -2.2625533936e+00
5.3400000000e+00   -2.2917015502e+00
5.3600000000e+00   -2.3225467184e+00
5.3800000000e+00   -2.3543502174e+00
5.4000000000e+00   -2.3861737540e+00
5.4200000000e+00   -2.4168815464e+00
5.4400000000e+00   -2.4451783580e+00
5.4600000000e+00   -2.4696981983e+00
5.4800000000e+00   -2.4891484929e+00
5.5000000000e+00   -2.5024933444e+00
5.5200000000e+00   -2.5091333923e+00
5.5400000000e+00   -2.5090250326e+00
5.5600000000e+00   -2.5026945210e+00
5.5800000000e+00   -2.4911415614e+00
5.6000000000e+00   -2.4756694823e+00
5.6200000000e+00   -2.4576990872e+00
5.6400000000e+00   -2.4386139232e+00
5.6600000000e+00   -2.4196595495e+00
5.6800000000e+00   -2.4018960703e+00
5.7000000000e+00   -2.3861905630e+00
5.7200000000e+00   -2.3732334670e+00
5.7400000000e+00   -2.3635659300e+00
5.7600000000e+00   -2.3576095506e+00
5.7800000000e+00   -2.3556937591e+00
5.8000000000e+00   -2.3580786494e+00
5.8200000000e+00   -2.3649724986e+00
5.8400000000e+00   -2.3765438067e+00
5.8600000000e+00   -2.3929277340e+00
5.8800000000e+00   -2.4142264816e+00
5.9000000000e+00   -2.4405025265e+00
5.9200000000e+00   -2.4717626861e+00
5.9400000000e+00   -2.5079297368e+00
5.9600000000e+00   -2.5487967839e+00
5.9800000000e+00   -2.5939581301e+00
6.0000000000e+00   -2.6427101060e+00
6.0200000000e+00   -2.6939189485e+00
6.0400000000e+00   -2.7458659040e+00
6.0600000000e+00   -2.7961104869e+00
6.0800000000e+00   -2.8414655034e+00
6.1000000000e+00   -2.8782309201e+00
6.1200000000e+00   -2.9028126566e+00
6.1400000000e+00   -2.9126566547e+00
6.1600000000e+00   -2.9071033598e+00
6.1800000000e+00   -2.8876401619e+00
6.2000000000e+00   -2.8573761811e+00
6.2200000000e+00   -2.8200956969e+00
6.2400000000e+00   -2.7794145186e+00
6.2600000000e+00   -2.7383132298e+00
6.2800000000e+00   -2.6990204335e+00
6.3000000000e+00   -2.6630963668e+00
6.3200000000e+00   -2.6315865602e+00
6.3400000000e+00   -2.6051738778e+00
6.3600000000e+00   -2.5843022387e+00
6.3800000000e+00   -2.5692685467e+00
6.4000000000e+00   -2.5602881053e+00
6.4200000000e+00   -2.5575405688e+00
6.4400000000e+00   -2.5612026446e+00
6.4600000000e+00   -2.5714723185e+00
6.4800000000e+00   -2.5885880415e+00
6.5000000000e+00   -2.6128452524e+00
6.5200000000e+00   -2.6446117272e+00
6.5400000000e+00   -2.6843423223e+00
6.5600000000e+00   -2.7325923039e+00
6.5800000000e+00   -2.7900257685e+00
6.6000000000e+00   -2.8574097885e+00
6.6200000000e+00   -2.9355715565e+00
6.6400000000e+00   -3.0252650231e+00
6.6600000000e+00   -3.1268234892e+00
6.6800000000e+00   -3.2393250841e+00
6.7000000000e+00   -3.3587446320e+00
6.7200000000e+00   -3.4744994316e+00
6.7400000000e+00   -3.5656314766e+00
6.7600000000e+00   -3.6044583863e+00
6.7800000000e+00   -3.5762894977e+00
6.8000000000e+00   -3.4948852681e+00
6.8200000000e+00   -3.3879283656e+00
6.8400000000e+00   -3.2768415177e+00
6.8600000000e+00   -3.1725990538e+00
6.8800000000e+00   -3.0794601092e+00
6.9000000000e+00   -2.9984867063e+00
6.9200000000e+00   -2.9294471712e+00
6.9400000000e+00   -2.8716810796e+00
6.9600000000e+00   -2.8244628622e+00
6.9800000000e+00   -2.7871454623e+00
7.0000000000e+00   -2.7592120408e+00
7.0200000000e+00   -2.7402917082e+00
7.0400000000e+00   -2.7301638268e+00
7.0600000000e+00   -2.7287621801e+00
7.0800000000e+00   -2.7361851439e+00
7.1000000000e+00   -2.7527167496e+00
7.1200000000e+00   -2.7788647771e+00
7.1400000000e+00   -2.8154259709e+00
7.1600000000e+00   -2.8635970848e+00
7.1800000000e+00   -2.9251692458e+00
7.2000000000e+00   -3.0028872108e+00
7.2200000000e+00   -3.1011706616e+00
7.2400000000e+00   -3.2277466004e+00
7.2600000000e+00   -3.3980699366e+00
7.2800000000e+00   -3.6514832571e+00
7.3000000000e+00   -4.1677673512e+00
7.3200000000e+00   -4.2211569429e+00
7.3400000000e+00   -3.8050249370e+00
7.3600000000e+00   -3.6602724184e+00
7.3800000000e+00   -3.6121073364e+00
7.4000000000e+00   -3.6320640623e+00
7.4200000000e+00   -3.7284166335e+00
7.4400000000e+00   -3.9682913084e+00
7.4600000000e+00   -6.1043482425e+00
7.4800000000e+00   -3.8754266619e+00
7.5000000000e+00   -3.5469339114e+00
7.5200000000e+00   -3.3506164821e+00
7.5400000000e+00   -3.2126316775e+00
7.5600000000e+00   -3.1094884612e+00
7.5800000000e+00   -3.0306118108e+00
7.6000000000e+00   -2.9703545983e+00
7.6200000000e+00   -2.9254038281e+00
7.6400000000e+00   -2.8937289094e+00
7.6600000000e+00   -2.8740950993e+00
7.6800000000e+00   -2.8658239917e+00
7.7000000000e+00   -2.8686810335e+00
7.7200000000e+00   -2.8828433989e+00
7.7400000000e+00   -2.9089366196e+00
7.7600000000e+00   -2.9481551414e+00
7.7800000000e+00   -3.0025201335e+00
7.8000000000e+00   -3.0754116089e+00
7.8200000000e+00   -3.1727454763e+00
7.8400000000e+00   -3.3059711333e+00
7.8600000000e+00   -3.5017742742e+00
7.8800000000e+00   -3.8525292063e+00
7.9000000000e+00   -4.6465015351e+00
7.9200000000e+00   -3.7748222718e+00
7.9400000000e+00   -3.5371263795e+00
7.9600000000e+00   -3.4142902368e+00
7.9800000000e+00   -3.3474485887e+00
8.0000000000e+00   -3.3183089933e+00
8.0200000000e+00   -3.3205920699e+00
8.0400000000e+00   -3.3542730419e+00
8.0600000000e+00   -3.4255530655e+00
8.0800000000e+00   -3.5524983018e+00
8.1000000000e+00   -3.7929116372e+00
8.1200000000e+00   -4.6360991375e+00
8.1400000000e+00   -3.8932178353e+00
8.1600000000e+00   -3.5443392864e+00
8.1800000000e+00   -3.3532966993e+00
8.2000000000e+00   -3.2257376526e+00
8.2200000000e+00   -3.1346986769e+00
8.2400000000e+00   -3.0687193763e+00
8.2600000000e+00   -3.0219699610e+00
8.2800000000e+00   -2.9912247754e+00
8.3000000000e+00   -2.9746919983e+00
8.3200000000e+00   -2.9715085810e+00
8.3400000000e+00   -2.9815337455e+00
8.3600000000e+00   -3.0053206761e+00
8.3800000000e+00   -3.0442516987e+00
8.4000000000e+00   -3.1009128955e+00
8.4200000000e+00   -3.1799579117e+00
8.4400000000e+00   -3.2902332686e+00
8.4600000000e+00   -3.4510678669e+00
8.4800000000e+00   -3.7189313699e+00
8.5000000000e+00   -4.5208347412e+00
8.5200000000e+00   -3.9120312558e+00
8.5400000000e+00   -3.5835325374e+00
8.5600000000e+00   -3.4203254064e+00
8.5800000000e+00   -3.3233146599e+00
8.6000000000e+00   -3.2654895834e+00
8.6200000000e+00   -3.2362452922e+00
8.6400000000e+00   -3.2312338133e+00
8.6600000000e+00   -3.2495871219e+00
8.6800000000e+00   -3.2934467291e+00
8.7000000000e+00   -3.3691597506e+00
8.7200000000e+00   -3.4918932745e+00
8.7400000000e+00   -3.7042276180e+00
8.7600000000e+00   -4.2304632068e+00
8.7800000000e+00   -4.0535642916e+00
8.8000000000e+00   -3.6233852143e+00
8.8200000000e+00   -3.4157317968e+00
8.8400000000e+00   -3.2837974719e+00
8.8600000000e+00   -3.1928792543e+00
8.8800000000e+00   -3.1292991237e+00
8.9000000000e+00   -3.0864321946e+00
8.9200000000e+00   -3.0607850087e+00
8.9400000000e+00   -3.0505656367e+00
8.9600000000e+00   -3.0551092418e+00
8.9800000000e+00   -3.0746925114e+00
9.0000000000e+00   -3.1106127485e+00
9.0200000000e+00   -3.1655832488e+00
9.0400000000e+00   -3.2447384871e+00
9.0600000000e+00   -3.3582408646e+00
9.0800000000e+00   -3.5294964707e+00
9.1000000000e+00   -3.8345464508e+00
9.1200000000e+00   -5.5063936466e+00
9.1400000000e+00   -3.8322996001e+00
9.1600000000e+00   -3.5527711596e+00
9.1800000000e+00   -3.4015333382e+00
9.2000000000e+00   -3.3074934247e+00
9.2200000000e+00   -3.2486220345e+00
9.2400000000e+00   -3.2156767074e+00
9.2600000000e+00   -3.2045229131e+00
9.2800000000e+00   -3.2138163816e+00
9.3000000000e+00   -3.2443839477e+00
9.3200000000e+00   -3.2995928902e+00
9.3400000000e+00   -3.3871176806e+00
9.3600000000e+00   -3.5246269415e+00
9.3800000000e+00   -3.7635662363e+00
9.4000000000e+00   -4.4441348459e+00
9.4200000000e+00   -3.9794788399e+00
9.4400000000e+00   -3.6119959661e+00
9.4600000000e+00   -3.4237384143e+00
9.4800000000e+00   -3.3034075639e+00
9.5000000000e+00   -3.2214502331e+00
9.5200000000e+00   -3.1657946949e+00
9.5400000000e+00   -3.1305612519e+00
9.5600000000e+00   -3.1127402356e+00
9.5800000000e+00   -3.1109727010e+00
9.6000000000e+00   -3.1251005021e+00
9.6200000000e+00   -3.1561190974e+00
9.6400000000e+00   -3.2064990386e+00
9.6600000000e+00   -3.2811255356e+00
9.6800000000e+00   -3.3897887898e+00
9.7000000000e+00   -3.5549994512e+00
9.7200000000e+00   -3.8486484135e+00
9.7400000000e+00   -5.6453148609e+00
9.7600000000e+00   -3.8723708624e+00
9.7800000000e+00   -3.5813619772e+00
9.8000000000e+00   -3.4238444205e+00
9.8200000000e+00   -3.3245881503e+00
9.8400000000e+00   -3.2606264144e+00
9.8600000000e+00   -3.2222674147e+00
9.8800000000e+00   -3.2049943343e+00
9.9000000000e+00   -3.2069832946e+00
9.9200000000e+00   -3.2283110218e+00
9.9400000000e+00   -3.2709845516e+00
9.9600000000e+00   -3.3398217636e+00
9.9800000000e+00   -3.4451669735e+00
1.0000000000e+01   -3.6119214748e+00
1.0020000000e+01   -3.9253668805e+00
1.0040000000e+01   -4.8848842067e+00
1.0060000000e+01   -3.8366875372e+00
1.0080000000e+01   -3.5626168645e+00
1.0100000000e+01   -3.4064251684e+00
1.0120000000e+01   -3.3041635023e+00
1.0140000000e+01   -3.2350240201e+00
1.0160000000e+01   -3.1898481805e+00
1.0180000000e+01   -3.1640939581e+00
1.0200000000e+01   -3.1555602441e+00
1.0220000000e+01   -3.1635455570e+00
1.0240000000e+01   -3.1886146570e+00
1.0260000000e+01   -3.2327867717e+00
1.0280000000e+01   -3.3002943060e+00
1.0300000000e+01   -3.3996359462e+00
1.0320000000e+01   -3.5497786841e+00
1.0340000000e+01   -3.8064855005e+00
1.0360000000e+01   -4.5859999225e+00
1.0380000000e+01   -3.9853458656e+00
1.0400000000e+01   -3.6442578506e+00
1.0420000000e+01   -3.4692298466e+00
1.0440000000e+01   -3.3597267605e+00
1.0460000000e+01   -3.2881182907e+00
1.0480000000e+01   -3.2431251989e+00
1.0500000000e+01   -3.2194426548e+00
1.0520000000e+01   -3.2146805061e+00
1.0540000000e+01   -3.2283211450e+00
1.0560000000e+01   -3.2615195427e+00
1.0580000000e+01   -3.3175598054e+00
1.0600000000e+01   -3.4034112753e+00
1.0620000000e+01   -3.5343830217e+00
1.0640000000e+01   -3.7520117467e+00
1.0660000000e+01   -4.2660228003e+00
1.0680000000e+01   -4.1467720100e+00
1.0700000000e+01   -3.7110397791e+00
1.0720000000e+01   -3.5079869109e+00
1.0740000000e+01   -3.3824251760e+00
1.0760000000e+01   -3.2987423497e+00
1.0780000000e+01   -3.2431577642e+00
1.0800000000e+01   -3.2091830238e+00
1.0820000000e+01   -3.1936126897e+00
1.0840000000e+01   -3.1951171498e+00
1.0860000000e+01   -3.2137630736e+00
1.0880000000e+01   -3.2510365614e+00
1.0900000000e+01   -3.3103877048e+00
1.0920000000e+01   -3.3987895116e+00
1.0940000000e+01   -3.5312448797e+00
1.0960000000e+01   -3.7477807739e+00
1.0980000000e+01   -4.2423176051e+00
1.1000000000e+01   -4.1845874037e+00
1.1020000000e+01   -3.7346627090e+00
1.1040000000e+01   -3.5307883448e+00
1.1060000000e+01   -3.4065870033e+00
1.1080000000e+01   -3.3251598218e+00
1.1100000000e+01   -3.2724410185e+00
1.1120000000e+01   -3.2419226314e+00
1.1140000000e+01   -3.2305135405e+00
1.1160000000e+01   -3.2371266955e+00
1.1180000000e+01   -3.2622614992e+00
1.1200000000e+01   -3.3081900613e+00
1.1220000000e+01   -3.3799145411e+00
1.1240000000e+01   -3.4879337981e+00
1.1260000000e+01   -3.6573530013e+00
1.1280000000e+01   -3.9741691272e+00
1.1300000000e+01   -4.9125403666e+00
1.1320000000e+01   -3.8853315135e+00
1.1340000000e+01   -3.6141865925e+00
1.1360000000e+01   -3.4603821785e+00
1.1380000000e+01   -3.3604457892e+00
1.1400000000e+01   -3.2937198636e+00
1.1420000000e+01   -3.2511517535e+00
1.1440000000e+01   -3.2283142077e+00
1.1460000000e+01   -3.2231589835e+00
1.1480000000e+01   -3.2352126709e+00
1.1500000000e+01   -3.2654112963e+00
1.1520000000e+01   -3.3164355088e+00
1.1540000000e+01   -3.3938363895e+00
1.1560000000e+01   -3.5091958502e+00
1.1580000000e+01   -3.6908157704e+00
1.1600000000e+01   -4.0428022562e+00
1.1620000000e+01   -4.5952532234e+00
1.1640000000e+01   -3.8550871092e+00
1.1660000000e+01   -3.6064498687e+00
1.1680000000e+01   -3.4624930772e+00
1.1700000000e+01   -3.3689906497e+00
1.1720000000e+01   -3.3074185131e+00
1.1740000000e+01   -3.2695393375e+00
1.1760000000e+01   -3.2513736614e+00
1.1780000000e+01   -3.2512268055e+00
1.1800000000e+01   -3.2690188075e+00
1.1820000000e+01   -3.3062550312e+00
1.1840000000e+01   -3.3666118150e+00
1.1860000000e+01   -3.4577022575e+00
1.1880000000e+01   -3.5963718190e+00
1.1900000000e+01   -3.8299362043e+00
1.1920000000e+01   -4.4350003328e+00
1.1940000000e+01   -4.1200071634e+00
1.1960000000e+01   -3.7320757935e+00
1.1980000000e+01   -3.5416590452e+00
1.2000000000e+01   -3.4227881772e+00
1.2020000000e+01   -3.3438015951e+00
1.2040000000e+01   -3.2921000783e+00
1.2060000000e+01   -3.2617152829e+00
1.2080000000e+01   -3.2497592602e+00
1.2100000000e+01   -3.2551753692e+00
1.2120000000e+01   -3.2783532189e+00
1.2140000000e+01   -3.3212664892e+00
1.2160000000e+01   -3.3882498762e+00
1.2180000000e+01   -3.4881900229e+00
1.2200000000e+01   -3.6413098634e+00
1.2220000000e+01   -3.9091502413e+00
1.2240000000e+01   -4.8609120847e+00
1.2260000000e+01   -4.0190668119e+00
1.2280000000e+01   -3.6972185039e+00
1.2300000000e+01   -3.5267149945e+00
1.2320000000e+01   -3.4184537601e+00
1.2340000000e+01   -3.3467437019e+00
1.2360000000e+01   -3.3008705501e+00
1.2380000000e+01   -3.2757052688e+00
1.2400000000e+01   -3.2688608784e+00
1.2420000000e+01   -3.2796937275e+00
1.2440000000e+01   -3.3090676711e+00
1.2460000000e+01   -3.3596735009e+00
1.2480000000e+01   -3.4371894288e+00
1.2500000000e+01   -3.5535991724e+00
1.2520000000e+01   -3.7386147417e+00
1.2540000000e+01   -4.1053586161e+00
1.2560000000e+01   -4.5438153984e+00
1.2580000000e+01   -3.8719023832e+00
1.2600000000e+01   -3.6298915791e+00
1.2620000000e+01   -3.4879416056e+00
1.2640000000e+01   -3.3950542366e+00
1.2660000000e+01   -3.3334499547e+00
1.2680000000e+01   -3.2951345137e+00
1.2700000000e+01   -3.2762050956e+00
1.2720000000e+01   -3.2749600987e+00
1.2740000000e+01   -3.2912428004e+00
1.2760000000e+01   -3.3263859328e+00
1.2780000000e+01   -3.3837104112e+00
1.2800000000e+01   -3.4700369028e+00
1.2820000000e+01   -3.6000829034e+00
1.2840000000e+01   -3.8129455134e+00
1.2860000000e+01   -4.2940803780e+00
1.2880000000e+01   -4.2690659429e+00
1.2900000000e+01   -3.8072511008e+00
1.2920000000e+01   -3.5998560946e+00
1.2940000000e+01   -3.4733300095e+00
1.2960000000e+01   -3.3899135084e+00
1.2980000000e+01   -3.3352713795e+00
1.3000000000e+01   -3.3027516610e+00
1.3020000000e+01   -3.2891415637e+00
1.3040000000e+01   -3.2932088833e+00
1.3060000000e+01   -3.3152379435e+00
1.3080000000e+01   -3.3571320104e+00
1.3100000000e+01   -3.4231703381e+00
1.3120000000e+01   -3.5221803255e+00
1.3140000000e+01   -3.6742782710e+00
1.3160000000e+01   -3.9406033047e+00
1.3180000000e+01   -4.8778734735e+00
1.3200000000e+01   -4.0532254691e+00
1.3220000000e+01   -3.7295010156e+00
1.3240000000e+01   -3.5579495217e+00
1.3260000000e+01   -3.4487996862e+00
1.3280000000e+01   -3.3762257691e+00
1.3300000000e+01   -3.3294535063e+00
1.3320000000e+01   -3.3033070409e+00
1.3340000000e+01   -3.2953460569e+00
1.3360000000e+01   -3.3048516288e+00
1.3380000000e+01   -3.3325664539e+00
1.3400000000e+01   -3.3809636174e+00
1.3420000000e+01   -3.4552779885e+00
1.3440000000e+01   -3.5664189636e+00
1.3460000000e+01   -3.7406314213e+00
1.3480000000e+01   -4.0700410462e+00
1.3500000000e+01   -4.8372828339e+00
1.3520000000e+01   -3.9459086414e+00
1.3540000000e+01   -3.6837857409e+00
1.3560000000e+01   -3.5340614638e+00
1.3580000000e+01   -3.4369204700e+00
1.3600000000e+01   -3.3725394552e+00
1.3620000000e+01   -3.3321927432e+00
1.3640000000e+01   -3.3116452171e+00
1.3660000000e+01   -3.3090150813e+00
1.3680000000e+01   -3.3240284282e+00
1.3700000000e+01   -3.3579207824e+00
1.3720000000e+01   -3.4139011577e+00
1.3740000000e+01   -3.4986056206e+00
1.3760000000e+01   -3.6263210558e+00
1.3780000000e+01   -3.8346225703e+00
1.3800000000e+01   -4.2954322394e+00
1.3820000000e+01   -4.3294126452e+00
1.3840000000e+01   -3.8470499939e+00
1.3860000000e+01   -3.6350915236e+00
1.3880000000e+01   -3.5062550177e+00
1.3900000000e+01   -3.4212503467e+00
1.3920000000e+01   -3.3653121493e+00
1.3940000000e+01   -3.3316069657e+00
1.3960000000e+01   -3.3168155606e+00
1.3980000000e+01   -3.3196174271e+00
1.4000000000e+01   -3.3401945990e+00
1.4020000000e+01   -3.3802965697e+00
1.4040000000e+01   -3.4439214935e+00
1.4060000000e+01   -3.5392783273e+00
1.4080000000e+01   -3.6847454204e+00
1.4100000000e+01   -3.9338427105e+00
1.4120000000e+01   -4.6597505989e+00
1.4140000000e+01   -4.1351897176e+00
1.4160000000e+01   -3.7820673398e+00
1.4180000000e+01   -3.6016905990e+00
1.4200000000e+01   -3.4881111741e+00
1.4220000000e+01   -3.4127492315e+00
1.4240000000e+01   -3.3639623106e+00
1.4260000000e+01   -3.3362064730e+00
1.4280000000e+01   -3.3268489932e+00
1.4300000000e+01   -3.3350468658e+00
1.4320000000e+01   -3.3614381867e+00
1.4340000000e+01   -3.4083735008e+00
1.4360000000e+01   -3.4808886279e+00
1.4380000000e+01   -3.5894593076e+00
1.4400000000e+01   -3.7590165084e+00
1.4420000000e+01   -4.0744604572e+00
1.4440000000e+01   -5.0543703797e+00
1.4460000000e+01   -3.9943646688e+00
1.4480000000e+01   -3.7223547824e+00
1.4500000000e+01   -3.5687256879e+00
1.4520000000e+01   -3.4692827774e+00
1.4540000000e+01   -3.4032340900e+00
1.4560000000e+01   -3.3615054238e+00
1.4580000000e+01   -3.3396919815e+00
1.4600000000e+01   -3.3358017739e+00
1.4620000000e+01   -3.3494617570e+00
1.4640000000e+01   -3.3817842351e+00
1.4660000000e+01   -3.4357792036e+00
1.4680000000e+01   -3.5176851779e+00
1.4700000000e+01   -3.6407933101e+00
1.4720000000e+01   -3.8391586956e+00
1.4740000000e+01   -4.2561409955e+00
1.4760000000e+01   -4.4450276441e+00
1.4780000000e+01   -3.9012512627e+00
1.4800000000e+01   -3.6779765889e+00
1.4820000000e+01   -3.5441460815e+00
1.4840000000e+01   -3.4561749601e+00
1.4860000000e+01   -3.3981556333e+00
1.4880000000e+01   -3.3628125755e+00
1.4900000000e+01   -3.3466092258e+00
1.4920000000e+01   -3.3480917923e+00
1.4940000000e+01   -3.3673353829e+00
1.4960000000e+01   -3.4059708491e+00
1.4980000000e+01   -3.4678152171e+00
1.5000000000e+01   -3.5607130333e+00
1.5020000000e+01   -3.7020696036e+00
1.5040000000e+01   -3.9413857272e+00
1.5060000000e+01   -4.5856287300e+00
1.5080000000e+01   -4.1983416209e+00
1.5100000000e+01   -3.8242317818e+00
1.5120000000e+01   -3.6378119737e+00
1.5140000000e+01   -3.5211258502e+00
1.5160000000e+01   -3.4437099208e+00
1.5180000000e+01   -3.3933395696e+00
1.5200000000e+01   -3.3642201344e+00
1.5220000000e+01   -3.3535783964e+00
1.5240000000e+01   -3.3604662210e+00
1.5260000000e+01   -3.3854124475e+00
1.5280000000e+01   -3.4306133139e+00
1.5300000000e+01   -3.5008256897e+00
1.5320000000e+01   -3.6058942684e+00
1.5340000000e+01   -3.7688485453e+00
1.5360000000e+01   -4.0646777345e+00
1.5380000000e+01   -5.9353375519e+00
1.5400000000e+01   -4.0545111456e+00
1.5420000000e+01   -3.7657474403e+00
1.5440000000e+01   -3.6060369393e+00
1.5460000000e+01   -3.5032664452e+00
1.5480000000e+01   -3.4349860881e+00
1.5500000000e+01   -3.3915496449e+00
1.5520000000e+01   -3.3682921177e+00
1.5540000000e+01   -3.3630728007e+00
1.5560000000e+01   -3.3754083961e+00
1.5580000000e+01   -3.4062989936e+00
1.5600000000e+01   -3.4585969070e+00
1.5620000000e+01   -3.5382486084e+00
1.5640000000e+01   -3.6578447918e+00
1.5660000000e+01   -3.8490684514e+00
1.5680000000e+01   -4.2381291961e+00
1.5700000000e+01   -4.5517057563e+00
1.5720000000e+01   -3.9484276427e+00
1.5740000000e+01   -3.7156949756e+00
1.5760000000e+01   -3.5777284883e+00
1.5780000000e+01   -3.4872585588e+00
1.5800000000e+01   -3.4274330452e+00
1.5820000000e+01   -3.3906138027e+00
1.5840000000e+01   -3.3730825125e+00
1.5860000000e+01   -3.3732670855e+00
1.5880000000e+01   -3.3911377887e+00
1.5900000000e+01   -3.4281966392e+00
1.5920000000e+01   -3.4880510431e+00
1.5940000000e+01   -3.5781143825e+00
1.5960000000e+01   -3.7146483165e+00
1.5980000000e+01   -3.9425994057e+00
1.6000000000e+01   -4.5086695141e+00
1.6020000000e+01   -4.2744069991e+00
1.6040000000e+01   -3.8697123029e+00
1.6060000000e+01   -3.6752703818e+00
1.6080000000e+01   -3.5546631923e+00
1.6100000000e+01   -3.4747710788e+00
1.6120000000e+01   -3.4225775385e+00
1.6140000000e+01   -3.3919590641e+00
1.6160000000e+01   -3.3799689270e+00
1.6180000000e+01   -3.3855415389e+00
1.6200000000e+01   -3.4090979576e+00
1.6220000000e+01   -3.4526971635e+00
1.6240000000e+01   -3.5208630856e+00
1.6260000000e+01   -3.6229328201e+00
1.6280000000e+01   -3.7804570013e+00
1.6300000000e+01   -4.0611967692e+00
1.6320000000e+01   -5.3324157293e+00
1.6340000000e+01   -4.1104541057e+00
1.6360000000e+01   -3.8056283128e+00
1.6380000000e+01   -3.6403102926e+00
1.6400000000e+01   -3.5344819743e+00
1.6420000000e+01   -3.4641316584e+00
1.6440000000e+01   -3.4190854390e+00
1.6460000000e+01   -3.3944390544e+00
1.6480000000e+01   -3.3879127623e+00
1.6500000000e+01   -3.3989160629e+00
1.6520000000e+01   -3.4283344902e+00
1.6540000000e+01   -3.4788537786e+00
1.6560000000e+01   -3.5561083855e+00
1.6580000000e+01   -3.6719462371e+00
1.6600000000e+01   -3.8556024440e+00
1.6620000000e+01   -4.2171011237e+00
1.6640000000e+01   -4.6913363794e+00
1.6660000000e+01   -3.9984335507e+00
1.6680000000e+01   -3.7540665609e+00
1.6700000000e+01   -3.6112462016e+00
1.6720000000e+01   -3.5179384519e+00
1.6740000000e+01   -3.4561216974e+00
1.6760000000e+01   -3.4177212415e+00
1.6780000000e+01   -3.3988072413e+00
1.6800000000e+01   -3.3976772048e+00
1.6820000000e+01   -3.4141943066e+00
1.6840000000e+01   -3.4497384917e+00
1.6860000000e+01   -3.5077287111e+00
1.6880000000e+01   -3.5952032638e+00
1.6900000000e+01   -3.7274562539e+00
1.6920000000e+01   -3.9457449689e+00
1.6940000000e+01   -4.4564273422e+00
1.6960000000e+01   -4.3506615622e+00
1.6980000000e+01   -3.9129383435e+00
1.7000000000e+01   -3.7105471498e+00
1.7020000000e+01   -3.5861263927e+00
1.7040000000e+01   -3.5038340094e+00
1.7060000000e+01   -3.4498670167e+00
1.7080000000e+01   -3.4177798752e+00
1.7100000000e+01   -3.4044564374e+00
1.7120000000e+01   -3.4087154770e+00
1.7140000000e+01   -3.4308702358e+00
1.7160000000e+01   -3.4728406175e+00
1.7180000000e+01   -3.5389139736e+00
1.7200000000e+01   -3.6379163580e+00
1.7220000000e+01   -3.7899414307e+00
1.7240000000e+01   -4.0560013331e+00
1.7260000000e+01   -4.9886359959e+00
1.7280000000e+01   -4.1700396827e+00
1.7300000000e+01   -3.8459046035e+00
1.7320000000e+01   -3.6742401429e+00
1.7340000000e+01   -3.5650513420e+00
1.7360000000e+01   -3.4924765359e+00
1.7380000000e+01   -3.4457345939e+00
1.7400000000e+01   -3.4196525925e+00
1.7420000000e+01   -3.4117997138e+00
1.7440000000e+01   -3.4214744266e+00
1.7460000000e+01   -3.4494499304e+00
1.7480000000e+01   -3.4982556532e+00
1.7500000000e+01   -3.5732418288e+00
1.7520000000e+01   -3.6855958883e+00
1.7540000000e+01   -3.8624456769e+00
1.7560000000e+01   -4.2010147611e+00
1.7580000000e+01   -4.8628970709e+00
1.7600000000e+01   -4.0474302729e+00
1.7620000000e+01   -3.7908911610e+00
1.7640000000e+01   -3.6431651425e+00
1.7660000000e+01   -3.5470240288e+00
1.7680000000e+01   -3.4832275933e+00
1.7700000000e+01   -3.4432556617e+00
1.7720000000e+01   -3.4229650645e+00
1.7740000000e+01   -3.4205226170e+00
1.7760000000e+01   -3.4356844488e+00
1.7780000000e+01   -3.4697087649e+00
1.7800000000e+01   -3.5258275851e+00
1.7820000000e+01   -3.6107110337e+00
1.7840000000e+01   -3.7387208087e+00
1.7860000000e+01   -3.9476892425e+00
1.7880000000e+01   -4.4117567598e+00
1.7900000000e+01   -4.4354831520e+00
1.7920000000e+01   -3.9566735594e+00
1.7940000000e+01   -3.7453999388e+00
1.7960000000e+01   -3.6168550093e+00
1.7980000000e+01   -3.5320185968e+00
1.8000000000e+01   -3.4762016436e+00
1.8020000000e+01   -3.4426039083e+00
1.8040000000e+01   -3.4279269756e+00
1.8060000000e+01   -3.4308691785e+00
1.8080000000e+01   -3.4516359527e+00
1.8100000000e+01   -3.4920132931e+00
1.8120000000e+01   -3.5560669609e+00
1.8140000000e+01   -3.6521546597e+00
1.8160000000e+01   -3.7990689956e+00
1.8180000000e+01   -4.0521022369e+00
1.8200000000e+01   -4.8189499341e+00
1.8220000000e+01   -4.2306474371e+00
1.8240000000e+01   -3.8851914587e+00
1.8260000000e+01   -3.7069266313e+00
1.8280000000e+01   -3.5943123013e+00
1.8300000000e+01   -3.5194914737e+00
1.8320000000e+01   -3.4710459286e+00
1.8340000000e+01   -3.4435254590e+00
1.8360000000e+01   -3.4343452729e+00
1.8380000000e+01   -3.4426920163e+00
1.8400000000e+01   -3.4692271119e+00
1.8420000000e+01   -3.5163263046e+00
1.8440000000e+01   -3.5890639051e+00
1.8460000000e+01   -3.6979967409e+00
1.8480000000e+01   -3.8682969621e+00
1.8500000000e+01   -4.1861613724e+00
1.8520000000e+01   -5.1192903739e+00
1.8540000000e+01   -4.0975822280e+00
1.8560000000e+01   -3.8273612252e+00
1.8580000000e+01   -3.6743563474e+00
1.8600000000e+01   -3.5752304218e+00
1.8620000000e+01   -3.5093788313e+00
1.8640000000e+01   -3.4677947990e+00
1.8660000000e+01   -3.4461067837e+00
1.8680000000e+01   -3.4423450387e+00
1.8700000000e+01   -3.4561573280e+00
1.8720000000e+01   -3.4886826393e+00
1.8740000000e+01   -3.5429747309e+00
1.8760000000e+01   -3.6253598037e+00
1.8780000000e+01   -3.7493474940e+00
1.8800000000e+01   -3.9497538170e+00
1.8820000000e+01   -4.3757884779e+00
1.8840000000e+01   -4.5285302851e+00
1.8860000000e+01   -4.0000622344e+00
1.8880000000e+01   -3.7793118821e+00
1.8900000000e+01   -3.6464952770e+00
1.8920000000e+01   -3.5590604030e+00
1.8940000000e+01   -3.5013693170e+00
1.8960000000e+01   -3.4662495009e+00
1.8980000000e+01   -3.4502141634e+00
1.9000000000e+01   -3.4518390995e+00
1.9020000000e+01   -3.4712219646e+00
1.9040000000e+01   -3.5100171518e+00
1.9060000000e+01   -3.5720759634e+00
1.9080000000e+01   -3.6653100552e+00
1.9100000000e+01   -3.8073010736e+00
1.9120000000e+01   -4.0482652530e+00
1.9140000000e+01   -4.7059206927e+00
1.9160000000e+01   -4.2944929994e+00
1.9180000000e+01   -3.9243508062e+00
1.9200000000e+01   -3.7389591686e+00
1.9220000000e+01   -3.6227389648e+00
1.9240000000e+01   -3.5455895507e+00
1.9260000000e+01   -3.4953975402e+00
1.9280000000e+01   -3.4664161468e+00
1.9300000000e+01   -3.4558991768e+00
1.9320000000e+01   -3.4629190379e+00
1.9340000000e+01   -3.4880263036e+00
1.9360000000e+01   -3.5334482631e+00
1.9380000000e+01   -3.6039980941e+00
1.9400000000e+01   -3.7096474280e+00
1.9420000000e+01   -3.8738043236e+00
1.9440000000e+01   -4.1733771200e+00
1.9460000000e+01   -5.6792590258e+00
1.9480000000e+01   -4.1484558853e+00
1.9500000000e+01   -3.8631981601e+00
1.9520000000e+01   -3.7046473215e+00
1.9540000000e+01   -3.6024438123e+00
1.9560000000e+01   -3.5344960095e+00
1.9580000000e+01   -3.4912797011e+00
1.9600000000e+01   -3.4681846383e+00
1.9620000000e+01   -3.4631007172e+00
1.9640000000e+01   -3.4755664963e+00
1.9660000000e+01   -3.5066032839e+00
1.9680000000e+01   -3.5590920406e+00
1.9700000000e+01   -3.6390310086e+00
1.9720000000e+01   -3.7591332199e+00
1.9740000000e+01   -3.9514898803e+00
1.9760000000e+01   -4.3451519245e+00
1.9780000000e+01   -4.6354930759e+00
1.9800000000e+01   -4.0438077603e+00
1.9820000000e+01   -3.8127046797e+00
1.9840000000e+01   -3.6753765972e+00
1.9860000000e+01   -3.5852443819e+00
1.9880000000e+01   -3.5256303558e+00
1.9900000000e+01   -3.4889629440e+00
1.9920000000e+01   -3.4715571404e+00
1.9940000000e+01   -3.4718625919e+00
1.9960000000e+01   -3.4898689309e+00
1.9980000000e+01   -3.5271020740e+00
2.0000000000e+01   -3.5872083357e+00
2.0020000000e+01   -3.6776808525e+00
2.0040000000e+01   -3.8149911382e+00
2.0060000000e+01   -4.0449066323e+00
2.0080000000e+01   -4.6240500706e+00
2.0100000000e+01   -4.3618761978e+00
2.0120000000e+01   -3.9632671010e+00
2.0140000000e+01   -3.7702737163e+00
2.0160000000e+01   -3.6503030263e+00
2.0180000000e+01   -3.5707641997e+00
2.0200000000e+01   -3.5187960983e+00
2.0220000000e+01   -3.4883389886e+00
2.0240000000e+01   -3.4764792567e+00
2.0260000000e+01   -3.4821731420e+00
2.0280000000e+01   -3.5058610109e+00
2.0300000000e+01   -3.5496255950e+00
2.0320000000e+01   -3.6180302050e+00
2.0340000000e+01   -3.7204965361e+00
2.0360000000e+01   -3.8788185702e+00
2.0380000000e+01   -4.1619189512e+00
2.0400000000e+01   -5.5309433952e+00
2.0420000000e+01   -4.2008069522e+00
2.0440000000e+01   -3.8987301288e+00
2.0460000000e+01   -3.7342804428e+00
2.0480000000e+01   -3.6288717117e+00
2.0500000000e+01   -3.5587686154e+00
2.0520000000e+01   -3.5138897267e+00
2.0540000000e+01   -3.4893724820e+00
2.0560000000e+01   -3.4829612772e+00
2.0580000000e+01   -3.4940841667e+00
2.0600000000e+01   -3.5236464510e+00
2.0620000000e+01   -3.5743625055e+00
2.0640000000e+01   -3.6519201815e+00
2.0660000000e+01   -3.7682936109e+00
2.0680000000e+01   -3.9531284363e+00
2.0700000000e+01   -4.3190618949e+00
2.0720000000e+01   -4.7630272149e+00
2.0740000000e+01   -4.0879459438e+00
2.0760000000e+01   -3.8455830818e+00
2.0780000000e+01   -3.7035194068e+00
2.0800000000e+01   -3.6106032327e+00
2.0820000000e+01   -3.5490254582e+00
2.0840000000e+01   -3.5107898267e+00
2.0860000000e+01   -3.4920040391e+00
2.0880000000e+01   -3.4909883110e+00
2.0900000000e+01   -3.5076239466e+00
2.0920000000e+01   -3.5433109403e+00
2.0940000000e+01   -3.6014985062e+00
2.0960000000e+01   -3.6892843243e+00
2.0980000000e+01   -3.8221139208e+00
2.1000000000e+01   -4.0418121292e+00
2.1020000000e+01   -4.5605300020e+00
2.1040000000e+01   -4.4343495164e+00
2.1060000000e+01   -4.0022344276e+00
2.1080000000e+01   -3.8010616648e+00
2.1100000000e+01   -3.6771646303e+00
2.1120000000e+01   -3.5951613271e+00
2.1140000000e+01   -3.5413798930e+00
2.1160000000e+01   -3.5094280598e+00
2.1180000000e+01   -3.4962175229e+00
2.1200000000e+01   -3.5005859211e+00
2.1220000000e+01   -3.5228639372e+00
2.1240000000e+01   -3.5649937922e+00
2.1260000000e+01   -3.6313005384e+00
2.1280000000e+01   -3.7306910853e+00
2.1300000000e+01   -3.8834872046e+00
2.1320000000e+01   -4.1517336382e+00
2.1340000000e+01   -5.1220244053e+00
2.1360000000e+01   -4.2549499146e+00
2.1380000000e+01   -3.9340140777e+00
2.1400000000e+01   -3.7633048436e+00
2.1420000000e+01   -3.6545674820e+00
2.1440000000e+01   -3.5822540186e+00
2.1460000000e+01   -3.5356850033e+00
2.1480000000e+01   -3.5097320309e+00
2.1500000000e+01   -3.5019889635e+00
2.1520000000e+01   -3.5117720192e+00
2.1540000000e+01   -3.5398718899e+00
2.1560000000e+01   -3.5888418120e+00
2.1580000000e+01   -3.6640746827e+00
2.1600000000e+01   -3.7768559982e+00
2.1620000000e+01   -3.9546222635e+00
2.1640000000e+01   -4.2964100553e+00
2.1660000000e+01   -4.9262224887e+00
2.1680000000e+01   -4.1328176986e+00
2.1700000000e+01   -3.8781126717e+00
2.1720000000e+01   -3.7310549512e+00
2.1740000000e+01   -3.6352553998e+00
2.1760000000e+01   -3.5716668507e+00
2.1780000000e+01   -3.5318390182e+00
2.1800000000e+01   -3.5116619429e+00
2.1820000000e+01   -3.5093226056e+00
2.1840000000e+01   -3.5245934654e+00
2.1860000000e+01   -3.5587510803e+00
2.1880000000e+01   -3.6150553796e+00
2.1900000000e+01   -3.7002310179e+00
2.1920000000e+01   -3.8287765266e+00
2.1940000000e+01   -4.0390187542e+00
2.1960000000e+01   -4.5094769110e+00
2.1980000000e+01   -4.5135172651e+00
2.2000000000e+01   -4.0413696544e+00
2.2020000000e+01   -3.8313913581e+00
2.2040000000e+01   -3.7033878419e+00
2.2060000000e+01   -3.6188456056e+00
2.2080000000e+01   -3.5632146522e+00
2.2100000000e+01   -3.5297498412e+00
2.2120000000e+01   -3.5151807517e+00
2.2140000000e+01   -3.5182239062e+00
2.2160000000e+01   -3.5391006590e+00
2.2180000000e+01   -3.5796163558e+00
2.2200000000e+01   -3.6438682887e+00
2.2220000000e+01   -3.7402800821e+00
2.2240000000e+01   -3.8878253792e+00
2.2260000000e+01   -4.1425753077e+00
2.2280000000e+01   -4.9286359055e+00
2.2300000000e+01   -4.3115124900e+00
2.2320000000e+01   -3.9692131477e+00
2.2340000000e+01   -3.7918351269e+00
2.2360000000e+01   -3.6796319643e+00
2.2380000000e+01   -3.6050472890e+00
2.2400000000e+01   -3.5567576895e+00
2.2420000000e+01   -3.5293538719e+00
2.2440000000e+01   -3.5202735561e+00
2.2460000000e+01   -3.5287195389e+00
2.2480000000e+01   -3.5553691584e+00
2.2500000000e+01   -3.6026197707e+00
2.2520000000e+01   -3.6755841225e+00
2.2540000000e+01   -3.7849061154e+00
2.2560000000e+01   -3.9560245494e+00
2.2580000000e+01   -4.2765934179e+00
2.2600000000e+01   -5.1624832225e+00
2.2620000000e+01   -4.1786613432e+00
2.2640000000e+01   -3.9103797646e+00
2.2660000000e+01   -3.7580532470e+00
2.2680000000e+01   -3.6592680218e+00
2.2700000000e+01   -3.5936212251e+00
2.2720000000e+01   -3.5521772323e+00
2.2740000000e+01   -3.5305975647e+00
2.2760000000e+01   -3.5269319825e+00
2.2780000000e+01   -3.5408434362e+00
2.2800000000e+01   -3.5734872755e+00
2.2820000000e+01   -3.6279413262e+00
2.2840000000e+01   -3.7105776961e+00
2.2860000000e+01   -3.8350185845e+00
2.2880000000e+01   -4.0364722163e+00
2.2900000000e+01   -4.4672262414e+00
2.2920000000e+01   -4.6019924905e+00
2.2940000000e+01   -4.0808694985e+00
2.2960000000e+01   -3.8613704775e+00
2.2980000000e+01   -3.7290623336e+00
2.3000000000e+01   -3.6419004332e+00
2.3020000000e+01   -3.5843809245e+00
2.3040000000e+01   -3.5493833959e+00
2.3060000000e+01   -3.5334471865e+00
2.3080000000e+01   -3.5351648901e+00
2.3100000000e+01   -3.5546487154e+00
2.3120000000e+01   -3.5935705644e+00
2.3140000000e+01   -3.6558099512e+00
2.3160000000e+01   -3.7493366801e+00
2.3180000000e+01   -3.8918885907e+00
2.3200000000e+01   -4.1343233717e+00
2.3220000000e+01   -4.8043603353e+00
2.3240000000e+01   -4.3711586836e+00
2.3260000000e+01   -4.0044407537e+00
2.3280000000e+01   -3.8199460659e+00
2.3300000000e+01   -3.7041325708e+00
2.3320000000e+01   -3.6272138400e+00
2.3340000000e+01   -3.5771725314e+00
2.3360000000e+01   -3.5483024396e+00
2.3380000000e+01   -3.5378792102e+00
2.3400000000e+01   -3.5449904623e+00
2.3420000000e+01   -3.5702012418e+00
2.3440000000e+01   -3.6157578851e+00
2.3460000000e+01   -3.6865066624e+00
2.3480000000e+01   -3.7924926311e+00
2.3500000000e+01   -3.9573424151e+00
2.3520000000e+01   -4.2590825397e+00
2.3540000000e+01   -5.6408686677e+00
2.3560000000e+01   -4.2258038852e+00
2.3580000000e+01   -3.9424959014e+00
2.3600000000e+01   -3.7845975851e+00
2.3620000000e+01   -3.6827164189e+00
2.3640000000e+01   -3.6149607166e+00
2.3660000000e+01   -3.5718750558e+00
2.3680000000e+01   -3.5488806390e+00
2.3700000000e+01   -3.5438856560e+00
2.3720000000e+01   -3.5564426902e+00
2.3740000000e+01   -3.5875879187e+00
2.3760000000e+01   -3.6402238469e+00
2.3780000000e+01   -3.7203892044e+00
2.3800000000e+01   -3.8408944214e+00
2.3820000000e+01   -4.0341588595e+00
2.3840000000e+01   -4.4315523116e+00
2.3860000000e+01   -4.7037583567e+00
2.3880000000e+01   -4.1209071799e+00
2.3900000000e+01   -3.8910806699e+00
2.3920000000e+01   -3.7542552810e+00
2.3940000000e+01   -3.6643890631e+00
2.3960000000e+01   -3.6049405573e+00
2.3980000000e+01   -3.5683899331e+00
2.4000000000e+01   -3.5510776331e+00
2.4020000000e+01   -3.5514692833e+00
2.4040000000e+01   -3.5695679546e+00
2.4060000000e+01   -3.6069152592e+00
2.4080000000e+01   -3.6671822149e+00
2.4100000000e+01   -3.7579118845e+00
2.4120000000e+01   -3.8957067864e+00
2.4140000000e+01   -4.1268492449e+00
2.4160000000e+01   -4.7143770097e+00
2.4180000000e+01   -4.4347938384e+00
2.4200000000e+01   -4.0398305765e+00
2.4220000000e+01   -3.8477190737e+00
2.4240000000e+01   -3.7281391689e+00
2.4260000000e+01   -3.6488195311e+00
2.4280000000e+01   -3.5969936050e+00
2.4300000000e+01   -3.5666408715e+00
2.4320000000e+01   -3.5548684885e+00
2.4340000000e+01   -3.5606469139e+00
2.4360000000e+01   -3.5844297799e+00
2.4380000000e+01   -3.6283169561e+00
2.4400000000e+01   -3.6969010466e+00
2.4420000000e+01   -3.7996676150e+00
2.4440000000e+01   -3.9585958369e+00
2.4460000000e+01   -4.2435004714e+00
2.4480000000e+01   -5.7061153371e+00
2.4500000000e+01   -4.2745973852e+00
2.4520000000e+01   -3.9745567004e+00
2.4540000000e+01   -3.8107557237e+00
2.4560000000e+01   -3.7056616258e+00
2.4580000000e+01   -3.6357440434e+00
2.4600000000e+01   -3.5909901965e+00
2.4620000000e+01   -3.5665683138e+00
2.4640000000e+01   -3.5602403448e+00
2.4660000000e+01   -3.5714474628e+00
2.4680000000e+01   -3.6011084915e+00
2.4700000000e+01   -3.6519569343e+00
2.4720000000e+01   -3.7297158963e+00
2.4740000000e+01   -3.8464426039e+00
2.4760000000e+01   -4.0320537231e+00
2.4780000000e+01   -4.4009326297e+00
2.4800000000e+01   -4.8257576181e+00
2.4820000000e+01   -4.1616838171e+00
2.4840000000e+01   -3.9206073033e+00
2.4860000000e+01   -3.7790333828e+00
2.4880000000e+01   -3.6863726524e+00
2.4900000000e+01   -3.6249524730e+00
2.4920000000e+01   -3.5868272743e+00
2.4940000000e+01   -3.5681292670e+00
2.4960000000e+01   -3.5671937867e+00
2.4980000000e+01   -3.5839145898e+00
2.5000000000e+01   -3.6197059082e+00
2.5020000000e+01   -3.6780389572e+00
2.5040000000e+01   -3.7660551305e+00
2.5060000000e+01   -3.8993121827e+00
2.5080000000e+01   -4.1200583370e+00
2.5100000000e+01   -4.6448596587e+00
2.5120000000e+01   -4.5036042028e+00
2.5140000000e+01   -4.0755107695e+00
2.5160000000e+01   -3.8752248552e+00
2.5180000000e+01   -3.7517111053e+00
2.5200000000e+01   -3.6699201248e+00
2.5220000000e+01   -3.6162751974e+00
2.5240000000e+01   -3.5844227005e+00
2.5260000000e+01   -3.5712944259e+00
2.5280000000e+01   -3.5757414664e+00
2.5300000000e+01   -3.5981067296e+00
2.5320000000e+01   -3.6403478421e+00
2.5340000000e+01   -3.7068156654e+00
2.5360000000e+01   -3.8064723325e+00
2.5380000000e+01   -3.9597956735e+00
2.5400000000e+01   -4.2295416102e+00
2.5420000000e+01   -5.2277682891e+00
2.5440000000e+01   -4.3254722323e+00
2.5460000000e+01   -4.0066618007e+00
2.5480000000e+01   -3.8365937132e+00
2.5500000000e+01   -3.7281614255e+00
2.5520000000e+01   -3.6560259982e+00
2.5540000000e+01   -3.6095760817e+00
2.5560000000e+01   -3.5837132630e+00
2.5580000000e+01   -3.5760482058e+00
2.5600000000e+01   -3.5859094273e+00
2.5620000000e+01   -3.6141000097e+00
2.5640000000e+01   -3.6631903592e+00
2.5660000000e+01   -3.7386044676e+00
2.5680000000e+01   -3.8516997265e+00
2.5700000000e+01   -4.0301400586e+00
2.5720000000e+01   -4.3743114895e+00
2.5740000000e+01   -4.9816880551e+00
2.5760000000e+01   -4.2034149082e+00
2.5780000000e+01   -3.9500290631e+00
2.5800000000e+01   -3.8034554105e+00
2.5820000000e+01   -3.7079044510e+00
2.5840000000e+01   -3.6444678135e+00
2.5860000000e+01   -3.6047455563e+00
2.5880000000e+01   -3.5846516265e+00
2.5900000000e+01   -3.5823874622e+00
2.5920000000e+01   -3.5977371413e+00
2.5940000000e+01   -3.6319901730e+00
2.5960000000e+01   -3.6884260793e+00
2.5980000000e+01   -3.7738077377e+00
2.6000000000e+01   -3.9027297081e+00
2.6020000000e+01   -4.1138673766e+00
2.6040000000e+01   -4.5888784798e+00
2.6060000000e+01   -4.5792577381e+00
2.6080000000e+01   -4.1116189128e+00
2.6100000000e+01   -3.9025323876e+00
2.6120000000e+01   -3.7749041242e+00
2.6140000000e+01   -3.6905671449e+00
2.6160000000e+01   -3.6350670587e+00
2.6180000000e+01   -3.6016967639e+00
2.6200000000e+01   -3.5872052798e+00
2.6220000000e+01   -3.5903218886e+00
2.6240000000e+01   -3.6112792710e+00
2.6260000000e+01   -3.6518967282e+00
2.6280000000e+01   -3.7162944985e+00
2.6300000000e+01   -3.8129444283e+00
2.6320000000e+01   -3.9609531267e+00
2.6340000000e+01   -4.2169673771e+00
2.6360000000e+01   -5.0177769278e+00
2.6380000000e+01   -4.3789498619e+00
2.6400000000e+01   -4.0389089734e+00
2.6420000000e+01   -3.8621716990e+00
2.6440000000e+01   -3.7502672363e+00
2.6460000000e+01   -3.6758549713e+00
2.6480000000e+01   -3.6276797578e+00
2.6500000000e+01   -3.6003617971e+00
2.6520000000e+01   -3.5913550308e+00
2.6540000000e+01   -3.5998738675e+00
2.6560000000e+01   -3.6266070502e+00
2.6580000000e+01   -3.6739673848e+00
2.6600000000e+01   -3.7470950797e+00
2.6620000000e+01   -3.8566963171e+00
2.6640000000e+01   -4.0284011991e+00
2.6660000000e+01   -4.3509178485e+00
2.6680000000e+01   -5.2055787142e+00
2.6700000000e+01   -4.2463465254e+00
2.6720000000e+01   -3.9794241576e+00
2.6740000000e+01   -3.8275766977e+00
2.6760000000e+01   -3.7290335347e+00
2.6780000000e+01   -3.6635332593e+00
2.6800000000e+01   -3.6221903141e+00
2.6820000000e+01   -3.6006895742e+00
2.6840000000e+01   -3.5970946617e+00
2.6860000000e+01   -3.6110794177e+00
2.6880000000e+01   -3.6438110448e+00
2.6900000000e+01   -3.6983849375e+00
2.6920000000e+01   -3.7812068730e+00
2.6940000000e+01   -3.9059818906e+00
2.6960000000e+01   -4.1082081335e+00
2.6980000000e+01   -4.5424788093e+00
2.7000000000e+01   -4.6642043705e+00
2.7020000000e+01   -4.1483000923e+00
2.7040000000e+01   -3.9297066983e+00
2.7060000000e+01   -3.7977687996e+00
2.7080000000e+01   -3.7108067216e+00
2.7100000000e+01   -3.6534134979e+00
2.7120000000e+01   -3.6185064460e+00
2.7140000000e+01   -3.6026438461e+00
2.7160000000e+01   -3.6044304723e+00
2.7180000000e+01   -3.6239890834e+00
2.7200000000e+01   -3.6630042718e+00
2.7220000000e+01   -3.7253760086e+00
2.7240000000e+01   -3.8191163133e+00
2.7260000000e+01   -3.9620766854e+00
2.7280000000e+01   -4.2055839827e+00
2.7300000000e+01   -4.8848932143e+00
2.7320000000e+01   -4.4356894567e+00
2.7340000000e+01   -4.0713990929e+00
2.7360000000e+01   -3.8875469846e+00
2.7380000000e+01   -3.7720265898e+00
2.7400000000e+01   -3.6952751387e+00
2.7420000000e+01   -3.6453439164e+00
2.7440000000e+01   -3.6165558008e+00
2.7460000000e+01   -3.6062021499e+00
2.7480000000e+01   -3.6133815924e+00
2.7500000000e+01   -3.6386697277e+00
2.7520000000e+01   -3.6843268740e+00
2.7540000000e+01   -3.7552236992e+00
2.7560000000e+01   -3.8614595599e+00
2.7580000000e+01   -4.0268232539e+00
2.7600000000e+01   -4.3301769076e+00
2.7620000000e+01   -5.6380035477e+00
2.7640000000e+01   -4.2907617026e+00
2.7660000000e+01   -4.0088694474e+00
2.7680000000e+01   -3.8514484687e+00
2.7700000000e+01   -3.7498043841e+00
2.7720000000e+01   -3.6821907696e+00
2.7740000000e+01   -3.6392023195e+00
2.7760000000e+01   -3.6162831898e+00
2.7780000000e+01   -3.6113549395e+00
2.7800000000e+01   -3.6239804157e+00
2.7820000000e+01   -3.6552066923e+00
2.7840000000e+01   -3.7079520848e+00
2.7860000000e+01   -3.7882850783e+00
2.7880000000e+01   -3.9090878251e+00
2.7900000000e+01   -4.1030221914e+00
2.7920000000e+01   -4.5031900639e+00
2.7940000000e+01   -4.7622993367e+00
2.7960000000e+01   -4.1857127853e+00
2.7980000000e+01   -3.9568111454e+00
2.8000000000e+01   -3.8203522663e+00
2.8020000000e+01   -3.7306811066e+00
2.8040000000e+01   -3.6713547840e+00
2.8060000000e+01   -3.6348910171e+00
2.8080000000e+01   -3.6176487682e+00
2.8100000000e+01   -3.6181053393e+00
2.8120000000e+01   -3.6362736762e+00
2.8140000000e+01   -3.6737069906e+00
2.8160000000e+01   -3.7340946318e+00
2.8180000000e+01   -3.8250168177e+00
2.8200000000e+01   -3.9631738264e+00
2.8220000000e+01   -4.1952339738e+00
2.8240000000e+01   -4.7891469433e+00
2.8260000000e+01   -4.4965467737e+00
2.8280000000e+01   -4.1042366446e+00
2.8300000000e+01   -3.9127739100e+00
2.8320000000e+01   -3.7934831136e+00
2.8340000000e+01   -3.7143265411e+00
2.8360000000e+01   -3.6626070369e+00
2.8380000000e+01   -3.6323329142e+00
2.8400000000e+01   -3.6206266301e+00
2.8420000000e+01   -3.6264691361e+00
2.8440000000e+01   -3.6503238768e+00
2.8460000000e+01   -3.6943034267e+00
2.8480000000e+01   -3.7630221446e+00
2.8500000000e+01   -3.8660131139e+00
2.8520000000e+01   -4.0253936676e+00
2.8540000000e+01   -4.3116480934e+00
2.8560000000e+01   -5.8606387080e+00
2.8580000000e+01   -4.3369953980e+00
2.8600000000e+01   -4.0384424739e+00
2.8620000000e+01   -3.8751191320e+00
2.8640000000e+01   -3.7702579902e+00
2.8660000000e+01   -3.7004786049e+00
2.8680000000e+01   -3.6558185592e+00
2.8700000000e+01   -3.6314687260e+00
2.8720000000e+01   -3.6252040020e+00
2.8740000000e+01   -3.6364752782e+00
2.8760000000e+01   -3.6662114445e+00
2.8780000000e+01   -3.7171602994e+00
2.8800000000e+01   -3.7950713686e+00
2.8820000000e+01   -3.9120642991e+00
2.8840000000e+01   -4.0982600246e+00
2.8860000000e+01   -4.4693696516e+00
2.8880000000e+01   -4.8801689988e+00
2.8900000000e+01   -4.2240324258e+00
2.8920000000e+01   -3.9839077114e+00
2.8940000000e+01   -3.8426984285e+00
2.8960000000e+01   -3.7502289242e+00
2.8980000000e+01   -3.6889274352e+00
2.9000000000e+01   -3.6508859472e+00
2.9020000000e+01   -3.6322548659e+00
2.9040000000e+01   -3.6313807744e+00
2.9060000000e+01   -3.6481667171e+00
2.9080000000e+01   -3.6840375736e+00
2.9100000000e+01   -3.7424810506e+00
2.9120000000e+01   -3.8306713676e+00
2.9140000000e+01   -3.9642507409e+00
2.9160000000e+01   -4.1857872854e+00
2.9180000000e+01   -4.7152364711e+00
2.9200000000e+01   -4.5626741577e+00
2.9220000000e+01   -4.1375323363e+00
2.9240000000e+01   -3.9379049218e+00
2.9260000000e+01   -3.8146773872e+00
2.9280000000e+01   -3.7330458697e+00
2.9300000000e+01   -3.6795041394e+00
2.9320000000e+01   -3.6477272684e+00
2.9340000000e+01   -3.6346620054e+00
2.9360000000e+01   -3.6391694893e+00
2.9380000000e+01   -3.6616017942e+00
2.9400000000e+01   -3.7039281433e+00
2.9420000000e+01   -3.7705188807e+00
2.9440000000e+01   -3.8703779171e+00
2.9460000000e+01   -4.0241014473e+00
2.9480000000e+01   -4.2949876002e+00
2.9500000000e+01   -5.3157703463e+00
2.9520000000e+01   -4.3854523631e+00
2.9540000000e+01   -4.0682222809e+00
2.9560000000e+01   -3.8986346317e+00
2.9580000000e+01   -3.7904321893e+00
2.9600000000e+01   -3.7184316776e+00
2.9620000000e+01   -3.6720726005e+00
2.9640000000e+01   -3.6462789844e+00
2.9660000000e+01   -3.6386740884e+00
2.9680000000e+01   -3.6485956743e+00
2.9700000000e+01   -3.6768561649e+00
2.9720000000e+01   -3.7260389434e+00
2.9740000000e+01   -3.8015915506e+00
2.9760000000e+01   -3.9149259306e+00
2.9780000000e+01   -4.0938790603e+00
2.9800000000e+01   -4.4398714289e+00
2.9820000000e+01   -5.0307933996e+00
2.9840000000e+01   -4.2634573989e+00
2.9860000000e+01   -4.0110580543e+00
2.9880000000e+01   -3.8648486680e+00
2.9900000000e+01   -3.7694858053e+00
2.9920000000e+01   -3.7061648249e+00
2.9940000000e+01   -3.6665234995e+00
2.9960000000e+01   -3.6464937225e+00
2.9980000000e+01   -3.6442878128e+00
3.0000000000e+01   -3.6596986239e+00
3.0020000000e+01   -3.6940254832e+00
3.0040000000e+01   -3.7505628096e+00
3.0060000000e+01   -3.8361026038e+00
3.0080000000e+01   -3.9653127509e+00
3.0100000000e+01   -4.1771357066e+00
3.0120000000e+01   -4.6556642496e+00
3.0140000000e+01   -4.6356870063e+00
3.0160000000e+01   -4.1714051910e+00
3.0180000000e+01   -3.9629910553e+00
3.0200000000e+01   -3.8356473164e+00
3.0220000000e+01   -3.7514668358e+00
3.0240000000e+01   -3.6960671601e+00
3.0260000000e+01   -3.6627698675e+00
3.0280000000e+01   -3.6483386619e+00
3.0300000000e+01   -3.6515124867e+00
3.0320000000e+01   -3.6725326243e+00
3.0340000000e+01   -3.7132290048e+00
3.0360000000e+01   -3.7777393804e+00
3.0380000000e+01   -3.8745724719e+00
3.0400000000e+01   -4.0229367927e+00
3.0420000000e+01   -4.2799222845e+00
3.0440000000e+01   -5.0924266798e+00
3.0460000000e+01   -4.4366339145e+00
3.0480000000e+01   -4.0982908095e+00
3.0500000000e+01   -3.9220390857e+00
3.0520000000e+01   -3.8103621983e+00
3.0540000000e+01   -3.7360820592e+00
3.0560000000e+01   -3.6879950869e+00
3.0580000000e+01   -3.6607438054e+00
3.0600000000e+01   -3.6517944597e+00
3.0620000000e+01   -3.6603702911e+00
3.0640000000e+01   -3.6871687485e+00
3.0660000000e+01   -3.7346144665e+00
3.0680000000e+01   -3.8078687255e+00
3.0700000000e+01   -3.9176855891e+00
3.0720000000e+01   -4.0898426150e+00
3.0740000000e+01   -4.4138655324e+00
3.0760000000e+01   -5.2457617238e+00
3.0780000000e+01   -4.3042160823e+00
3.0800000000e+01   -4.0383242146e+00
3.0820000000e+01   -3.8868422450e+00
3.0840000000e+01   -3.7884847547e+00
3.0860000000e+01   -3.7230975470e+00
3.0880000000e+01   -3.6818330980e+00
3.0900000000e+01   -3.6603940552e+00
3.0920000000e+01   -3.6568546118e+00
3.0940000000e+01   -3.6708969370e+00
3.0960000000e+01   -3.7036973249e+00
3.0980000000e+01   -3.7583646780e+00
3.1000000000e+01   -3.8413307095e+00
3.1020000000e+01   -3.9663643913e+00
3.1040000000e+01   -4.1691883095e+00
3.1060000000e+01   -4.6061984330e+00
3.1080000000e+01   -4.7179656599e+00
3.1100000000e+01   -4.2059854002e+00
3.1120000000e+01   -3.9880825953e+00
3.1140000000e+01   -3.8564286078e+00
3.1160000000e+01   -3.7696206077e+00
3.1180000000e+01   -3.7123253769e+00
3.1200000000e+01   -3.6774890089e+00
3.1220000000e+01   -3.6616842573e+00
3.1240000000e+01   -3.6635252265e+00
3.1260000000e+01   -3.6831427821e+00
3.1280000000e+01   -3.7222312980e+00
3.1300000000e+01   -3.7847065502e+00
3.1320000000e+01   -3.8786132327e+00
3.1340000000e+01   -4.0218910015e+00
3.1360000000e+01   -4.2662320376e+00
3.1380000000e+01   -4.9528940400e+00
3.1400000000e+01   -4.4911769423e+00
3.1420000000e+01   -4.1287341902e+00
3.1440000000e+01   -3.9453752293e+00
3.1460000000e+01   -3.8300809733e+00
3.1480000000e+01   -3.7534593261e+00
3.1500000000e+01   -3.7036140830e+00
3.1520000000e+01   -3.6748904151e+00
3.1540000000e+01   -3.6645917467e+00
3.1560000000e+01   -3.6718251819e+00
3.1580000000e+01   -3.6971744689e+00
3.1600000000e+01   -3.7429107497e+00
3.1620000000e+01   -3.8139236172e+00
3.1640000000e+01   -3.9203546197e+00
3.1660000000e+01   -4.0861188619e+00
3.1680000000e+01   -4.3907327396e+00
3.1700000000e+01   -5.6483459874e+00
3.1720000000e+01   -4.3465764481e+00
3.1740000000e+01   -4.0657694729e+00
3.1760000000e+01   -3.9087167465e+00
3.1780000000e+01   -3.8072565393e+00
3.1800000000e+01   -3.7397537887e+00
3.1820000000e+01   -3.6968416953e+00
3.1840000000e+01   -3.6739820813e+00
3.1860000000e+01   -3.6691068168e+00
3.1880000000e+01   -3.6817866864e+00
3.1900000000e+01   -3.7130772167e+00
3.1920000000e+01   -3.7659090187e+00
3.1940000000e+01   -3.8463737601e+00
3.1960000000e+01   -3.9674095733e+00
3.1980000000e+01   -4.1618681254e+00
3.2000000000e+01   -4.5642180787e+00
3.2020000000e+01   -4.8132479490e+00
3.2040000000e+01   -4.2414176248e+00
3.2060000000e+01   -4.0132296250e+00
3.2080000000e+01   -3.8770551233e+00
3.2100000000e+01   -3.7875361365e+00
3.2120000000e+01   -3.7283057289e+00
3.2140000000e+01   -3.6919106031e+00
3.2160000000e+01   -3.6747240409e+00
3.2180000000e+01   -3.6752323914e+00
3.2200000000e+01   -3.6934562733e+00
3.2220000000e+01   -3.7309579356e+00
3.2240000000e+01   -3.7914410416e+00
3.2260000000e+01   -3.8825148693e+00
3.2280000000e+01   -4.0209563026e+00
3.2300000000e+01   -4.2537371689e+00
3.2320000000e+01   -4.8527331365e+00
3.2340000000e+01   -4.5499140167e+00
3.2360000000e+01   -4.1596442950e+00
3.2380000000e+01   -3.9686848829e+00
3.2400000000e+01   -3.8496195657e+00
3.2420000000e+01   -3.7705908924e+00
3.2440000000e+01   -3.7189554006e+00
3.2460000000e+01   -3.6887437489e+00
3.2480000000e+01   -3.6770902728e+00
3.2500000000e+01   -3.6829840900e+00
3.2520000000e+01   -3.7068963039e+00
3.2540000000e+01   -3.7509494308e+00
3.2560000000e+01   -3.8197748871e+00
3.2580000000e+01   -3.9229430773e+00
3.2600000000e+01   -4.0826800703e+00
3.2620000000e+01   -4.3699995284e+00
3.2640000000e+01   -6.0019556215e+00
3.2660000000e+01   -4.3908589703e+00
3.2680000000e+01   -4.0934591913e+00
3.2700000000e+01   -3.9305084523e+00
3.2720000000e+01   -3.8258299950e+00
3.2740000000e+01   -3.7561596259e+00
3.2760000000e+01   -3.7115740649e+00
3.2780000000e+01   -3.6872818101e+00
3.2800000000e+01   -3.6810678542e+00
3.2820000000e+01   -3.6923906846e+00
3.2840000000e+01   -3.7221870818e+00
3.2860000000e+01   -3.7732160764e+00
3.2880000000e+01   -3.8512479892e+00
3.2900000000e+01   -3.9684516783e+00
3.2920000000e+01   -4.1551095169e+00
3.2940000000e+01   -4.5279891166e+00
3.2960000000e+01   -4.9279331348e+00
3.2980000000e+01   -4.2778651814e+00
3.3000000000e+01   -4.0384826059e+00
3.3020000000e+01   -3.8975592209e+00
3.3040000000e+01   -3.8052404575e+00
3.3060000000e+01   -3.7440331091e+00
3.3080000000e+01   -3.7060584626e+00
3.3100000000e+01   -3.6874811419e+00
3.3120000000e+01   -3.6866565370e+00
3.3140000000e+01   -3.7034949839e+00
3.3160000000e+01   -3.7394297447e+00
3.3180000000e+01   -3.7979615351e+00
3.3200000000e+01   -3.8862905128e+00
3.3220000000e+01   -4.0201257484e+00
3.3240000000e+01   -4.2422893383e+00
3.3260000000e+01   -4.7754613856e+00
3.3280000000e+01   -4.6139696210e+00
3.3300000000e+01   -4.1911204939e+00
3.3320000000e+01   -3.9920093719e+00
3.3340000000e+01   -3.8690074171e+00
3.3360000000e+01   -3.7875022832e+00
3.3380000000e+01   -3.7340428666e+00
3.3400000000e+01   -3.7023267177e+00
3.3420000000e+01   -3.6893123212e+00
3.3440000000e+01   -3.6938687155e+00
3.3460000000e+01   -3.7163552016e+00
3.3480000000e+01   -3.7587501686e+00
3.3500000000e+01   -3.8254393875e+00
3.3520000000e+01   -3.9254599019e+00
3.3540000000e+01   -4.0795019593e+00
3.3560000000e+01   -4.3512962510e+00
3.3580000000e+01   -5.3909417812e+00
3.3600000000e+01   -4.4374546787e+00
3.3620000000e+01   -4.1214617488e+00
3.3640000000e+01   -3.9522526888e+00
3.3660000000e+01   -3.8442323072e+00
3.3680000000e+01   -3.7723392877e+00
3.3700000000e+01   -3.7260530622e+00
3.3720000000e+01   -3.7003153028e+00
3.3740000000e+01   -3.6927591907e+00
3.3760000000e+01   -3.7027297864e+00
3.3780000000e+01   -3.7310469076e+00
3.3800000000e+01   -3.7803042344e+00
3.3820000000e+01   -3.8559680245e+00
3.3840000000e+01   -3.9694936481e+00
3.3860000000e+01   -4.1488561496e+00
3.3880000000e+01   -4.4963060849e+00
3.3900000000e+01   -5.0744564783e+00
3.3920000000e+01   -4.3155153566e+00
3.3940000000e+01   -4.0638929537e+00
3.3960000000e+01   -3.9179720521e+00
3.3980000000e+01   -3.8227589459e+00
3.4000000000e+01   -3.7595306099e+00
3.4020000000e+01   -3.7199545451e+00
3.4040000000e+01   -3.6999768117e+00
3.4060000000e+01   -3.6978183341e+00
3.4080000000e+01   -3.7132789227e+00
3.4100000000e+01   -3.7476657086e+00
3.4120000000e+01   -3.8042849748e+00
3.4140000000e+01   -3.8899519525e+00
3.4160000000e+01   -4.0193931086e+00
3.4180000000e+01   -4.2317648518e+00
3.4200000000e+01   -4.7131298386e+00
3.4220000000e+01   -4.6849227071e+00
3.4240000000e+01   -4.2232717588e+00
3.4260000000e+01   -4.0153899444e+00
3.4280000000e+01   -3.8882726296e+00
3.4300000000e+01   -3.8042173776e+00
3.4320000000e+01   -3.7488985591e+00
3.4340000000e+01   -3.7156604427e+00
3.4360000000e+01   -3.7012783680e+00
3.4380000000e+01   -3.7044989490e+00
3.4400000000e+01   -3.7255703146e+00
3.4420000000e+01   -3.7663308751e+00
3.4440000000e+01   -3.8309323820e+00
3.4460000000e+01   -3.9279130737e+00
3.4480000000e+01   -4.0765631812e+00
3.4500000000e+01   -4.3343292633e+00
3.4520000000e+01   -5.1564723855e+00
3.4540000000e+01   -4.4868510390e+00
3.4560000000e+01   -4.1498495709e+00
3.4580000000e+01   -3.9739841530e+00
3.4600000000e+01   -3.8624892540e+00
3.4620000000e+01   -3.7883153833e+00
3.4640000000e+01   -3.7402998462e+00
3.4660000000e+01   -3.7131028926e+00
3.4680000000e+01   -3.7042005532e+00
3.4700000000e+01   -3.7128231092e+00
3.4720000000e+01   -3.7396749660e+00
3.4740000000e+01   -3.7871902306e+00
3.4760000000e+01   -3.8605470852e+00
3.4780000000e+01   -3.9705380541e+00
3.4800000000e+01   -4.1430593803e+00
3.4820000000e+01   -4.4682981015e+00
3.4840000000e+01   -5.2826160647e+00
3.4860000000e+01   -4.3545863573e+00
3.4880000000e+01   -4.0895136469e+00
3.4900000000e+01   -3.9383238367e+00
3.4920000000e+01   -3.8401155433e+00
3.4940000000e+01   -3.7748197388e+00
3.4960000000e+01   -3.7336191662e+00
3.4980000000e+01   -3.7122306362e+00
3.5000000000e+01   -3.7087367807e+00
3.5020000000e+01   -3.7228264324e+00
3.5040000000e+01   -3.7556831772e+00
3.5060000000e+01   -3.8104267732e+00
3.5080000000e+01   -3.8935098076e+00
3.5100000000e+01   -4.0187527853e+00
3.5120000000e+01   -4.2220596439e+00
3.5140000000e+01   -4.6612945426e+00
3.5160000000e+01   -4.7650994719e+00
3.5180000000e+01   -4.2562192151e+00
3.5200000000e+01   -4.0388681816e+00
3.5220000000e+01   -3.9074422056e+00
3.5240000000e+01   -3.8207586194e+00
3.5260000000e+01   -3.7635430112e+00
3.5280000000e+01   -3.7287644563e+00
3.5300000000e+01   -3.7130072833e+00
3.5320000000e+01   -3.7148930724e+00
3.5340000000e+01   -3.7345591998e+00
3.5360000000e+01   -3.7737079134e+00
3.5380000000e+01   -3.8362677338e+00
3.5400000000e+01   -3.9303097399e+00
3.5420000000e+01   -4.0738448908e+00
3.5440000000e+01   -4.3188617623e+00
3.5460000000e+01   -5.0115779666e+00
3.5480000000e+01   -4.5396702859e+00
3.5500000000e+01   -4.1787003092e+00
3.5520000000e+01   -3.9957372257e+00
3.5540000000e+01   -3.8806254241e+00
3.5560000000e+01   -3.8041091012e+00
3.5580000000e+01   -3.7543340736e+00
3.5600000000e+01   -3.7256633776e+00
3.5620000000e+01   -3.7154101212e+00
3.5640000000e+01   -3.7226882246e+00
3.5660000000e+01   -3.7480880041e+00
3.5680000000e+01   -3.7938893451e+00
3.5700000000e+01   -3.8649971518e+00
3.5720000000e+01   -3.9715871550e+00
3.5740000000e+01   -4.1376769771e+00
3.5760000000e+01   -4.4433163044e+00
3.5780000000e+01   -5.6639108561e+00
3.5800000000e+01   -4.3953365806e+00
3.5820000000e+01   -4.1153998798e+00
3.5840000000e+01   -3.9586441186e+00
3.5860000000e+01   -3.8573329585e+00
3.5880000000e+01   -3.7899206062e+00
3.5900000000e+01   -3.7470711835e+00
3.5920000000e+01   -3.7242607180e+00
3.5940000000e+01   -3.7194293841e+00
3.5960000000e+01   -3.7321543725e+00
3.5980000000e+01   -3.7634980478e+00
3.6000000000e+01   -3.8164009862e+00
3.6020000000e+01   -3.8969736716e+00
3.6040000000e+01   -4.0181997368e+00
3.6060000000e+01   -4.2130854558e+00
3.6080000000e+01   -4.6172201098e+00
3.6100000000e+01   -4.8581462520e+00
3.6120000000e+01   -4.2900993109e+00
3.6140000000e+01   -4.0624864200e+00
3.6160000000e+01   -3.9265422685e+00
3.6180000000e+01   -3.8371472041e+00
3.6200000000e+01   -3.7779953888e+00
3.6220000000e+01   -3.7416568779e+00
3.6240000000e+01   -3.7245165057e+00
3.6260000000e+01   -3.7250679328e+00
3.6280000000e+01   -3.7433379925e+00
3.6300000000e+01   -3.7808962699e+00
3.6320000000e+01   -3.8414580672e+00
3.6340000000e+01   -3.9326563237e+00
3.6360000000e+01   -4.0713303905e+00
3.6380000000e+01   -4.3047002698e+00
3.6400000000e+01   -4.9078944379e+00
3.6420000000e+01   -4.5967282675e+00
3.6440000000e+01   -4.2080982158e+00
3.6460000000e+01   -4.0175462761e+00
3.6480000000e+01   -3.8986644132e+00
3.6500000000e+01   -3.8197403836e+00
3.6520000000e+01   -3.7681740681e+00
3.6540000000e+01   -3.7380141879e+00
3.6560000000e+01   -3.7264046934e+00
3.6580000000e+01   -3.7323413247e+00
3.6600000000e+01   -3.7563014099e+00
3.6620000000e+01   -3.8004155623e+00
3.6640000000e+01   -3.8693291119e+00
3.6660000000e+01   -3.9726429443e+00
3.6680000000e+01   -4.1326720867e+00
3.6700000000e+01   -4.4208648841e+00
3.6720000000e+01   -6.1352008514e+00
3.6740000000e+01   -4.4380772737e+00
3.6760000000e+01   -4.1416097822e+00
3.6780000000e+01   -3.9789620069e+00
3.6800000000e+01   -3.8744328457e+00
3.6820000000e+01   -3.8048520905e+00
3.6840000000e+01   -3.7603281575e+00
3.6860000000e+01   -3.7360838369e+00
3.6880000000e+01   -3.7299123206e+00
3.6900000000e+01   -3.7412782774e+00
3.6920000000e+01   -3.7711249229e+00
3.6940000000e+01   -3.8222204645e+00
3.6960000000e+01   -3.9003522366e+00
3.6980000000e+01   -4.0177294135e+00
3.7000000000e+01   -4.2047668890e+00
3.7020000000e+01   -4.5791042803e+00
3.7040000000e+01   -4.9702824125e+00
3.7060000000e+01   -4.3250678269e+00
3.7080000000e+01   -4.0862881901e+00
3.7100000000e+01   -3.9455982660e+00
3.7120000000e+01   -3.8534032443e+00
3.7140000000e+01   -3.7922736473e+00
3.7160000000e+01   -3.7543545675e+00
3.7180000000e+01   -3.7358221949e+00
3.7200000000e+01   -3.7350390953e+00
3.7220000000e+01   -3.7519215578e+00
3.7240000000e+01   -3.7879097029e+00
3.7260000000e+01   -3.8465149080e+00
3.7280000000e+01   -3.9349586156e+00
3.7300000000e+01   -4.0690048341e+00
3.7320000000e+01   -4.2916848809e+00
3.7340000000e+01   -4.8279460209e+00
3.7360000000e+01   -4.6591286993e+00
3.7380000000e+01   -4.2381357814e+00
3.7400000000e+01   -4.0394459669e+00
3.7420000000e+01   -3.9166290020e+00
3.7440000000e+01   -3.8352280817e+00
3.7460000000e+01   -3.7818369685e+00
3.7480000000e+01   -3.7501715320e+00
3.7500000000e+01   -3.7371998331e+00
3.7520000000e+01   -3.7417973676e+00
3.7540000000e+01   -3.7643293566e+00
3.7560000000e+01   -3.8067817118e+00
3.7580000000e+01   -3.8735528856e+00
3.7600000000e+01   -3.9737071900e+00
3.7620000000e+01   -4.1280123992e+00
3.7640000000e+01   -4.4005569117e+00
3.7660000000e+01   -5.4564368463e+00
3.7680000000e+01   -4.4831902440e+00
3.7700000000e+01   -4.1682052301e+00
3.7720000000e+01   -3.9993064089e+00
3.7740000000e+01   -3.8914359660e+00
3.7760000000e+01   -3.8196319840e+00
3.7780000000e+01   -3.7734064930e+00
3.7800000000e+01   -3.7477155888e+00
3.7820000000e+01   -3.7402005743e+00
3.7840000000e+01   -3.7502124954e+00
3.7860000000e+01   -3.7785772467e+00
3.7880000000e+01   -3.8278969855e+00
3.7900000000e+01   -3.9036533992e+00
3.7920000000e+01   -4.0173377021e+00
3.7940000000e+01   -4.1970391045e+00
3.7960000000e+01   -4.5456977333e+00
3.7980000000e+01   -5.1135135988e+00
3.8000000000e+01   -4.3613050475e+00
3.8020000000e+01   -4.1103186875e+00
3.8040000000e+01   -3.9646351605e+00
3.8060000000e+01   -3.8695459173e+00
3.8080000000e+01   -3.8063946690e+00
3.8100000000e+01   -3.7668732600e+00
3.8120000000e+01   -3.7469393653e+00
3.8140000000e+01   -3.7448209750e+00
3.8160000000e+01   -3.7603236229e+00
3.8180000000e+01   -3.7947608730e+00
3.8200000000e+01   -3.8514488042e+00
3.8220000000e+01   -3.9372218525e+00
3.8240000000e+01   -4.0668549785e+00
3.8260000000e+01   -4.2796820875e+00
3.8280000000e+01   -4.7634131465e+00
3.8300000000e+01   -4.7284220643e+00
3.8320000000e+01   -4.2689157212e+00
3.8340000000e+01   -4.0614715652e+00
3.8360000000e+01   -3.9345413212e+00
3.8380000000e+01   -3.8505900932e+00
3.8400000000e+01   -3.7953388601e+00
3.8420000000e+01   -3.7621505252e+00
3.8440000000e+01   -3.7478099961e+00
3.8460000000e+01   -3.7510702042e+00
3.8480000000e+01   -3.7721849282e+00
3.8500000000e+01   -3.8129995903e+00
3.8520000000e+01   -3.8776775339e+00
3.8540000000e+01   -3.9747814674e+00
3.8560000000e+01   -4.1236694634e+00
3.8580000000e+01   -4.3820849861e+00
3.8600000000e+01   -5.2124151690e+00
3.8620000000e+01   -4.5311533100e+00
3.8640000000e+01   -4.1952527780e+00
3.8660000000e+01   -4.0197062588e+00
3.8680000000e+01   -3.9083623337e+00
3.8700000000e+01   -3.8342771217e+00
3.8720000000e+01   -3.7863215637e+00
3.8740000000e+01   -3.7591705093e+00
3.8760000000e+01   -3.7503080589e+00
3.8780000000e+01   -3.7589703098e+00
3.8800000000e+01   -3.7858674255e+00
3.8820000000e+01   -3.8334413680e+00
3.8840000000e+01   -3.9068843530e+00
3.8860000000e+01   -4.0170208768e+00
3.8880000000e+01   -4.1898460061e+00
3.8900000000e+01   -4.5160996271e+00
3.8920000000e+01   -5.3162493396e+00
3.8940000000e+01   -4.3990225564e+00
3.8960000000e+01   -4.1346252867e+00
3.8980000000e+01   -3.9836776118e+00
3.9000000000e+01   -3.8855935994e+00
3.9020000000e+01   -3.8203743856e+00
3.9040000000e+01   -3.7792276840e+00
3.9060000000e+01   -3.7578820031e+00
3.9080000000e+01   -3.7544269546e+00
3.9100000000e+01   -3.7685568927e+00
3.9120000000e+01   -3.8014614568e+00
3.9140000000e+01   -3.8562694322e+00
3.9160000000e+01   -3.9394507845e+00
3.9180000000e+01   -4.0648689743e+00
3.9200000000e+01   -4.2685794067e+00
3.9220000000e+01   -4.7096804782e+00
3.9240000000e+01   -4.8068911027e+00
3.9260000000e+01   -4.3005534258e+00
3.9280000000e+01   -4.0836592677e+00
3.9300000000e+01   -3.9524230046e+00
3.9320000000e+01   -3.8658434860e+00
3.9340000000e+01   -3.8086948896e+00
3.9360000000e+01   -3.7739653032e+00
3.9380000000e+01   -3.7582486428e+00
3.9400000000e+01   -3.7601726896e+00
3.9420000000e+01   -3.7798802306e+00
3.9440000000e+01   -3.8190800698e+00
3.9460000000e+01   -3.8817113539e+00
3.9480000000e+01   -3.9758671865e+00
3.9500000000e+01   -4.1196181249e+00
3.9520000000e+01   -4.3652011144e+00
3.9540000000e+01   -5.0630536924e+00
3.9560000000e+01   -4.5825780059e+00
3.9580000000e+01   -4.2228247499e+00
3.9600000000e+01   -4.0401907471e+00
3.9620000000e+01   -3.9252313510e+00
3.9640000000e+01   -3.8488034974e+00
3.9660000000e+01   -3.7990878220e+00
3.9680000000e+01   -3.7704621812e+00
3.9700000000e+01   -3.7602477258e+00
3.9720000000e+01   -3.7675640461e+00
3.9740000000e+01   -3.7930069331e+00
3.9760000000e+01   -3.8388635721e+00
3.9780000000e+01   -3.9100516674e+00
3.9800000000e+01   -4.0167755573e+00
3.9820000000e+01   -4.1831387927e+00
3.9840000000e+01   -4.4896396098e+00
3.9860000000e+01   -5.6813740837e+00
3.9880000000e+01   -4.4384723438e+00
3.9900000000e+01   -4.1592581145e+00
3.9920000000e+01   -4.0027501532e+00
3.9940000000e+01   -3.9015639867e+00
3.9960000000e+01   -3.8342278868e+00
3.9980000000e+01   -3.7914316668e+00
4.0000000000e+01   -3.7686631699e+00
