X    Y
0.0000000000e+00   -1.2000000000e+01
2.0000000000e-02   -2.0709165623e+00
4.0000000000e-02   -2.2572562650e+00
6.0000000000e-02   -2.2597381747e+00
8.0000000000e-02   -2.1761572624e+00
1.0000000000e-01   -2.2555176060e+00
1.2000000000e-01   -2.2727547004e+00
1.4000000000e-01   -2.2220536509e+00
1.6000000000e-01   -2.2691362954e+00
1.8000000000e-01   -2.2956406576e+00
2.0000000000e-01   -2.2581981428e+00
2.2000000000e-01   -2.2879168494e+00
2.4000000000e-01   -2.3197643306e+00
2.6000000000e-01   -2.2912986800e+00
2.8000000000e-01   -2.3090873707e+00
3.0000000000e-01   -2.3438300922e+00
3.2000000000e-01   -2.3230927868e+00
3.4000000000e-01   -2.3317471055e+00
3.6000000000e-01   -2.3675247477e+00
3.8000000000e-01   -2.3541472022e+00
4.0000000000e-01   -2.3555495510e+00
4.2000000000e-01   -2.3907912238e+00
4.4000000000e-01   -2.3846350797e+00
4.6000000000e-01   -2.3803433995e+00
4.8000000000e-01   -2.4136760229e+00
5.0000000000e-01   -2.4145680802e+00
5.2000000000e-01   -2.4060474771e+00
5.4000000000e-01   -2.4362818716e+00
5.6000000000e-01   -2.4438871331e+00
5.8000000000e-01   -2.4325983951e+00
6.0000000000e-01   -2.4587461642e+00
6.2000000000e-01   -2.4725074042e+00
6.4000000000e-01   -2.4599255330e+00
6.6000000000e-01   -2.4812267986e+00
6.8000000000e-01   -2.5003456559e+00
7.0000000000e-01   -2.4879382234e+00
7.2000000000e-01   -2.5038904243e+00
7.4000000000e-01   -2.5273392838e+00
7.6000000000e-01   -2.5165195127e+00
7.8000000000e-01   -2.5269017710e+00
8.0000000000e-01   -2.5534600172e+00
8.2000000000e-01   -2.5455243192e+00
8.4000000000e-01   -2.5504138151e+00
8.6000000000e-01   -2.5787229858e+00
8.8000000000e-01   -2.5747811961e+00
9.0000000000e-01   -2.5745588511e+00
9.2000000000e-01   -2.6031911359e+00
9.4000000000e-01   -2.6040974467e+00
9.6000000000e-01   -2.5994405872e+00
9.8000000000e-01   -2.6269749646e+00
1.0000000000e+00   -2.6332674711e+00
1.0200000000e+00   -2.6251273691e+00
1.0400000000e+00   -2.6502278526e+00
1.0600000000e+00   -2.6620840735e+00
1.0800000000e+00   -2.6516466417e+00
1.1000000000e+00   -2.6731376649e+00
1.1200000000e+00   -2.6903521285e+00
1.1400000000e+00   -2.6789807992e+00
1.1600000000e+00   -2.6959156070e+00
1.1800000000e+00   -2.7179035548e+00
1.2000000000e+00   -2.7070646688e+00
1.2200000000e+00   -2.7187834643e+00
1.2400000000e+00   -2.7446121094e+00
1.2600000000e+00   -2.7357849976e+00
1.2800000000e+00   -2.7419603112e+00
1.3000000000e+00   -2.7704062302e+00
1.3200000000e+00   -2.7649824401e+00
1.3400000000e+00   -2.7656495833e+00
1.3600000000e+00   -2.7952781516e+00
1.3800000000e+00   -2.7944566233e+00
1.4000000000e+00   -2.7900271450e+00
1.4200000000e+00   -2.8192878807e+00
1.4400000000e+00   -2.8239748385e+00
1.4600000000e+00   -2.8152307294e+00
1.4800000000e+00   -2.8425612914e+00
1.5000000000e+00   -2.8532847009e+00
1.5200000000e+00   -2.8413509437e+00
1.5400000000e+00   -2.8652824426e+00
1.5600000000e+00   -2.8821306842e+00
1.5800000000e+00   -2.8684239576e+00
1.6000000000e+00   -2.8876810226e+00
1.6200000000e+00   -2.9102737768e+00
1.6400000000e+00   -2.8964260411e+00
1.6600000000e+00   -2.9100163800e+00
1.6800000000e+00   -2.9375127106e+00
1.7000000000e+00   -2.9252702693e+00
1.7200000000e+00   -2.9325598092e+00
1.7400000000e+00   -2.9637044701e+00
1.7600000000e+00   -2.9548059464e+00
1.7800000000e+00   -2.9555766228e+00
1.8000000000e+00   -2.9887813544e+00
1.8200000000e+00   -2.9848215433e+00
1.8400000000e+00   -2.9793091802e+00
1.8600000000e+00   -3.0127619720e+00
1.8800000000e+00   -3.0150521135e+00
1.9000000000e+00   -3.0039615810e+00
1.9200000000e+00   -3.0357542798e+00
1.9400000000e+00   -3.0451921202e+00
1.9600000000e+00   -3.0296863356e+00
1.9800000000e+00   -3.0579500095e+00
2.0000000000e+00   -3.0749142442e+00
2.0200000000e+00   -3.0565730700e+00
2.0400000000e+00   -3.0796112162e+00
2.0600000000e+00   -3.1038939502e+00
2.0800000000e+00   -3.0846392740e+00
2.1000000000e+00   -3.1010508429e+00
2.1200000000e+00   -3.1318383871e+00
2.1400000000e+00   -3.1138232593e+00
2.1600000000e+00   -3.1226098096e+00
2.1800000000e+00   -3.1585167971e+00
2.2000000000e+00   -3.1439798429e+00
2.2200000000e+00   -3.1446331191e+00
2.2400000000e+00   -3.1837884255e+00
2.2600000000e+00   -3.1748797372e+00
2.2800000000e+00   -3.1674469543e+00
2.3000000000e+00   -3.2076234732e+00
2.3200000000e+00   -3.2062141226e+00
2.3400000000e+00   -3.1913379677e+00
2.3600000000e+00   -3.2301132956e+00
2.3800000000e+00   -3.2376062014e+00
2.4000000000e+00   -3.2165352019e+00
2.4200000000e+00   -3.2514678133e+00
2.4400000000e+00   -3.2686314439e+00
2.4600000000e+00   -3.2431945314e+00
2.4800000000e+00   -3.2720004896e+00
2.5000000000e+00   -3.2988474469e+00
2.5200000000e+00   -3.2713852822e+00
2.5400000000e+00   -3.2921034587e+00
2.5600000000e+00   -3.3278326606e+00
2.5800000000e+00   -3.3010788052e+00
2.6000000000e+00   -3.3122167597e+00
2.6200000000e+00   -3.3552308060e+00
2.6400000000e+00   -3.3321392479e+00
2.6600000000e+00   -3.3327958268e+00
2.6800000000e+00   -3.3807952185e+00
2.7000000000e+00   -3.3643175452e+00
2.7200000000e+00   -3.3542805577e+00
2.7400000000e+00   -3.4044256169e+00
2.7600000000e+00   -3.3972506432e+00
2.7800000000e+00   -3.3770679108e+00
2.8000000000e+00   -3.4261899863e+00
2.8200000000e+00   -3.4304689765e+00
2.8400000000e+00   -3.4014885620e+00
2.8600000000e+00   -3.4463267955e+00
2.8800000000e+00   -3.4634158473e+00
2.9000000000e+00   -3.4277870757e+00
2.9200000000e+00   -3.4652270125e+00
2.9400000000e+00   -3.4954820069e+00
2.9600000000e+00   -3.4561044867e+00
2.9800000000e+00   -3.4833997725e+00
3.0000000000e+00   -3.5260567505e+00
3.0200000000e+00   -3.4864621916e+00
3.0400000000e+00   -3.5014284617e+00
3.0600000000e+00   -3.5545928874e+00
3.0800000000e+00   -3.5187466186e+00
3.1000000000e+00   -3.5199245437e+00
3.1200000000e+00   -3.5806776340e+00
3.1400000000e+00   -3.5526952683e+00
3.1600000000e+00   -3.5394849197e+00
3.1800000000e+00   -3.6040966988e+00
3.2000000000e+00   -3.5878864209e+00
3.2200000000e+00   -3.5606559722e+00
3.2400000000e+00   -3.6248772562e+00
3.2600000000e+00   -3.6237369656e+00
3.2800000000e+00   -3.5839047629e+00
3.3000000000e+00   -3.6432990145e+00
3.3200000000e+00   -3.6595150180e+00
3.3400000000e+00   -3.6095958597e+00
3.3600000000e+00   -3.6598705788e+00
3.3800000000e+00   -3.6943752518e+00
3.4000000000e+00   -3.6379711889e+00
3.4200000000e+00   -3.6752774969e+00
3.4400000000e+00   -3.7274235291e+00
3.4600000000e+00   -3.6691301121e+00
3.4800000000e+00   -3.6903146948e+00
3.5000000000e+00   -3.7578117337e+00
3.5200000000e+00   -3.7030075036e+00
3.5400000000e+00   -3.7058171864e+00
3.5600000000e+00   -3.7848533107e+00
3.5800000000e+00   -3.7393489926e+00
3.6000000000e+00   -3.7225995510e+00
3.6200000000e+00   -3.8081378455e+00
3.6400000000e+00   -3.7776849467e+00
3.6600000000e+00   -3.7414091614e+00
3.6800000000e+00   -3.8276155721e+00
3.7000000000e+00   -3.8173085265e+00
3.7200000000e+00   -3.7628929694e+00
3.7400000000e+00   -3.8436266267e+00
3.7600000000e+00   -3.8572682679e+00
3.7800000000e+00   -3.7875741542e+00
3.8000000000e+00   -3.8568660433e+00
3.8200000000e+00   -3.8963911322e+00
3.8400000000e+00   -3.8158332529e+00
3.8600000000e+00   -3.8682964191e+00
3.8800000000e+00   -3.9333547384e+00
3.9000000000e+00   -3.8478880495e+00
3.9200000000e+00   -3.8790347587e+00
3.9400000000e+00   -3.9668221556e+00
3.9600000000e+00   -3.8837670013e+00
3.9800000000e+00   -3.8902418692e+00
4.0000000000e+00   -3.9956340624e+00
4.0200000000e+00   -3.9232722132e+00
4.0400000000e+00   -3.9030338807e+00
4.0600000000e+00   -4.0190229704e+00
4.0800000000e+00   -3.9659304296e+00
4.1000000000e+00   -3.9184229656e+00
4.1200000000e+00   -4.0367873556e+00
4.1400000000e+00   -4.0109353959e+00
4.1600000000e+00   -3.9372841707e+00
4.1800000000e+00   -4.0493626367e+00
4.2000000000e+00   -4.0570939485e+00
4.2200000000e+00   -3.9603397339e+00
4.2400000000e+00   -4.0577613311e+00
4.2600000000e+00   -4.1028023138e+00
4.2800000000e+00   -3.9881505711e+00
4.3000000000e+00   -4.0634080539e+00
4.3200000000e+00   -4.1460954716e+00
4.3400000000e+00   -4.0211048779e+00
4.3600000000e+00   -4.0679317087e+00
4.3800000000e+00   -4.1848193605e+00
4.4000000000e+00   -4.0593944310e+00
4.4200000000e+00   -4.0729777266e+00
4.4400000000e+00   -4.2169516437e+00
4.4600000000e+00   -4.1029694886e+00
4.4800000000e+00   -4.0800768670e+00
4.5000000000e+00   -4.2410258999e+00
4.5200000000e+00   -4.1514636054e+00
4.5400000000e+00   -4.0905765111e+00
4.5600000000e+00   -4.2565212405e+00
4.5800000000e+00   -4.2040822973e+00
4.6000000000e+00   -4.1056208383e+00
4.6200000000e+00   -4.2640425378e+00
4.6400000000e+00   -4.2594590642e+00
4.6600000000e+00   -4.1261598201e+00
4.6800000000e+00   -4.2651997014e+00
4.7000000000e+00   -4.3155069504e+00
4.7200000000e+00   -4.1529684164e+00
4.7400000000e+00   -4.2622519034e+00
4.7600000000e+00   -4.3693416027e+00
4.7800000000e+00   -4.1866609526e+00
4.8000000000e+00   -4.2576863071e+00
4.8200000000e+00   -4.4174141096e+00
4.8400000000e+00   -4.2276877552e+00
4.8600000000e+00   -4.2538830114e+00
4.8800000000e+00   -4.4560113630e+00
4.9000000000e+00   -4.2763000270e+00
4.9200000000e+00   -4.2529283328e+00
4.9400000000e+00   -4.4821476431e+00
4.9600000000e+00   -4.3324640344e+00
4.9800000000e+00   -4.2565601746e+00
5.0000000000e+00   -4.4945488706e+00
5.0200000000e+00   -4.3956976250e+00
5.0400000000e+00   -4.2661971736e+00
5.0600000000e+00   -4.4941744387e+00
5.0800000000e+00   -4.4647955826e+00
5.1000000000e+00   -4.2830061292e+00
5.1200000000e+00   -4.4839206327e+00
5.1400000000e+00   -4.5374222607e+00
5.1600000000e+00   -4.3079773719e+00
5.1800000000e+00   -4.4677187060e+00
5.2000000000e+00   -4.6096243337e+00
5.2200000000e+00   -4.3419911645e+00
5.2400000000e+00   -4.4495836522e+00
5.2600000000e+00   -4.6755252675e+00
5.2800000000e+00   -4.3858651011e+00
5.3000000000e+00   -4.4330100660e+00
5.3200000000e+00   -4.7277987661e+00
5.3400000000e+00   -4.4403717880e+00
5.3600000000e+00   -4.4207679110e+00
5.3800000000e+00   -4.7595751884e+00
5.4000000000e+00   -4.5062062586e+00
5.4200000000e+00   -4.4149588845e+00
5.4400000000e+00   -4.7674042584e+00
5.4600000000e+00   -4.5838582467e+00
5.4800000000e+00   -4.4171828584e+00
5.5000000000e+00   -4.7531749427e+00
5.5200000000e+00   -4.6732940370e+00
5.5400000000e+00   -4.4287234608e+00
5.5600000000e+00   -4.7231600539e+00
5.5800000000e+00   -4.7732611608e+00
5.6000000000e+00   -4.4507168236e+00
5.6200000000e+00   -4.6851428326e+00
5.6400000000e+00   -4.8799170702e+00
5.6600000000e+00   -4.4842993058e+00
5.6800000000e+00   -4.6460030825e+00
5.7000000000e+00   -4.9845914606e+00
5.7200000000e+00   -4.5307446237e+00
5.7400000000e+00   -4.6107941601e+00
5.7600000000e+00   -5.0717291524e+00
5.7800000000e+00   -4.5916073486e+00
5.8000000000e+00   -4.5828747263e+00
5.8200000000e+00   -5.1213727094e+00
5.8400000000e+00   -4.6688939568e+00
5.8600000000e+00   -4.5644069925e+00
5.8800000000e+00   -5.1206751621e+00
5.9000000000e+00   -4.7652858841e+00
5.9200000000e+00   -4.5568479320e+00
5.9400000000e+00   -5.0751864784e+00
5.9600000000e+00   -4.8844328936e+00
5.9800000000e+00   -4.5613299125e+00
6.0000000000e+00   -5.0038342724e+00
6.0200000000e+00   -5.0312708979e+00
6.0400000000e+00   -4.5789456366e+00
6.0600000000e+00   -4.9252573358e+00
6.0800000000e+00   -5.2119530215e+00
6.1000000000e+00   -4.6109870660e+00
6.1200000000e+00   -4.8514059742e+00
6.1400000000e+00   -5.4310884002e+00
6.1600000000e+00   -4.6591998953e+00
6.1800000000e+00   -4.7883614591e+00
6.2000000000e+00   -5.6750903468e+00
6.2200000000e+00   -4.7261398024e+00
6.2400000000e+00   -4.7388027927e+00
6.2600000000e+00   -5.8530276254e+00
6.2800000000e+00   -4.8157936199e+00
6.3000000000e+00   -4.7038084667e+00
6.3200000000e+00   -5.8082588383e+00
6.3400000000e+00   -4.9348665302e+00
6.3600000000e+00   -4.6838649473e+00
6.3800000000e+00   -5.6040105825e+00
6.4000000000e+00   -5.0959776687e+00
6.4200000000e+00   -4.6794023979e+00
6.4400000000e+00   -5.3905619709e+00
6.4600000000e+00   -5.3279275073e+00
6.4800000000e+00   -4.6911148841e+00
6.5000000000e+00   -5.2135771975e+00
6.5200000000e+00   -5.7297404833e+00
6.5400000000e+00   -4.7202292296e+00
6.5600000000e+00   -5.0746390088e+00
6.5800000000e+00   -6.4797139997e+00
6.6000000000e+00   -4.7688556191e+00
6.6200000000e+00   -4.9680514199e+00
6.6400000000e+00   -5.7517587511e+00
6.6600000000e+00   -4.8406100912e+00
6.6800000000e+00   -4.8886043640e+00
6.7000000000e+00   -5.6199167175e+00
6.7200000000e+00   -4.9419497645e+00
6.7400000000e+00   -4.8325814583e+00
6.7600000000e+00   -5.6538692297e+00
6.7800000000e+00   -5.0856052586e+00
6.8000000000e+00   -4.7976077783e+00
6.8200000000e+00   -5.8889412656e+00
6.8400000000e+00   -5.3020814120e+00
6.8600000000e+00   -4.7824222401e+00
6.8800000000e+00   -6.5714936283e+00
6.9000000000e+00   -5.7052407099e+00
6.9200000000e+00   -4.7867714751e+00
6.9400000000e+00   -5.6380621903e+00
6.9600000000e+00   -6.1904081403e+00
6.9800000000e+00   -4.8114786274e+00
7.0000000000e+00   -5.3356561064e+00
7.0200000000e+00   -5.5688532302e+00
7.0400000000e+00   -4.8587758435e+00
7.0600000000e+00   -5.1544000627e+00
7.0800000000e+00   -5.3904113072e+00
7.1000000000e+00   -4.9331558171e+00
7.1200000000e+00   -5.0330849737e+00
7.1400000000e+00   -5.3287416068e+00
7.1600000000e+00   -5.0435372245e+00
7.1800000000e+00   -4.9508573990e+00
7.2000000000e+00   -5.3420272247e+00
7.2200000000e+00   -5.2097633322e+00
7.2400000000e+00   -4.8983340739e+00
7.2600000000e+00   -5.4329484352e+00
7.2800000000e+00   -5.4905565907e+00
7.3000000000e+00   -4.8709289364e+00
7.3200000000e+00   -5.6557524378e+00
7.3400000000e+00   -6.3613810411e+00
7.3600000000e+00   -4.8666972673e+00
7.3800000000e+00   -6.6062998680e+00
7.4000000000e+00   -5.6922491097e+00
7.4200000000e+00   -4.8856400696e+00
7.4400000000e+00   -5.6944739992e+00
7.4600000000e+00   -5.3975117532e+00
7.4800000000e+00   -4.9297772757e+00
7.5000000000e+00   -5.3563413606e+00
7.5200000000e+00   -5.2709822014e+00
7.5400000000e+00   -5.0040781330e+00
7.5600000000e+00   -5.1740876772e+00
7.5800000000e+00   -5.2206759234e+00
7.6000000000e+00   -5.1193030238e+00
7.6200000000e+00   -5.0595686371e+00
7.6400000000e+00   -5.2252676771e+00
7.6600000000e+00   -5.3015346262e+00
7.6800000000e+00   -4.9871714770e+00
7.7000000000e+00   -5.2842377200e+00
7.7200000000e+00   -5.6418186518e+00
7.7400000000e+00   -4.9464057224e+00
7.7600000000e+00   -5.4169664276e+00
7.7800000000e+00   -6.4585589671e+00
7.8000000000e+00   -4.9327083468e+00
7.8200000000e+00   -5.7051921318e+00
7.8400000000e+00   -5.5672893484e+00
7.8600000000e+00   -4.9448117710e+00
7.8800000000e+00   -6.6676953150e+00
7.9000000000e+00   -5.3337627525e+00
7.9200000000e+00   -4.9841714389e+00
7.9400000000e+00   -5.5935084926e+00
7.9600000000e+00   -5.2215301079e+00
7.9800000000e+00   -5.0557425533e+00
8.0000000000e+00   -5.3148658741e+00
8.0200000000e+00   -5.1723385116e+00
8.0400000000e+00   -5.1711246538e+00
8.0600000000e+00   -5.1604052598e+00
8.0800000000e+00   -5.1700162964e+00
8.1000000000e+00   -5.3599403063e+00
8.1200000000e+00   -5.0659179433e+00
8.1400000000e+00   -5.2127302007e+00
8.1600000000e+00   -5.7358950574e+00
8.1800000000e+00   -5.0109561980e+00
8.2000000000e+00   -5.3107503447e+00
8.2200000000e+00   -6.1813268941e+00
8.2400000000e+00   -4.9872229601e+00
8.2600000000e+00   -5.5009016460e+00
8.2800000000e+00   -5.5315101148e+00
8.3000000000e+00   -4.9917435082e+00
8.3200000000e+00   -5.9700884110e+00
8.3400000000e+00   -5.3145035126e+00
8.3600000000e+00   -5.0250982097e+00
8.3800000000e+00   -5.9227707907e+00
8.4000000000e+00   -5.2044884777e+00
8.4200000000e+00   -5.0917832622e+00
8.4400000000e+00   -5.4607621492e+00
8.4600000000e+00   -5.1524340048e+00
8.4800000000e+00   -5.2032361277e+00
8.5000000000e+00   -5.2556870996e+00
8.5200000000e+00   -5.1435374077e+00
8.5400000000e+00   -5.3894249436e+00
8.5600000000e+00   -5.1367496854e+00
8.5800000000e+00   -5.1749769158e+00
8.6000000000e+00   -5.7676582409e+00
8.6200000000e+00   -5.0669201034e+00
8.6400000000e+00   -5.2529698908e+00
8.6600000000e+00   -6.1696259017e+00
8.6800000000e+00   -5.0327999661e+00
8.7000000000e+00   -5.3996408375e+00
8.7200000000e+00   -5.5379490008e+00
8.7400000000e+00   -5.0292790866e+00
8.7600000000e+00   -5.6961110381e+00
8.7800000000e+00   -5.3192982520e+00
8.8000000000e+00   -5.0558154647e+00
8.8200000000e+00   -6.7685642987e+00
8.8400000000e+00   -5.2055093724e+00
8.8600000000e+00   -5.1161199931e+00
8.8800000000e+00   -5.6208382751e+00
8.9000000000e+00   -5.1483825515e+00
8.9200000000e+00   -5.2207315247e+00
8.9400000000e+00   -5.3482425595e+00
8.9600000000e+00   -5.1328356253e+00
8.9800000000e+00   -5.3975463612e+00
9.0000000000e+00   -5.2019497594e+00
9.0200000000e+00   -5.1550701335e+00
9.0400000000e+00   -5.7518962185e+00
9.0600000000e+00   -5.1165624507e+00
9.0800000000e+00   -5.2189087387e+00
9.1000000000e+00   -6.2872384054e+00
9.1200000000e+00   -5.0718013907e+00
9.1400000000e+00   -5.3394327779e+00
9.1600000000e+00   -5.5708986339e+00
9.1800000000e+00   -5.0599719808e+00
9.2000000000e+00   -5.5646910338e+00
9.2200000000e+00   -5.3392476207e+00
9.2400000000e+00   -5.0792138434e+00
9.2600000000e+00   -6.1997860529e+00
9.2800000000e+00   -5.2177628759e+00
9.3000000000e+00   -5.1322485506e+00
9.3200000000e+00   -5.8126623942e+00
9.3400000000e+00   -5.1540184972e+00
9.3600000000e+00   -5.2283004802e+00
9.3800000000e+00   -5.4413989588e+00
9.4000000000e+00   -5.1315808779e+00
9.4200000000e+00   -5.3919462669e+00
9.4400000000e+00   -5.2637303285e+00
9.4600000000e+00   -5.1455746365e+00
9.4800000000e+00   -5.7102597224e+00
9.5000000000e+00   -5.1618942106e+00
9.5200000000e+00   -5.1981096139e+00
9.5400000000e+00   -6.6027582114e+00
9.5600000000e+00   -5.1062235374e+00
9.5800000000e+00   -5.3001067008e+00
9.6000000000e+00   -5.6245286111e+00
9.6200000000e+00   -5.0859134461e+00
9.6400000000e+00   -5.4841647101e+00
9.6600000000e+00   -5.3699848304e+00
9.6800000000e+00   -5.0976115048e+00
9.7000000000e+00   -5.8924389947e+00
9.7200000000e+00   -5.2376246886e+00
9.7400000000e+00   -5.1429347551e+00
9.7600000000e+00   -6.0811266888e+00
9.7800000000e+00   -5.1659873195e+00
9.8000000000e+00   -5.2296270677e+00
9.8200000000e+00   -5.5391998443e+00
9.8400000000e+00   -5.1363343471e+00
9.8600000000e+00   -5.3786111152e+00
9.8800000000e+00   -5.3241674170e+00
9.9000000000e+00   -5.1425464731e+00
9.9200000000e+00   -5.6590156011e+00
9.9400000000e+00   -5.2046141365e+00
9.9600000000e+00   -5.1853276540e+00
9.9800000000e+00   -7.1126580716e+00
1.0000000000e+01   -5.1376626833e+00
1.0020000000e+01   -5.2727766711e+00
1.0040000000e+01   -5.6979759462e+00
1.0060000000e+01   -5.1087171015e+00
1.0080000000e+01   -5.4286596906e+00
1.0100000000e+01   -5.4093707273e+00
1.0120000000e+01   -5.1127486101e+00
1.0140000000e+01   -5.7386767744e+00
1.0160000000e+01   -5.2630841124e+00
1.0180000000e+01   -5.1502027766e+00
1.0200000000e+01   -6.6558417823e+00
1.0220000000e+01   -5.1823622999e+00
1.0240000000e+01   -5.2273273272e+00
1.0260000000e+01   -5.6470456949e+00
1.0280000000e+01   -5.1451102849e+00
1.0300000000e+01   -5.3615659732e+00
1.0320000000e+01   -5.3852343317e+00
1.0340000000e+01   -5.1437366790e+00
1.0360000000e+01   -5.6069965453e+00
1.0380000000e+01   -5.2461315696e+00
1.0400000000e+01   -5.1776699634e+00
1.0420000000e+01   -6.3611079624e+00
1.0440000000e+01   -5.1673582753e+00
1.0460000000e+01   -5.2528935665e+00
1.0480000000e+01   -5.7945859434e+00
1.0500000000e+01   -5.1295846319e+00
1.0520000000e+01   -5.3874499824e+00
1.0540000000e+01   -5.4565869541e+00
1.0560000000e+01   -5.1258784221e+00
1.0580000000e+01   -5.6393166212e+00
1.0600000000e+01   -5.2930447118e+00
1.0620000000e+01   -5.1554614760e+00
1.0640000000e+01   -6.5003127974e+00
1.0660000000e+01   -5.2020168615e+00
1.0680000000e+01   -5.2231406838e+00
1.0700000000e+01   -5.7732843864e+00
1.0720000000e+01   -5.1567257628e+00
1.0740000000e+01   -5.3432630728e+00
1.0760000000e+01   -5.4489165522e+00
1.0780000000e+01   -5.1478077781e+00
1.0800000000e+01   -5.5580830798e+00
1.0820000000e+01   -5.2876314558e+00
1.0840000000e+01   -5.1734463430e+00
1.0860000000e+01   -6.0929532745e+00
1.0880000000e+01   -5.1962672496e+00
1.0900000000e+01   -5.2379136609e+00
1.0920000000e+01   -5.9240160943e+00
1.0940000000e+01   -5.1493973490e+00
1.0960000000e+01   -5.3552110790e+00
1.0980000000e+01   -5.5117803957e+00
1.1000000000e+01   -5.1378835022e+00
1.1020000000e+01   -5.5671912244e+00
1.1040000000e+01   -5.3269830574e+00
1.1060000000e+01   -5.1596618507e+00
1.1080000000e+01   -6.0966399747e+00
1.1100000000e+01   -5.2243060144e+00
1.1120000000e+01   -5.2181742192e+00
1.1140000000e+01   -5.9335897417e+00
1.1160000000e+01   -5.1704705985e+00
1.1180000000e+01   -5.3250924310e+00
1.1200000000e+01   -5.5174103627e+00
1.1220000000e+01   -5.1539460603e+00
1.1240000000e+01   -5.5136001199e+00
1.1260000000e+01   -5.3301568172e+00
1.1280000000e+01   -5.1716322072e+00
1.1300000000e+01   -5.9273967931e+00
1.1320000000e+01   -5.2251424608e+00
1.1340000000e+01   -5.2263297765e+00
1.1360000000e+01   -6.1112321719e+00
1.1380000000e+01   -5.1688043479e+00
1.1400000000e+01   -5.3290021098e+00
1.1420000000e+01   -5.5760074043e+00
1.1440000000e+01   -5.1493819190e+00
1.1460000000e+01   -5.5111027606e+00
1.1480000000e+01   -5.3647749579e+00
1.1500000000e+01   -5.1634361809e+00
1.1520000000e+01   -5.9045648467e+00
1.1540000000e+01   -5.2488919511e+00
1.1560000000e+01   -5.2131119466e+00
1.1580000000e+01   -6.1669694913e+00
1.1600000000e+01   -5.1859255540e+00
1.1620000000e+01   -5.3077905946e+00
1.1640000000e+01   -5.5934493168e+00
1.1660000000e+01   -5.1616520013e+00
1.1680000000e+01   -5.4737179682e+00
1.1700000000e+01   -5.3746986720e+00
1.1720000000e+01   -5.1715904283e+00
1.1740000000e+01   -5.8089095952e+00
1.1760000000e+01   -5.2546038290e+00
1.1780000000e+01   -5.2172097372e+00
1.1800000000e+01   -6.4443603050e+00
1.1820000000e+01   -5.1882963931e+00
1.1840000000e+01   -5.3070749518e+00
1.1860000000e+01   -5.6514449171e+00
1.1880000000e+01   -5.1608121848e+00
1.1900000000e+01   -5.4654457335e+00
1.1920000000e+01   -5.4066124036e+00
1.1940000000e+01   -5.1672051529e+00
1.1960000000e+01   -5.7796716031e+00
1.1980000000e+01   -5.2756438143e+00
1.2000000000e+01   -5.2083687651e+00
1.2020000000e+01   -6.6505926011e+00
1.2040000000e+01   -5.2028559764e+00
1.2060000000e+01   -5.2917157165e+00
1.2080000000e+01   -5.6808917519e+00
1.2100000000e+01   -5.1706193501e+00
1.2120000000e+01   -5.4381454797e+00
1.2140000000e+01   -5.4222954985e+00
1.2160000000e+01   -5.1729162386e+00
1.2180000000e+01   -5.7176861276e+00
1.2200000000e+01   -5.2852003590e+00
1.2220000000e+01   -5.2099548207e+00
1.2240000000e+01   -7.3099872733e+00
1.2260000000e+01   -5.2082645514e+00
1.2280000000e+01   -5.2883280939e+00
1.2300000000e+01   -5.7420125934e+00
1.2320000000e+01   -5.1724972631e+00
1.2340000000e+01   -5.4270565084e+00
1.2360000000e+01   -5.4529793361e+00
1.2380000000e+01   -5.1712552071e+00
1.2400000000e+01   -5.6877934877e+00
1.2420000000e+01   -5.3045784564e+00
1.2440000000e+01   -5.2041959541e+00
1.2460000000e+01   -6.6722462475e+00
1.2480000000e+01   -5.2211462584e+00
1.2500000000e+01   -5.2770187233e+00
1.2520000000e+01   -5.7859409123e+00
1.2540000000e+01   -5.1806614012e+00
1.2560000000e+01   -5.4064486945e+00
1.2580000000e+01   -5.4741556508e+00
1.2600000000e+01   -5.1753454510e+00
1.2620000000e+01   -5.6442753330e+00
1.2640000000e+01   -5.3174664053e+00
1.2660000000e+01   -5.2041640650e+00
1.2680000000e+01   -6.3476326908e+00
1.2700000000e+01   -5.2290469415e+00
1.2720000000e+01   -5.2720288450e+00
1.2740000000e+01   -5.8549228238e+00
1.2760000000e+01   -5.1846923321e+00
1.2780000000e+01   -5.3939875397e+00
1.2800000000e+01   -5.5046762398e+00
1.2820000000e+01   -5.1757933772e+00
1.2840000000e+01   -5.6154000942e+00
1.2860000000e+01   -5.3358246635e+00
1.2880000000e+01   -5.2007516544e+00
1.2900000000e+01   -6.1988901360e+00
1.2920000000e+01   -5.2407567579e+00
1.2940000000e+01   -5.2637465855e+00
1.2960000000e+01   -5.9201816217e+00
1.2980000000e+01   -5.1916630704e+00
1.3000000000e+01   -5.3781909712e+00
1.3020000000e+01   -5.5318320719e+00
1.3040000000e+01   -5.1786966843e+00
1.3060000000e+01   -5.5834213559e+00
1.3080000000e+01   -5.3519788638e+00
1.3100000000e+01   -5.1995529495e+00
1.3120000000e+01   -6.0758872863e+00
1.3140000000e+01   -5.2509686772e+00
1.3160000000e+01   -5.2576600618e+00
1.3180000000e+01   -6.0049945159e+00
1.3200000000e+01   -5.1976220342e+00
1.3220000000e+01   -5.3649497293e+00
1.3240000000e+01   -5.5628988931e+00
1.3260000000e+01   -5.1809873140e+00
1.3280000000e+01   -5.5557533889e+00
1.3300000000e+01   -5.3696000872e+00
1.3320000000e+01   -5.1981488113e+00
1.3340000000e+01   -5.9830620844e+00
1.3360000000e+01   -5.2616920477e+00
1.3380000000e+01   -5.2519052080e+00
1.3400000000e+01   -6.1103612112e+00
1.3420000000e+01   -5.2035464246e+00
1.3440000000e+01   -5.3529927257e+00
1.3460000000e+01   -5.5975109374e+00
1.3480000000e+01   -5.1828316254e+00
1.3500000000e+01   -5.5319227545e+00
1.3520000000e+01   -5.3894256581e+00
1.3540000000e+01   -5.1959006051e+00
1.3560000000e+01   -5.9137671526e+00
1.3580000000e+01   -5.2743810967e+00
1.3600000000e+01   -5.2448285301e+00
1.3620000000e+01   -6.2305097591e+00
1.3640000000e+01   -5.2115130030e+00
1.3660000000e+01   -5.3390277685e+00
1.3680000000e+01   -5.6293946459e+00
1.3700000000e+01   -5.1869973642e+00
1.3720000000e+01   -5.5049900862e+00
1.3740000000e+01   -5.4061922538e+00
1.3760000000e+01   -5.1964904717e+00
1.3780000000e+01   -5.8423641275e+00
1.3800000000e+01   -5.2839722364e+00
1.3820000000e+01   -5.2415004985e+00
1.3840000000e+01   -6.4494007906e+00
1.3860000000e+01   -5.2162413421e+00
1.3880000000e+01   -5.3305577781e+00
1.3900000000e+01   -5.6745557513e+00
1.3920000000e+01   -5.1876234711e+00
1.3940000000e+01   -5.4877243930e+00
1.3960000000e+01   -5.4307025792e+00
1.3980000000e+01   -5.1930110849e+00
1.4000000000e+01   -5.7991677264e+00
1.4020000000e+01   -5.2997080453e+00
1.4040000000e+01   -5.2332042327e+00
1.4060000000e+01   -6.7065816120e+00
1.4080000000e+01   -5.2266277920e+00
1.4100000000e+01   -5.3155189501e+00
1.4120000000e+01   -5.7067518164e+00
1.4140000000e+01   -5.1940069814e+00
1.4160000000e+01   -5.4606488599e+00
1.4180000000e+01   -5.4459334436e+00
1.4200000000e+01   -5.1959003087e+00
1.4220000000e+01   -5.7376954730e+00
1.4240000000e+01   -5.3075992691e+00
1.4260000000e+01   -5.2325700704e+00
1.4280000000e+01   -7.2040098452e+00
1.4300000000e+01   -5.2296543101e+00
1.4320000000e+01   -5.3106893372e+00
1.4340000000e+01   -5.7686783655e+00
1.4360000000e+01   -5.1929262935e+00
1.4380000000e+01   -5.4494840971e+00
1.4400000000e+01   -5.4770699961e+00
1.4420000000e+01   -5.1906793674e+00
1.4440000000e+01   -5.7115357480e+00
1.4460000000e+01   -5.3275106862e+00
1.4480000000e+01   -5.2224735654e+00
1.4500000000e+01   -6.7336960019e+00
1.4520000000e+01   -5.2433077755e+00
1.4540000000e+01   -5.2938303755e+00
1.4560000000e+01   -5.7989509128e+00
1.4580000000e+01   -5.2022581130e+00
1.4600000000e+01   -5.4210055586e+00
1.4620000000e+01   -5.4891527662e+00
1.4640000000e+01   -5.1965554969e+00
1.4660000000e+01   -5.6538403589e+00
1.4680000000e+01   -5.3325078794e+00
1.4700000000e+01   -5.2252148882e+00
1.4720000000e+01   -6.3170868486e+00
1.4740000000e+01   -5.2436278640e+00
1.4760000000e+01   -5.2933083488e+00
1.4780000000e+01   -5.8909061107e+00
1.4800000000e+01   -5.1985386609e+00
1.4820000000e+01   -5.4163561040e+00
1.4840000000e+01   -5.5304346501e+00
1.4860000000e+01   -5.1886548123e+00
1.4880000000e+01   -5.6416539427e+00
1.4900000000e+01   -5.3585904361e+00
1.4920000000e+01   -5.2122956575e+00
1.4940000000e+01   -6.2576001908e+00
1.4960000000e+01   -5.2620362062e+00
1.4980000000e+01   -5.2734023652e+00
1.5000000000e+01   -5.9125026756e+00
1.5020000000e+01   -5.2121001743e+00
1.5040000000e+01   -5.3847252634e+00
1.5060000000e+01   -5.5360736263e+00
1.5080000000e+01   -5.1987299540e+00
1.5100000000e+01   -5.5831143969e+00
1.5120000000e+01   -5.3584858150e+00
1.5140000000e+01   -5.2196396224e+00
1.5160000000e+01   -6.0419455807e+00
1.5180000000e+01   -5.2578810726e+00
1.5200000000e+01   -5.2784836993e+00
1.5220000000e+01   -6.0671880869e+00
1.5240000000e+01   -5.2041540542e+00
1.5260000000e+01   -5.3878918515e+00
1.5280000000e+01   -5.5939077246e+00
1.5300000000e+01   -5.1865951011e+00
1.5320000000e+01   -5.5848072654e+00
1.5340000000e+01   -5.3941675645e+00
1.5360000000e+01   -5.2022534184e+00
1.5380000000e+01   -6.0443737424e+00
1.5400000000e+01   -5.2835405189e+00
1.5420000000e+01   -5.2536397593e+00
1.5440000000e+01   -6.0591316731e+00
1.5460000000e+01   -5.2240659894e+00
1.5480000000e+01   -5.3506505897e+00
1.5500000000e+01   -5.5865932906e+00
1.5520000000e+01   -5.2028592748e+00
1.5540000000e+01   -5.5208982886e+00
1.5560000000e+01   -5.3850394829e+00
1.5580000000e+01   -5.2162127134e+00
1.5600000000e+01   -5.8702763478e+00
1.5620000000e+01   -5.2719179649e+00
1.5640000000e+01   -5.2664851061e+00
1.5660000000e+01   -6.3882468754e+00
1.5680000000e+01   -5.2092888870e+00
1.5700000000e+01   -5.3640206799e+00
1.5720000000e+01   -5.6730402176e+00
1.5740000000e+01   -5.1840030391e+00
1.5760000000e+01   -5.5385629715e+00
1.5780000000e+01   -5.4362150897e+00
1.5800000000e+01   -5.1917917061e+00
1.5820000000e+01   -5.9107122393e+00
1.5840000000e+01   -5.3089701992e+00
1.5860000000e+01   -5.2338390381e+00
1.5880000000e+01   -6.2636222142e+00
1.5900000000e+01   -5.2389984109e+00
1.5920000000e+01   -5.3176490607e+00
1.5940000000e+01   -5.6398218012e+00
1.5960000000e+01   -5.2096462871e+00
1.5980000000e+01   -5.4639656858e+00
1.6000000000e+01   -5.4111699851e+00
1.6020000000e+01   -5.2155635147e+00
1.6040000000e+01   -5.7415758641e+00
1.6060000000e+01   -5.2848868752e+00
1.6080000000e+01   -5.2578757452e+00
1.6100000000e+01   -7.1630504639e+00
1.6120000000e+01   -5.2131771660e+00
1.6140000000e+01   -5.3451056501e+00
1.6160000000e+01   -5.7790140874e+00
1.6180000000e+01   -5.1801379596e+00
1.6200000000e+01   -5.5019574360e+00
1.6220000000e+01   -5.4881369295e+00
1.6240000000e+01   -5.1801355253e+00
1.6260000000e+01   -5.8189701215e+00
1.6280000000e+01   -5.3402265232e+00
1.6300000000e+01   -5.2131028207e+00
1.6320000000e+01   -6.5980400291e+00
1.6340000000e+01   -5.2582742304e+00
1.6360000000e+01   -5.2844832190e+00
1.6380000000e+01   -5.6931681468e+00
1.6400000000e+01   -5.2202429365e+00
1.6420000000e+01   -5.4097095525e+00
1.6440000000e+01   -5.4350176114e+00
1.6460000000e+01   -5.2187484163e+00
1.6480000000e+01   -5.6346850331e+00
1.6500000000e+01   -5.2953731401e+00
1.6520000000e+01   -5.2536764660e+00
1.6540000000e+01   -6.2265049573e+00
1.6560000000e+01   -5.2146215221e+00
1.6580000000e+01   -5.3320988900e+00
1.6600000000e+01   -5.9392057882e+00
1.6620000000e+01   -5.1738948554e+00
1.6640000000e+01   -5.4752919848e+00
1.6660000000e+01   -5.5563082348e+00
1.6680000000e+01   -5.1661834514e+00
1.6700000000e+01   -5.7566514942e+00
1.6720000000e+01   -5.3806235598e+00
1.6740000000e+01   -5.1902376902e+00
1.6760000000e+01   -7.8471113247e+00
1.6780000000e+01   -5.2842270344e+00
1.6800000000e+01   -5.2496879903e+00
1.6820000000e+01   -5.7407288488e+00
1.6840000000e+01   -5.2365833363e+00
1.6860000000e+01   -5.3557207382e+00
1.6880000000e+01   -5.4533562594e+00
1.6900000000e+01   -5.2275516578e+00
1.6920000000e+01   -5.5390207032e+00
1.6940000000e+01   -5.3011211612e+00
1.6960000000e+01   -5.2556680831e+00
1.6980000000e+01   -5.9238232441e+00
1.7000000000e+01   -5.2117996516e+00
1.7020000000e+01   -5.3268687505e+00
1.7040000000e+01   -6.2548062971e+00
1.7060000000e+01   -5.1636521545e+00
1.7080000000e+01   -5.4603704022e+00
1.7100000000e+01   -5.6542186533e+00
1.7120000000e+01   -5.1483791804e+00
1.7140000000e+01   -5.7208536438e+00
1.7160000000e+01   -5.4363675860e+00
1.7180000000e+01   -5.1636402854e+00
1.7200000000e+01   -6.8577830130e+00
1.7220000000e+01   -5.3210197567e+00
1.7240000000e+01   -5.2114569538e+00
1.7260000000e+01   -5.7711886825e+00
1.7280000000e+01   -5.2620440467e+00
1.7300000000e+01   -5.2995376260e+00
1.7320000000e+01   -5.4610386459e+00
1.7340000000e+01   -5.2450726321e+00
1.7360000000e+01   -5.4479221132e+00
1.7380000000e+01   -5.2987324194e+00
1.7400000000e+01   -5.2669867648e+00
1.7420000000e+01   -5.7205474985e+00
1.7440000000e+01   -5.2020551025e+00
1.7460000000e+01   -5.3328848355e+00
1.7480000000e+01   -6.7922135248e+00
1.7500000000e+01   -5.1471110616e+00
1.7520000000e+01   -5.4613648350e+00
1.7540000000e+01   -5.8173139025e+00
1.7560000000e+01   -5.1245830155e+00
1.7580000000e+01   -5.7159243012e+00
1.7600000000e+01   -5.5204723145e+00
1.7620000000e+01   -5.1311948435e+00
1.7640000000e+01   -6.7994745821e+00
1.7660000000e+01   -5.3766937301e+00
1.7680000000e+01   -5.1675605460e+00
1.7700000000e+01   -5.7673496316e+00
1.7720000000e+01   -5.3029103448e+00
1.7740000000e+01   -5.2385177839e+00
1.7760000000e+01   -5.4507994466e+00
1.7780000000e+01   -5.2770025232e+00
1.7800000000e+01   -5.3564572010e+00
1.7820000000e+01   -5.2835029960e+00
1.7840000000e+01   -5.2934267646e+00
1.7860000000e+01   -5.5545141000e+00
1.7880000000e+01   -5.1817665796e+00
1.7900000000e+01   -5.3567854167e+00
1.7920000000e+01   -5.9715547564e+00
1.7940000000e+01   -5.1211944366e+00
1.7960000000e+01   -5.4871610482e+00
1.7980000000e+01   -6.2034294576e+00
1.8000000000e+01   -5.0920006247e+00
1.8020000000e+01   -5.7579762538e+00
1.8040000000e+01   -5.6664698746e+00
1.8060000000e+01   -5.0902355903e+00
1.8080000000e+01   -7.5350907129e+00
1.8100000000e+01   -5.4690495537e+00
1.8120000000e+01   -5.1153461859e+00
1.8140000000e+01   -5.7119386844e+00
1.8160000000e+01   -5.3722372952e+00
1.8180000000e+01   -5.1698434899e+00
1.8200000000e+01   -5.4142248070e+00
1.8220000000e+01   -5.3348794562e+00
1.8240000000e+01   -5.2606270004e+00
1.8260000000e+01   -5.2497298727e+00
1.8280000000e+01   -5.3467856409e+00
1.8300000000e+01   -5.4038948719e+00
1.8320000000e+01   -5.1464846630e+00
1.8340000000e+01   -5.4126159046e+00
1.8360000000e+01   -5.6451258242e+00
1.8380000000e+01   -5.0821368734e+00
1.8400000000e+01   -5.5586384806e+00
1.8420000000e+01   -6.2357543110e+00
1.8440000000e+01   -5.0472727827e+00
1.8460000000e+01   -5.8998368269e+00
1.8480000000e+01   -6.0160439773e+00
1.8500000000e+01   -5.0376610085e+00
1.8520000000e+01   -6.2665599695e+00
1.8540000000e+01   -5.6496658546e+00
1.8560000000e+01   -5.0518913510e+00
1.8580000000e+01   -5.5994849470e+00
1.8600000000e+01   -5.5033071218e+00
1.8620000000e+01   -5.0906937549e+00
1.8640000000e+01   -5.3444712744e+00
1.8660000000e+01   -5.4468146250e+00
1.8680000000e+01   -5.1571641490e+00
1.8700000000e+01   -5.1918399639e+00
1.8720000000e+01   -5.4559999615e+00
1.8740000000e+01   -5.2581097824e+00
1.8760000000e+01   -5.0915668114e+00
1.8780000000e+01   -5.5371651981e+00
1.8800000000e+01   -5.4081752844e+00
1.8820000000e+01   -5.0259303243e+00
1.8840000000e+01   -5.7417141165e+00
1.8860000000e+01   -5.6450291620e+00
1.8880000000e+01   -4.9868489229e+00
1.8900000000e+01   -6.5331501071e+00
1.8920000000e+01   -6.1339146110e+00
1.8940000000e+01   -4.9702901005e+00
1.8960000000e+01   -5.8071372696e+00
1.8980000000e+01   -6.2617397863e+00
1.9000000000e+01   -4.9743646535e+00
1.9020000000e+01   -5.4410164269e+00
1.9040000000e+01   -5.8346262871e+00
1.9060000000e+01   -4.9985864887e+00
1.9080000000e+01   -5.2395814366e+00
1.9100000000e+01   -5.7162944810e+00
1.9120000000e+01   -5.0436191106e+00
1.9140000000e+01   -5.1062246063e+00
1.9160000000e+01   -5.7295882562e+00
1.9180000000e+01   -5.1112999915e+00
1.9200000000e+01   -5.0133512626e+00
1.9220000000e+01   -5.8965753376e+00
1.9240000000e+01   -5.2048951725e+00
1.9260000000e+01   -4.9491815366e+00
1.9280000000e+01   -6.8078977050e+00
1.9300000000e+01   -5.3295902952e+00
1.9320000000e+01   -4.9076829038e+00
1.9340000000e+01   -5.8479969594e+00
1.9360000000e+01   -5.4930792666e+00
1.9380000000e+01   -4.8854679325e+00
1.9400000000e+01   -5.4730814606e+00
1.9420000000e+01   -5.7047871807e+00
1.9440000000e+01   -4.8805615654e+00
1.9460000000e+01   -5.2547000694e+00
1.9480000000e+01   -5.9632796185e+00
1.9500000000e+01   -4.8918109688e+00
1.9520000000e+01   -5.1035579593e+00
1.9540000000e+01   -6.1814548414e+00
1.9560000000e+01   -4.9185330192e+00
1.9580000000e+01   -4.9927736047e+00
1.9600000000e+01   -6.1233640768e+00
1.9620000000e+01   -4.9602111920e+00
1.9640000000e+01   -4.9104235572e+00
1.9660000000e+01   -5.8532710882e+00
1.9680000000e+01   -5.0160914674e+00
1.9700000000e+01   -4.8501272542e+00
1.9720000000e+01   -5.5855092312e+00
1.9740000000e+01   -5.0844779326e+00
1.9760000000e+01   -4.8080624191e+00
1.9780000000e+01   -5.3675573658e+00
1.9800000000e+01   -5.1614384196e+00
1.9820000000e+01   -4.7817465638e+00
1.9840000000e+01   -5.1940894932e+00
1.9860000000e+01   -5.2387038246e+00
1.9880000000e+01   -4.7694377908e+00
1.9900000000e+01   -5.0554117186e+00
1.9920000000e+01   -5.3015521051e+00
1.9940000000e+01   -4.7697785703e+00
1.9960000000e+01   -4.9440872195e+00
1.9980000000e+01   -5.3304109836e+00
2.0000000000e+01   -4.7815263594e+00
2.0020000000e+01   -4.8548977182e+00
2.0040000000e+01   -5.3109136802e+00
2.0060000000e+01   -4.8032873061e+00
2.0080000000e+01   -4.7841711683e+00
2.0100000000e+01   -5.2456859258e+00
2.0120000000e+01   -4.8331969710e+00
2.0140000000e+01   -4.7292549858e+00
2.0160000000e+01   -5.1517788626e+00
2.0180000000e+01   -4.8685186253e+00
2.0200000000e+01   -4.6881594308e+00
2.0220000000e+01   -5.0476308843e+00
2.0240000000e+01   -4.9051994706e+00
2.0260000000e+01   -4.6593129010e+00
2.0280000000e+01   -4.9455764017e+00
2.0300000000e+01   -4.9375936185e+00
2.0320000000e+01   -4.6413805347e+00
2.0340000000e+01   -4.8519076233e+00
2.0360000000e+01   -4.9588189351e+00
2.0380000000e+01   -4.6331127773e+00
2.0400000000e+01   -4.7691760829e+00
2.0420000000e+01   -4.9622692231e+00
2.0440000000e+01   -4.6332015366e+00
2.0460000000e+01   -4.6980221086e+00
2.0480000000e+01   -4.9440626548e+00
2.0500000000e+01   -4.6401307072e+00
2.0520000000e+01   -4.6382048746e+00
2.0540000000e+01   -4.9048594422e+00
2.0560000000e+01   -4.6520202706e+00
2.0580000000e+01   -4.5891065550e+00
2.0600000000e+01   -4.8494255551e+00
2.0620000000e+01   -4.6664853050e+00
2.0640000000e+01   -4.5499555346e+00
2.0660000000e+01   -4.7843500702e+00
2.0680000000e+01   -4.6805676008e+00
2.0700000000e+01   -4.5199085406e+00
2.0720000000e+01   -4.7157919315e+00
2.0740000000e+01   -4.6908396674e+00
2.0760000000e+01   -4.4980616421e+00
2.0780000000e+01   -4.6483818768e+00
2.0800000000e+01   -4.6937885771e+00
2.0820000000e+01   -4.4834237599e+00
2.0840000000e+01   -4.5851263986e+00
2.0860000000e+01   -4.6864909293e+00
2.0880000000e+01   -4.4748699608e+00
2.0900000000e+01   -4.5277490027e+00
2.0920000000e+01   -4.6673721780e+00
2.0940000000e+01   -4.4710868055e+00
2.0960000000e+01   -4.4770875846e+00
2.0980000000e+01   -4.6366603328e+00
2.1000000000e+01   -4.4705243462e+00
2.1020000000e+01   -4.4334047005e+00
2.1040000000e+01   -4.5962461973e+00
2.1060000000e+01   -4.4713766553e+00
2.1080000000e+01   -4.3965921267e+00
2.1100000000e+01   -4.5490371153e+00
2.1120000000e+01   -4.4716211036e+00
2.1140000000e+01   -4.3662914186e+00
2.1160000000e+01   -4.4981793121e+00
2.1180000000e+01   -4.4691475700e+00
2.1200000000e+01   -4.3419567811e+00
2.1220000000e+01   -4.4464814707e+00
2.1240000000e+01   -4.4619898980e+00
2.1260000000e+01   -4.3228814712e+00
2.1280000000e+01   -4.3961423694e+00
2.1300000000e+01   -4.4486261874e+00
2.1320000000e+01   -4.3082038148e+00
2.1340000000e+01   -4.3487122069e+00
2.1360000000e+01   -4.4282579548e+00
2.1380000000e+01   -4.2969062198e+00
2.1400000000e+01   -4.3051733190e+00
2.1420000000e+01   -4.4009542359e+00
2.1440000000e+01   -4.2878201562e+00
2.1460000000e+01   -4.2660552594e+00
2.1480000000e+01   -4.3675918947e+00
2.1500000000e+01   -4.2796506189e+00
2.1520000000e+01   -4.2315405468e+00
2.1540000000e+01   -4.3296181663e+00
2.1560000000e+01   -4.2710326973e+00
2.1580000000e+01   -4.2015460174e+00
2.1600000000e+01   -4.2887367519e+00
2.1620000000e+01   -4.2606274377e+00
2.1640000000e+01   -4.1757793473e+00
2.1660000000e+01   -4.2466256184e+00
2.1680000000e+01   -4.2472519555e+00
2.1700000000e+01   -4.1537762488e+00
2.1720000000e+01   -4.2047472967e+00
2.1740000000e+01   -4.2300214040e+00
2.1760000000e+01   -4.1349257284e+00
2.1780000000e+01   -4.1642577637e+00
2.1800000000e+01   -4.2084657410e+00
2.1820000000e+01   -4.1184911810e+00
2.1840000000e+01   -4.1259884901e+00
2.1860000000e+01   -4.1825833022e+00
2.1880000000e+01   -4.1036349242e+00
2.1900000000e+01   -4.0904698016e+00
2.1920000000e+01   -4.1528112978e+00
2.1940000000e+01   -4.0894529316e+00
2.1960000000e+01   -4.0579707411e+00
2.1980000000e+01   -4.1199227504e+00
2.2000000000e+01   -4.0750243642e+00
2.2020000000e+01   -4.0285407290e+00
2.2040000000e+01   -4.0848833183e+00
2.2060000000e+01   -4.0594763725e+00
2.2080000000e+01   -4.0020465123e+00
2.2100000000e+01   -4.0487076495e+00
2.2120000000e+01   -4.0420586382e+00
2.2140000000e+01   -3.9782031633e+00
2.2160000000e+01   -4.0123442518e+00
2.2180000000e+01   -4.0222157845e+00
2.2200000000e+01   -3.9566008005e+00
2.2220000000e+01   -3.9766005536e+00
2.2240000000e+01   -3.9996419959e+00
2.2260000000e+01   -3.9367300520e+00
2.2280000000e+01   -3.9421056246e+00
2.2300000000e+01   -3.9743037784e+00
2.2320000000e+01   -3.9180095744e+00
2.2340000000e+01   -3.9093009112e+00
2.2360000000e+01   -3.9464243087e+00
2.2380000000e+01   -3.8998183506e+00
2.2400000000e+01   -3.8784482960e+00
2.2420000000e+01   -3.9164333859e+00
2.2440000000e+01   -3.8815340252e+00
2.2460000000e+01   -3.8496469979e+00
2.2480000000e+01   -3.8848957957e+00
2.2500000000e+01   -3.8625762681e+00
2.2520000000e+01   -3.8228539550e+00
2.2540000000e+01   -3.8524342663e+00
2.2560000000e+01   -3.8424514612e+00
2.2580000000e+01   -3.7979050875e+00
2.2600000000e+01   -3.8196607997e+00
2.2620000000e+01   -3.8207926964e+00
2.2640000000e+01   -3.7745367941e+00
2.2660000000e+01   -3.7871244475e+00
2.2680000000e+01   -3.7973881722e+00
2.2700000000e+01   -3.7524081626e+00
2.2720000000e+01   -3.7552776679e+00
2.2740000000e+01   -3.7721923307e+00
2.2760000000e+01   -3.7311247777e+00
2.2780000000e+01   -3.7244592599e+00
2.2800000000e+01   -3.7453173812e+00
2.2820000000e+01   -3.7102647928e+00
2.2840000000e+01   -3.6948899840e+00
2.2860000000e+01   -3.7170071142e+00
2.2880000000e+01   -3.6894072001e+00
2.2900000000e+01   -3.6666768472e+00
2.2920000000e+01   -3.6875985243e+00
2.2940000000e+01   -3.6681611633e+00
2.2960000000e+01   -3.6398228333e+00
2.2980000000e+01   -3.6574784935e+00
2.3000000000e+01   -3.6461941402e+00
2.3020000000e+01   -3.6142399535e+00
2.3040000000e+01   -3.6270423585e+00
2.3060000000e+01   -3.6232557052e+00
2.3080000000e+01   -3.5897644570e+00
2.3100000000e+01   -3.5966592209e+00
2.3120000000e+01   -3.5991938568e+00
2.3140000000e+01   -3.5661737072e+00
2.3160000000e+01   -3.5666463872e+00
2.3180000000e+01   -3.5739613719e+00
2.3200000000e+01   -3.5432045304e+00
2.3220000000e+01   -3.5372532057e+00
2.3240000000e+01   -3.5476113146e+00
2.3260000000e+01   -3.5205728151e+00
2.3280000000e+01   -3.5086532098e+00
2.3300000000e+01   -3.5202826907e+00
2.3320000000e+01   -3.4979938388e+00
2.3340000000e+01   -3.4809429075e+00
2.3360000000e+01   -3.4921788685e+00
2.3380000000e+01   -3.4752023532e+00
2.3400000000e+01   -3.4541455490e+00
2.3420000000e+01   -3.4635422909e+00
2.3440000000e+01   -3.4519710177e+00
2.3460000000e+01   -3.4282184994e+00
2.3480000000e+01   -3.4346290283e+00
2.3500000000e+01   -3.4281255150e+00
2.3520000000e+01   -3.4030632106e+00
2.3540000000e+01   -3.4056860349e+00
2.3560000000e+01   -3.4035547613e+00
2.3580000000e+01   -3.3785370970e+00
2.3600000000e+01   -3.3769329166e+00
2.3620000000e+01   -3.3782150803e+00
2.3640000000e+01   -3.3544667835e+00
2.3660000000e+01   -3.3485489690e+00
2.3680000000e+01   -3.3521279940e+00
2.3700000000e+01   -3.3306622218e+00
2.3720000000e+01   -3.3206654211e+00
2.3740000000e+01   -3.3253721790e+00
2.3760000000e+01   -3.3069310636e+00
2.3780000000e+01   -3.2933623232e+00
2.3800000000e+01   -3.2980709362e+00
2.3820000000e+01   -3.2830925250e+00
2.3840000000e+01   -3.2666693009e+00
2.3860000000e+01   -3.2703770091e+00
2.3880000000e+01   -3.2589898265e+00
2.3900000000e+01   -3.2405693866e+00
2.3920000000e+01   -3.2424566926e+00
2.3940000000e+01   -3.2345002516e+00
2.3960000000e+01   -3.2150052180e+00
2.3980000000e+01   -3.2144749331e+00
2.4000000000e+01   -3.2095419762e+00
2.4020000000e+01   -3.1898869974e+00
2.4040000000e+01   -3.1865826647e+00
2.4060000000e+01   -3.1840771035e+00
2.4080000000e+01   -3.1651016720e+00
2.4100000000e+01   -3.1589071016e+00
2.4120000000e+01   -3.1581107580e+00
2.4140000000e+01   -3.1405228162e+00
2.4160000000e+01   -3.1315452379e+00
2.4180000000e+01   -3.1316865567e+00
2.4200000000e+01   -3.1160206697e+00
2.4220000000e+01   -3.1045604534e+00
2.4240000000e+01   -3.1048791926e+00
2.4260000000e+01   -3.0914717428e+00
2.4280000000e+01   -3.0779819116e+00
2.4300000000e+01   -3.0777851427e+00
2.4320000000e+01   -3.0667673702e+00
2.4340000000e+01   -3.0518063268e+00
2.4360000000e+01   -3.0505126089e+00
2.4380000000e+01   -3.0418206236e+00
2.4400000000e+01   -3.0260016505e+00
2.4420000000e+01   -3.0231717253e+00
2.4440000000e+01   -3.0165710901e+00
2.4460000000e+01   -3.0005122265e+00
2.4480000000e+01   -2.9958658619e+00
2.4500000000e+01   -2.9909872062e+00
2.4520000000e+01   -2.9752649764e+00
2.4540000000e+01   -2.9686845896e+00
2.4560000000e+01   -2.9650660746e+00
2.4580000000e+01   -2.9501761833e+00
2.4600000000e+01   -2.9416986077e+00
2.4620000000e+01   -2.9388309495e+00
2.4640000000e+01   -2.9251584337e+00
2.4660000000e+01   -2.9149567054e+00
2.4680000000e+01   -2.9123268097e+00
2.4700000000e+01   -2.9001272770e+00
2.4720000000e+01   -2.8884846628e+00
2.4740000000e+01   -2.8856146009e+00
2.4760000000e+01   -2.8750071724e+00
2.4780000000e+01   -2.8622858831e+00
2.4800000000e+01   -2.8587648053e+00
2.4820000000e+01   -2.8497363354e+00
2.4840000000e+01   -2.8363434870e+00
2.4860000000e+01   -2.8318509788e+00
2.4880000000e+01   -2.8242701749e+00
2.4900000000e+01   -2.8106235623e+00
2.4920000000e+01   -2.8049438057e+00
2.4940000000e+01   -2.7985831311e+00
2.4960000000e+01   -2.7850792488e+00
2.4980000000e+01   -2.7781060861e+00
2.5000000000e+01   -2.7726688670e+00
2.5020000000e+01   -2.7596553274e+00
2.5040000000e+01   -2.7513889190e+00
2.5060000000e+01   -2.7465389226e+00
2.5080000000e+01   -2.7342929845e+00
2.5100000000e+01   -2.7248292028e+00
2.5120000000e+01   -2.7202200728e+00
2.5140000000e+01   -2.7089344254e+00
2.5160000000e+01   -2.6984484536e+00
2.5180000000e+01   -2.6937507372e+00
2.5200000000e+01   -2.6835270338e+00
2.5220000000e+01   -2.6722528535e+00
2.5240000000e+01   -2.6671768423e+00
2.5260000000e+01   -2.6580268098e+00
2.5280000000e+01   -2.6462343714e+00
2.5300000000e+01   -2.6405475397e+00
2.5320000000e+01   -2.6324008806e+00
2.5340000000e+01   -2.6203727623e+00
2.5360000000e+01   -2.6139111475e+00
2.5380000000e+01   -2.6066289559e+00
2.5400000000e+01   -2.5946382210e+00
2.5420000000e+01   -2.5873116082e+00
2.5440000000e+01   -2.5807036907e+00
2.5460000000e+01   -2.5689944539e+00
2.5480000000e+01   -2.5607856748e+00
2.5500000000e+01   -2.5546300141e+00
2.5520000000e+01   -2.5434019286e+00
2.5540000000e+01   -2.5343609413e+00
2.5560000000e+01   -2.5284235684e+00
2.5580000000e+01   -2.5178210653e+00
2.5600000000e+01   -2.5080547609e+00
2.5620000000e+01   -2.5021084669e+00
2.5640000000e+01   -2.4922151554e+00
2.5660000000e+01   -2.4818740186e+00
2.5680000000e+01   -2.4757146205e+00
2.5700000000e+01   -2.4665528172e+00
2.5720000000e+01   -2.4558156780e+00
2.5740000000e+01   -2.4492748935e+00
2.5760000000e+01   -2.4408098444e+00
2.5780000000e+01   -2.4298679779e+00
2.5800000000e+01   -2.4228223315e+00
2.5820000000e+01   -2.4149703555e+00
2.5840000000e+01   -2.4040121327e+00
2.5860000000e+01   -2.3963876699e+00
2.5880000000e+01   -2.3890272115e+00
2.5900000000e+01   -2.3782243700e+00
2.5920000000e+01   -2.3699972806e+00
2.5940000000e+01   -2.3629817300e+00
2.5960000000e+01   -2.3524781356e+00
2.5980000000e+01   -2.3436716603e+00
2.6000000000e+01   -2.3368427807e+00
2.6020000000e+01   -2.3267462997e+00
2.6040000000e+01   -2.3174245080e+00
2.6060000000e+01   -2.3106253898e+00
2.6080000000e+01   -2.3010032070e+00
2.6100000000e+01   -2.2912623932e+00
2.6120000000e+01   -2.2843490110e+00
2.6140000000e+01   -2.2752264382e+00
2.6160000000e+01   -2.2651849731e+00
2.6180000000e+01   -2.2580356318e+00
2.6200000000e+01   -2.2493981768e+00
2.6220000000e+01   -2.2391856856e+00
2.6240000000e+01   -2.2317078789e+00
2.6260000000e+01   -2.2235061115e+00
2.6280000000e+01   -2.2132528223e+00
2.6300000000e+01   -2.2053872680e+00
2.6320000000e+01   -2.1975438470e+00
2.6340000000e+01   -2.1873708698e+00
2.6360000000e+01   -2.1790927150e+00
2.6380000000e+01   -2.1715108314e+00
2.6400000000e+01   -2.1615220001e+00
2.6420000000e+01   -2.1528393910e+00
2.6440000000e+01   -2.1454118505e+00
2.6460000000e+01   -2.1356875932e+00
2.6480000000e+01   -2.1266379678e+00
2.6500000000e+01   -2.1192561662e+00
2.6520000000e+01   -2.1098496799e+00
2.6540000000e+01   -2.1004942675e+00
2.6560000000e+01   -2.0930563997e+00
2.6580000000e+01   -2.0839922079e+00
2.6600000000e+01   -2.0744092992e+00
2.6620000000e+01   -2.0668272694e+00
2.6640000000e+01   -2.0581020551e+00
2.6660000000e+01   -2.0483796406e+00
2.6680000000e+01   -2.0405842948e+00
2.6700000000e+01   -2.0321697347e+00
2.6720000000e+01   -2.0223981034e+00
2.6740000000e+01   -2.0143425667e+00
2.6760000000e+01   -2.0061897686e+00
2.6780000000e+01   -1.9964546090e+00
2.6800000000e+01   -1.9881156707e+00
2.6820000000e+01   -1.9801607277e+00
2.6840000000e+01   -1.9705371924e+00
2.6860000000e+01   -1.9619148267e+00
2.6880000000e+01   -1.9540849664e+00
2.6900000000e+01   -1.9446330521e+00
2.6920000000e+01   -1.9357482856e+00
2.6940000000e+01   -1.9279680988e+00
2.6960000000e+01   -1.9187295660e+00
2.6980000000e+01   -1.9096210020e+00
2.7000000000e+01   -1.9018182805e+00
2.7020000000e+01   -1.8928152050e+00
2.7040000000e+01   -1.8835345772e+00
2.7060000000e+01   -1.8756453674e+00
2.7080000000e+01   -1.8668802841e+00
2.7100000000e+01   -1.8574874518e+00
2.7120000000e+01   -1.8494600279e+00
2.7140000000e+01   -1.8409175123e+00
2.7160000000e+01   -1.8314753089e+00
2.7180000000e+01   -1.8232728786e+00
2.7200000000e+01   -1.8149223176e+00
2.7220000000e+01   -1.8054916401e+00
2.7240000000e+01   -1.7970937053e+00
2.7260000000e+01   -1.7888929410e+00
2.7280000000e+01   -1.7795284191e+00
2.7300000000e+01   -1.7709308189e+00
2.7320000000e+01   -1.7628303148e+00
2.7340000000e+01   -1.7535768249e+00
2.7360000000e+01   -1.7447905797e+00
2.7380000000e+01   -1.7367377524e+00
2.7400000000e+01   -1.7276279587e+00
2.7420000000e+01   -1.7186771081e+00
2.7440000000e+01   -1.7106204895e+00
2.7460000000e+01   -1.7016735036e+00
2.7480000000e+01   -1.6925921856e+00
2.7500000000e+01   -1.6844851251e+00
2.7520000000e+01   -1.6757062844e+00
2.7540000000e+01   -1.6665353340e+00
2.7560000000e+01   -1.6583390131e+00
2.7580000000e+01   -1.6497206946e+00
2.7600000000e+01   -1.6405040509e+00
2.7620000000e+01   -1.6321896529e+00
2.7640000000e+01   -1.6237129718e+00
2.7660000000e+01   -1.6144941710e+00
2.7680000000e+01   -1.6060441259e+00
2.7700000000e+01   -1.5976813140e+00
2.7720000000e+01   -1.5885003155e+00
2.7740000000e+01   -1.5799086133e+00
2.7760000000e+01   -1.5716258415e+00
2.7780000000e+01   -1.5625163899e+00
2.7800000000e+01   -1.5537880228e+00
2.7820000000e+01   -1.5455484213e+00
2.7840000000e+01   -1.5365360905e+00
2.7860000000e+01   -1.5276857423e+00
2.7880000000e+01   -1.5194523786e+00
2.7900000000e+01   -1.5105533828e+00
2.7920000000e+01   -1.5016035244e+00
2.7940000000e+01   -1.4933421266e+00
2.7960000000e+01   -1.4845629190e+00
2.7980000000e+01   -1.4755415009e+00
2.8000000000e+01   -1.4672227497e+00
2.8020000000e+01   -1.4585603707e+00
2.8040000000e+01   -1.4494983112e+00
2.8060000000e+01   -1.4410995739e+00
2.8080000000e+01   -1.4325426591e+00
2.8100000000e+01   -1.4234713285e+00
2.8120000000e+01   -1.4149777566e+00
2.8140000000e+01   -1.4065080751e+00
2.8160000000e+01   -1.3974569570e+00
2.8180000000e+01   -1.3888619261e+00
2.8200000000e+01   -1.3804562893e+00
2.8220000000e+01   -1.3714509737e+00
2.8240000000e+01   -1.3627558887e+00
2.8260000000e+01   -1.3543882616e+00
2.8280000000e+01   -1.3454488871e+00
2.8300000000e+01   -1.3366624218e+00
2.8320000000e+01   -1.3283060635e+00
2.8340000000e+01   -1.3194462846e+00
2.8360000000e+01   -1.3105831580e+00
2.8380000000e+01   -1.3022126366e+00
2.8400000000e+01   -1.2934391462e+00
2.8420000000e+01   -1.2845185613e+00
2.8440000000e+01   -1.2761115064e+00
2.8460000000e+01   -1.2674241041e+00
2.8480000000e+01   -1.2584679893e+00
2.8500000000e+01   -1.2500064795e+00
2.8520000000e+01   -1.2413986338e+00
2.8540000000e+01   -1.2324298288e+00
2.8560000000e+01   -1.2239013452e+00
2.8580000000e+01   -1.2153611695e+00
2.8600000000e+01   -1.2064016900e+00
2.8620000000e+01   -1.1977996029e+00
2.8640000000e+01   -1.1893111414e+00
2.8660000000e+01   -1.1803806398e+00
2.8680000000e+01   -1.1717042332e+00
2.8700000000e+01   -1.1632489378e+00
2.8720000000e+01   -1.1543634557e+00
2.8740000000e+01   -1.1456175247e+00
2.8760000000e+01   -1.1371758024e+00
2.8780000000e+01   -1.1283468793e+00
2.8800000000e+01   -1.1195409640e+00
2.8820000000e+01   -1.1110936784e+00
2.8840000000e+01   -1.1023278526e+00
2.8860000000e+01   -1.0934751915e+00
2.8880000000e+01   -1.0850050143e+00
2.8900000000e+01   -1.0763037221e+00
2.8920000000e+01   -1.0674200206e+00
2.8940000000e+01   -1.0589125507e+00
2.8960000000e+01   -1.0502723978e+00
2.8980000000e+01   -1.0413745135e+00
2.9000000000e+01   -1.0328191021e+00
2.9020000000e+01   -1.0242324600e+00
2.9040000000e+01   -1.0153371044e+00
2.9060000000e+01   -1.0067273503e+00
2.9080000000e+01   -9.9818321094e-01
2.9100000000e+01   -9.8930575676e-01
2.9120000000e+01   -9.8063966491e-01
2.9140000000e+01   -9.7212467165e-01
2.9160000000e+01   -9.6327814208e-01
2.9180000000e+01   -9.5455795734e-01
2.9200000000e+01   -9.4605752809e-01
2.9220000000e+01   -9.3725182509e-01
2.9240000000e+01   -9.2848357981e-01
2.9260000000e+01   -9.1998303507e-01
2.9280000000e+01   -9.1122444304e-01
2.9300000000e+01   -9.0241726988e-01
2.9320000000e+01   -8.9390288752e-01
2.9340000000e+01   -8.8519386649e-01
2.9360000000e+01   -8.7635914209e-01
2.9380000000e+01   -8.6781907077e-01
2.9400000000e+01   -8.5915833232e-01
2.9420000000e+01   -8.5030872303e-01
2.9440000000e+01   -8.4173370169e-01
2.9460000000e+01   -8.3311654178e-01
2.9480000000e+01   -8.2426502437e-01
2.9500000000e+01   -8.1564887246e-01
2.9520000000e+01   -8.0706771959e-01
2.9540000000e+01   -7.9822664574e-01
2.9560000000e+01   -7.8956650735e-01
2.9580000000e+01   -7.8101163296e-01
2.9600000000e+01   -7.7219189840e-01
2.9620000000e+01   -7.6348824123e-01
2.9640000000e+01   -7.5494857229e-01
2.9660000000e+01   -7.4615893967e-01
2.9680000000e+01   -7.3741532636e-01
2.9700000000e+01   -7.2887929775e-01
2.9720000000e+01   -7.2012590846e-01
2.9740000000e+01   -7.1134857148e-01
2.9760000000e+01   -7.0280495787e-01
2.9780000000e+01   -6.9409105263e-01
2.9800000000e+01   -6.8528831479e-01
2.9820000000e+01   -6.7672698786e-01
2.9840000000e+01   -6.6805284039e-01
2.9860000000e+01   -6.5923443005e-01
2.9880000000e+01   -6.5064699582e-01
2.9900000000e+01   -6.4201004955e-01
2.9920000000e+01   -6.3318636284e-01
2.9940000000e+01   -6.2456664545e-01
2.9960000000e+01   -6.1596183033e-01
2.9980000000e+01   -6.0714319229e-01
3.0000000000e+01   -5.9848754311e-01
3.0020000000e+01   -5.8990773968e-01
3.0040000000e+01   -5.8110371239e-01
3.0060000000e+01   -5.7241113643e-01
3.0080000000e+01   -5.6384774689e-01
3.0100000000e+01   -5.5506652612e-01
3.0120000000e+01   -5.4633863005e-01
3.0140000000e+01   -5.3778221244e-01
3.0160000000e+01   -5.2903014526e-01
3.0180000000e+01   -5.2027092263e-01
3.0200000000e+01   -5.1171184341e-01
3.0220000000e+01   -5.0299308913e-01
3.0240000000e+01   -4.9420856759e-01
3.0260000000e+01   -4.8563763024e-01
3.0280000000e+01   -4.7695397591e-01
3.0300000000e+01   -4.6815175806e-01
3.0320000000e+01   -4.5956077035e-01
3.0340000000e+01   -4.5091160129e-01
3.0360000000e+01   -4.4210033530e-01
3.0380000000e+01   -4.3348258470e-01
3.0400000000e+01   -4.2486500025e-01
3.0420000000e+01   -4.1605381803e-01
3.0440000000e+01   -4.0740443318e-01
3.0460000000e+01   -3.9881348931e-01
3.0480000000e+01   -3.9001144921e-01
3.0500000000e+01   -3.8132763461e-01
3.0520000000e+01   -3.7275668784e-01
3.0540000000e+01   -3.6397225586e-01
3.0560000000e+01   -3.5525339643e-01
3.0580000000e+01   -3.4669451829e-01
3.0600000000e+01   -3.3793511714e-01
3.0620000000e+01   -3.2918275821e-01
3.0640000000e+01   -3.2062718662e-01
3.0660000000e+01   -3.1189883539e-01
3.0680000000e+01   -3.0311655262e-01
3.0700000000e+01   -2.9455514456e-01
3.0720000000e+01   -2.8586220531e-01
3.0740000000e+01   -2.7705538652e-01
3.0760000000e+01   -2.6847903596e-01
3.0780000000e+01   -2.5982407640e-01
3.0800000000e+01   -2.5099964513e-01
3.0820000000e+01   -2.4239962886e-01
3.0840000000e+01   -2.3378340411e-01
3.0860000000e+01   -2.2494952288e-01
3.0880000000e+01   -2.1631773312e-01
3.0900000000e+01   -2.0773928542e-01
3.0920000000e+01   -1.9890508863e-01
3.0940000000e+01   -1.9023409819e-01
3.0960000000e+01   -1.8169097371e-01
3.0980000000e+01   -1.7286640271e-01
3.1000000000e+01   -1.6414927406e-01
3.1020000000e+01   -1.5563786577e-01
3.1040000000e+01   -1.4683372961e-01
3.1060000000e+01   -1.3806338507e-01
3.1080000000e+01   -1.2957944784e-01
3.1100000000e+01   -1.2080796585e-01
3.1120000000e+01   -1.1197566583e-01
3.1140000000e+01   -1.0351517666e-01
3.1160000000e+01   -9.4791650367e-02
3.1180000000e+01   -8.5883235071e-02
3.1200000000e+01   -7.7444273673e-02
3.1220000000e+01   -6.8791914445e-02
3.1240000000e+01   -5.9776786763e-02
3.1260000000e+01   -5.1365798272e-02
3.1280000000e+01   -4.2832024574e-02
3.1300000000e+01   -3.3617756594e-02
3.1320000000e+01   -2.5288341653e-02
3.1340000000e+01   -1.7023159547e-02
3.1360000000e+01   -7.0505673497e-03
3.1380000000e+01   -2.7741453975e-04
3.1400000000e+01   -3.0874429494e-03
3.1420000000e+01   -1.2628708954e-02
3.1440000000e+01   -2.1741324847e-02
3.1460000000e+01   -2.9694030626e-02
3.1480000000e+01   -3.8680648806e-02
3.1500000000e+01   -4.7626189680e-02
3.1520000000e+01   -5.5899264230e-02
3.1540000000e+01   -6.4703278092e-02
3.1560000000e+01   -7.3625573216e-02
3.1580000000e+01   -8.2030680128e-02
3.1600000000e+01   -9.0737923763e-02
3.1620000000e+01   -9.9647859437e-02
3.1640000000e+01   -1.0813746483e-01
3.1660000000e+01   -1.1678142742e-01
3.1680000000e+01   -1.2567669886e-01
3.1700000000e+01   -1.3423240388e-01
3.1720000000e+01   -1.4283190984e-01
3.1740000000e+01   -1.5170747976e-01
3.1760000000e+01   -1.6031977989e-01
3.1780000000e+01   -1.6888843475e-01
3.1800000000e+01   -1.7773882344e-01
3.1820000000e+01   -1.8640110799e-01
3.1840000000e+01   -1.9495040265e-01
3.1860000000e+01   -2.0377058232e-01
3.1880000000e+01   -2.1247684574e-01
3.1900000000e+01   -2.2101726140e-01
3.1920000000e+01   -2.2980318213e-01
3.1940000000e+01   -2.3854704796e-01
3.1960000000e+01   -2.4708837295e-01
3.1980000000e+01   -2.5583733844e-01
3.2000000000e+01   -2.6461167042e-01
3.2020000000e+01   -2.7316295695e-01
3.2040000000e+01   -2.8187389835e-01
3.2060000000e+01   -2.9067073235e-01
3.2080000000e+01   -2.9924007776e-01
3.2100000000e+01   -3.0791373014e-01
3.2120000000e+01   -3.1672441044e-01
3.2140000000e+01   -3.2531866051e-01
3.2160000000e+01   -3.3395763454e-01
3.2180000000e+01   -3.4277309201e-01
3.2200000000e+01   -3.5139752806e-01
3.2220000000e+01   -3.6000626923e-01
3.2240000000e+01   -3.6881739854e-01
3.2260000000e+01   -3.7747545388e-01
3.2280000000e+01   -3.8606008504e-01
3.2300000000e+01   -3.9485818445e-01
3.2320000000e+01   -4.0355122614e-01
3.2340000000e+01   -4.1211927524e-01
3.2360000000e+01   -4.2089651397e-01
3.2380000000e+01   -4.2962371834e-01
3.2400000000e+01   -4.3818374040e-01
3.2420000000e+01   -4.4693361821e-01
3.2440000000e+01   -4.5569196153e-01
3.2460000000e+01   -4.6425307126e-01
3.2480000000e+01   -4.7297083544e-01
3.2500000000e+01   -4.8175521295e-01
3.2520000000e+01   -4.9032655165e-01
3.2540000000e+01   -4.9900953782e-01
3.2560000000e+01   -5.0781301577e-01
3.2580000000e+01   -5.1640318260e-01
3.2600000000e+01   -5.2505104923e-01
3.2620000000e+01   -5.3386524502e-01
3.2640000000e+01   -5.4248172750e-01
3.2660000000e+01   -5.5109655915e-01
3.2680000000e+01   -5.5991213512e-01
3.2700000000e+01   -5.6856077682e-01
3.2720000000e+01   -5.7714703861e-01
3.2740000000e+01   -5.8595428575e-01
3.2760000000e+01   -5.9463882967e-01
3.2780000000e+01   -6.0320316398e-01
3.2800000000e+01   -6.1199264357e-01
3.2820000000e+01   -6.2071438776e-01
3.2840000000e+01   -6.2926525486e-01
3.2860000000e+01   -6.3802845917e-01
3.2880000000e+01   -6.4678605628e-01
3.2900000000e+01   -6.5533323144e-01
3.2920000000e+01   -6.6406322014e-01
3.2940000000e+01   -6.7285264532e-01
3.2960000000e+01   -6.8140659591e-01
3.2980000000e+01   -6.9009856305e-01
3.3000000000e+01   -6.9891326458e-01
3.3020000000e+01   -7.0748444136e-01
3.3040000000e+01   -7.1613616869e-01
3.3060000000e+01   -7.2496740423e-01
3.3080000000e+01   -7.3356548971e-01
3.3100000000e+01   -7.4217764666e-01
3.3120000000e+01   -7.5101499497e-01
3.3140000000e+01   -7.5964815854e-01
3.3160000000e+01   -7.6822441661e-01
3.3180000000e+01   -7.7705644133e-01
3.3200000000e+01   -7.8573065429e-01
3.3220000000e+01   -7.9427759417e-01
3.3240000000e+01   -8.0309262359e-01
3.3260000000e+01   -8.1181108766e-01
3.3280000000e+01   -8.2033789026e-01
3.3300000000e+01   -8.2912486576e-01
3.3320000000e+01   -8.3788760438e-01
3.3340000000e+01   -8.4640553190e-01
3.3360000000e+01   -8.5515486902e-01
3.3380000000e+01   -8.6395852356e-01
3.3400000000e+01   -8.7248021211e-01
3.3420000000e+01   -8.8118461274e-01
3.3440000000e+01   -8.9002247375e-01
3.3460000000e+01   -8.9856107483e-01
3.3480000000e+01   -9.0721622776e-01
3.3500000000e+01   -9.1607851693e-01
3.3520000000e+01   -9.2464673894e-01
3.3540000000e+01   -9.3325184880e-01
3.3560000000e+01   -9.4212624998e-01
3.3580000000e+01   -9.5073536287e-01
3.3600000000e+01   -9.5929345523e-01
3.3620000000e+01   -9.6816587430e-01
3.3640000000e+01   -9.7682474844e-01
3.3660000000e+01   -9.8534271094e-01
3.3680000000e+01   -9.9419822588e-01
3.3700000000e+01   -1.0029124797e+00
3.3720000000e+01   -1.0114008151e+00
3.3740000000e+01   -1.0202247600e+00
3.3760000000e+01   -1.0289960893e+00
3.3780000000e+01   -1.0374683759e+00
3.3800000000e+01   -1.0462474882e+00
3.3820000000e+01   -1.0550732425e+00
3.3840000000e+01   -1.0635453179e+00
3.3860000000e+01   -1.0722688679e+00
3.3880000000e+01   -1.0811419256e+00
3.3900000000e+01   -1.0896308344e+00
3.3920000000e+01   -1.0982916498e+00
3.3940000000e+01   -1.1072006270e+00
3.3960000000e+01   -1.1157233903e+00
3.3980000000e+01   -1.1243186896e+00
3.4000000000e+01   -1.1332484934e+00
3.4020000000e+01   -1.1418207809e+00
3.4040000000e+01   -1.1503527372e+00
3.4060000000e+01   -1.1592854498e+00
3.4080000000e+01   -1.1679202474e+00
3.4100000000e+01   -1.1763962152e+00
3.4120000000e+01   -1.1853122693e+00
3.4140000000e+01   -1.1940186439e+00
3.4160000000e+01   -1.2024510050e+00
3.4180000000e+01   -1.2113305832e+00
3.4200000000e+01   -1.2201126501e+00
3.4220000000e+01   -1.2285182554e+00
3.4240000000e+01   -1.2373428259e+00
3.4260000000e+01   -1.2461990147e+00
3.4280000000e+01   -1.2545982310e+00
3.4300000000e+01   -1.2633521128e+00
3.4320000000e+01   -1.2722748157e+00
3.4340000000e+01   -1.2806902161e+00
3.4360000000e+01   -1.2893620546e+00
3.4380000000e+01   -1.2983377184e+00
3.4400000000e+01   -1.3067924858e+00
3.4420000000e+01   -1.3153765168e+00
3.4440000000e+01   -1.3243862100e+00
3.4460000000e+01   -1.3329023526e+00
3.4480000000e+01   -1.3413993389e+00
3.4500000000e+01   -1.3504197908e+00
3.4520000000e+01   -1.3590162924e+00
3.4540000000e+01   -1.3674340305e+00
3.4560000000e+01   -1.3764391029e+00
3.4580000000e+01   -1.3851301480e+00
3.4600000000e+01   -1.3934834656e+00
3.4620000000e+01   -1.4024459810e+00
3.4640000000e+01   -1.4112394002e+00
3.4660000000e+01   -1.4195496002e+00
3.4680000000e+01   -1.4284434136e+00
3.4700000000e+01   -1.4373394933e+00
3.4720000000e+01   -1.4456332345e+00
3.4740000000e+01   -1.4544354090e+00
3.4760000000e+01   -1.4634261932e+00
3.4780000000e+01   -1.4717338450e+00
3.4800000000e+01   -1.4804267696e+00
3.4820000000e+01   -1.4894959548e+00
3.4840000000e+01   -1.4978495044e+00
3.4860000000e+01   -1.5064227825e+00
3.4880000000e+01   -1.5155462676e+00
3.4900000000e+01   -1.5239769042e+00
3.4920000000e+01   -1.5324288435e+00
3.4940000000e+01   -1.5415759528e+00
3.4960000000e+01   -1.5501114893e+00
3.4980000000e+01   -1.5584500384e+00
3.5000000000e+01   -1.5675853815e+00
3.5020000000e+01   -1.5762477035e+00
3.5040000000e+01   -1.5844907089e+00
3.5060000000e+01   -1.5935765892e+00
3.5080000000e+01   -1.6023793387e+00
3.5100000000e+01   -1.6105540379e+00
3.5120000000e+01   -1.6195532688e+00
3.5140000000e+01   -1.6284999706e+00
3.5160000000e+01   -1.6366416863e+00
3.5180000000e+01   -1.6455206294e+00
3.5200000000e+01   -1.6546034538e+00
3.5220000000e+01   -1.6627535153e+00
3.5240000000e+01   -1.6714851219e+00
3.5260000000e+01   -1.6806844436e+00
3.5280000000e+01   -1.6888874251e+00
3.5300000000e+01   -1.6974540379e+00
3.5320000000e+01   -1.7067389047e+00
3.5340000000e+01   -1.7150393329e+00
3.5360000000e+01   -1.7234350056e+00
3.5380000000e+01   -1.7327645636e+00
3.5400000000e+01   -1.7412033066e+00
3.5420000000e+01   -1.7494354096e+00
3.5440000000e+01   -1.7587612638e+00
3.5460000000e+01   -1.7673718606e+00
3.5480000000e+01   -1.7754617754e+00
3.5500000000e+01   -1.7847311839e+00
3.5520000000e+01   -1.7935364051e+00
3.5540000000e+01   -1.8015191627e+00
3.5560000000e+01   -1.8106788874e+00
3.5580000000e+01   -1.8196878309e+00
3.5600000000e+01   -1.8276106159e+00
3.5620000000e+01   -1.8366111854e+00
3.5640000000e+01   -1.8458171959e+00
3.5660000000e+01   -1.8537367213e+00
3.5680000000e+01   -1.8625368042e+00
3.5700000000e+01   -1.8719164685e+00
3.5720000000e+01   -1.8798953150e+00
3.5740000000e+01   -1.8884658658e+00
3.5760000000e+01   -1.8979792724e+00
3.5780000000e+01   -1.9060813813e+00
3.5800000000e+01   -1.9144092075e+00
3.5820000000e+01   -1.9240015735e+00
3.5840000000e+01   -1.9322871687e+00
3.5860000000e+01   -1.9403775768e+00
3.5880000000e+01   -1.9499822437e+00
3.5900000000e+01   -1.9585025378e+00
3.5920000000e+01   -1.9663807566e+00
3.5940000000e+01   -1.9759234440e+00
3.5960000000e+01   -1.9847155395e+00
3.5980000000e+01   -1.9924266803e+00
3.6000000000e+01   -2.0018307772e+00
3.6020000000e+01   -2.0109132004e+00
3.6040000000e+01   -2.0185206069e+00
3.6060000000e+01   -2.0277131737e+00
3.6080000000e+01   -2.0370824763e+00
3.6100000000e+01   -2.0446644261e+00
3.6120000000e+01   -2.0535824954e+00
3.6140000000e+01   -2.0632113130e+00
3.6160000000e+01   -2.0708561607e+00
3.6180000000e+01   -2.0794528624e+00
3.6200000000e+01   -2.0892897384e+00
3.6220000000e+01   -2.0970897263e+00
3.6240000000e+01   -2.1053397320e+00
3.6260000000e+01   -2.1153108985e+00
3.6280000000e+01   -2.1233549954e+00
3.6300000000e+01   -2.1312587789e+00
3.6320000000e+01   -2.1412719436e+00
3.6340000000e+01   -2.1496381941e+00
3.6360000000e+01   -2.1572246495e+00
3.6380000000e+01   -2.1671746751e+00
3.6400000000e+01   -2.1759226380e+00
3.6420000000e+01   -2.1832496737e+00
3.6440000000e+01   -2.1930258725e+00
3.6460000000e+01   -2.2021897878e+00
3.6480000000e+01   -2.2093426325e+00
3.6500000000e+01   -2.2188372432e+00
3.6520000000e+01   -2.2284205731e+00
3.6540000000e+01   -2.2355076815e+00
3.6560000000e+01   -2.2446249614e+00
3.6580000000e+01   -2.2545969095e+00
3.6600000000e+01   -2.2617435309e+00
3.6620000000e+01   -2.2704087960e+00
3.6640000000e+01   -2.2807032995e+00
3.6660000000e+01   -2.2880429714e+00
3.6680000000e+01   -2.2962108617e+00
3.6700000000e+01   -2.3067283947e+00
3.6720000000e+01   -2.3143928235e+00
3.6740000000e+01   -2.3220540577e+00
3.6760000000e+01   -2.3326663780e+00
3.6780000000e+01   -2.3407743624e+00
3.6800000000e+01   -2.3479602921e+00
3.6820000000e+01   -2.3585180293e+00
3.6840000000e+01   -2.3671642424e+00
3.6860000000e+01   -2.3739486087e+00
3.6880000000e+01   -2.3842913486e+00
3.6900000000e+01   -2.3935359059e+00
3.6920000000e+01   -2.4000333537e+00
3.6940000000e+01   -2.4100016387e+00
3.6960000000e+01   -2.4198614225e+00
3.6980000000e+01   -2.4262225253e+00
3.7000000000e+01   -2.4356709899e+00
3.7020000000e+01   -2.4461136578e+00
3.7040000000e+01   -2.4525164505e+00
3.7060000000e+01   -2.4613271530e+00
3.7080000000e+01   -2.4722686245e+00
3.7100000000e+01   -2.4789069264e+00
3.7120000000e+01   -2.4870018420e+00
3.7140000000e+01   -2.4983078374e+00
3.7160000000e+01   -2.5053769452e+00
3.7180000000e+01   -2.5127285521e+00
3.7200000000e+01   -2.5242204629e+00
3.7220000000e+01   -2.5319010937e+00
3.7240000000e+01   -2.5385400266e+00
3.7260000000e+01   -2.5500050509e+00
3.7280000000e+01   -2.5584466843e+00
3.7300000000e+01   -2.5644655373e+00
3.7320000000e+01   -2.5756706511e+00
3.7340000000e+01   -2.5849756199e+00
3.7360000000e+01   -2.5905281684e+00
3.7380000000e+01   -2.6012371509e+00
3.7400000000e+01   -2.6114469386e+00
3.7420000000e+01   -2.6167423082e+00
3.7440000000e+01   -2.6267347360e+00
3.7460000000e+01   -2.6378199124e+00
3.7480000000e+01   -2.6431115524e+00
3.7500000000e+01   -2.6522024383e+00
3.7520000000e+01   -2.6640575057e+00
3.7540000000e+01   -2.6696272219e+00
3.7560000000e+01   -2.6776858210e+00
3.7580000000e+01   -2.6901299295e+00
3.7600000000e+01   -2.6962676753e+00
3.7620000000e+01   -2.7032339202e+00
3.7640000000e+01   -2.7160179833e+00
3.7660000000e+01   -2.7229985720e+00
3.7680000000e+01   -2.7288956277e+00
3.7700000000e+01   -2.7417158506e+00
3.7720000000e+01   -2.7497741934e+00
3.7740000000e+01   -2.7547157482e+00
3.7760000000e+01   -2.7672330307e+00
3.7780000000e+01   -2.7765398705e+00
3.7800000000e+01   -2.7807309975e+00
3.7820000000e+01   -2.7925951429e+00
3.7840000000e+01   -2.8032354782e+00
3.7860000000e+01   -2.8069662221e+00
3.7880000000e+01   -2.8178434249e+00
3.7900000000e+01   -2.8297998560e+00
3.7920000000e+01   -2.8334311303e+00
3.7940000000e+01   -2.8430328651e+00
3.7960000000e+01   -2.8561758962e+00
3.7980000000e+01   -2.8601178176e+00
3.8000000000e+01   -2.8682290258e+00
3.8020000000e+01   -2.8823159263e+00
3.8040000000e+01   -2.8869993574e+00
3.8060000000e+01   -2.8935037346e+00
3.8080000000e+01   -2.9081869144e+00
3.8100000000e+01   -2.9140297053e+00
3.8120000000e+01   -2.9189299098e+00
3.8140000000e+01   -2.9337749749e+00
3.8160000000e+01   -2.9411451185e+00
3.8180000000e+01   -2.9445758576e+00
3.8200000000e+01   -2.9590886526e+00
3.8220000000e+01   -2.9682672221e+00
3.8240000000e+01   -2.9704994091e+00
3.8260000000e+01   -2.9841605465e+00
3.8280000000e+01   -2.9953077444e+00
3.8300000000e+01   -2.9967422863e+00
3.8320000000e+01   -3.0090469684e+00
3.8340000000e+01   -3.0221747892e+00
3.8360000000e+01   -3.0233250835e+00
3.8380000000e+01   -3.0338255249e+00
3.8400000000e+01   -3.0487803255e+00
3.8420000000e+01   -3.0502432511e+00
3.8440000000e+01   -3.0585907097e+00
3.8460000000e+01   -3.0750483680e+00
3.8480000000e+01   -3.0774644655e+00
3.8500000000e+01   -3.0834477799e+00
3.8520000000e+01   -3.1009231312e+00
3.8540000000e+01   -3.1049277644e+00
3.8560000000e+01   -3.1085053289e+00
3.8580000000e+01   -3.1263763135e+00
3.8600000000e+01   -3.1325448023e+00
3.8620000000e+01   -3.1338670513e+00
3.8640000000e+01   -3.1514126422e+00
3.8660000000e+01   -3.1602035232e+00
3.8680000000e+01   -3.1596232237e+00
3.8700000000e+01   -3.1760729217e+00
3.8720000000e+01   -3.1877744197e+00
3.8740000000e+01   -3.1858424182e+00
3.8760000000e+01   -3.2004340603e+00
3.8780000000e+01   -3.2151193388e+00
3.8800000000e+01   -3.2125639434e+00
3.8820000000e+01   -3.2246058828e+00
3.8840000000e+01   -3.2421024895e+00
3.8860000000e+01   -3.2397915021e+00
3.8880000000e+01   -3.2487248854e+00
3.8900000000e+01   -3.2686029375e+00
3.8920000000e+01   -3.2674885667e+00
3.8940000000e+01   -3.2729454036e+00
3.8960000000e+01   -3.2945274909e+00
3.8980000000e+01   -3.2955760198e+00
3.9000000000e+01   -3.2974288743e+00
3.9020000000e+01   -3.3198225855e+00
3.9040000000e+01   -3.3239326486e+00
3.9060000000e+01   -3.3223319631e+00
3.9080000000e+01   -3.3444836686e+00
3.9100000000e+01   -3.3523990900e+00
3.9120000000e+01   -3.3477943094e+00
3.9140000000e+01   -3.3685607268e+00
3.9160000000e+01   -3.3807857310e+00
3.9180000000e+01   -3.3739265583e+00
3.9200000000e+01   -3.3921590229e+00
3.9220000000e+01   -3.4088848119e+00
3.9240000000e+01   -3.4007992572e+00
3.9260000000e+01   -3.4154347153e+00
3.9280000000e+01   -3.4364865152e+00
3.9300000000e+01   -3.4284331483e+00
3.9320000000e+01   -3.4385856947e+00
3.9340000000e+01   -3.4633981519e+00
3.9360000000e+01   -3.4567914254e+00
3.9380000000e+01   -3.4618385295e+00
3.9400000000e+01   -3.4894647863e+00
3.9420000000e+01   -3.4857746578e+00
3.9440000000e+01   -3.4854327398e+00
3.9460000000e+01   -3.5145889464e+00
3.9480000000e+01   -3.5152192886e+00
3.9500000000e+01   -3.5096036772e+00
3.9520000000e+01   -3.5387467071e+00
3.9540000000e+01   -3.5449008167e+00
3.9560000000e+01   -3.5345651284e+00
3.9580000000e+01   -3.5619976081e+00
3.9600000000e+01   -3.5745428607e+00
3.9620000000e+01   -3.5604924710e+00
3.9640000000e+01   -3.5844866395e+00
3.9660000000e+01   -3.6038331001e+00
3.9680000000e+01   -3.5875069325e+00
3.9700000000e+01   -3.6064377507e+00
3.9720000000e+01   -3.6324464492e+00
3.9740000000e+01   -3.6156613416e+00
3.9760000000e+01   -3.6281396623e+00
3.9780000000e+01   -3.6600746426e+00
3.9800000000e+01   -3.6449277968e+00
3.9820000000e+01   -3.6499258261e+00
3.9840000000e+01   -3.6864598142e+00
3.9860000000e+01   -3.6751879602e+00
3.9880000000e+01   -3.6721508928e+00
3.9900000000e+01   -3.7114280024e+00
3.9920000000e+01   -3.7062271998e+00
3.9940000000e+01   -3.6951659563e+00
3.9960000000e+01   -3.7349174252e+00
3.9980000000e+01   -3.7377344679e+00
4.0000000000e+01   -3.7192942936e+00
