X    Y
0.0000000000e+00   0.0000000000e+00
2.0000000000e-02   -4.9369528351e-03
4.0000000000e-02   -1.4876846261e-02
6.0000000000e-02   -2.3529328524e-02
8.0000000000e-02   -3.1617250225e-02
1.0000000000e-01   -4.0769927681e-02
1.2000000000e-01   -4.9510063601e-02
1.4000000000e-01   -5.7814396734e-02
1.6000000000e-01   -6.6750369840e-02
1.8000000000e-01   -7.5548477824e-02
2.0000000000e-01   -8.3940848036e-02
2.2000000000e-01   -9.2761819819e-02
2.4000000000e-01   -1.0159413015e-01
2.6000000000e-01   -1.1004575904e-01
2.8000000000e-01   -1.1878808659e-01
3.0000000000e-01   -1.2763926907e-01
3.2000000000e-01   -1.3614140168e-01
3.4000000000e-01   -1.4482384829e-01
3.6000000000e-01   -1.5368200103e-01
3.8000000000e-01   -1.6223172272e-01
4.0000000000e-01   -1.7086707423e-01
4.2000000000e-01   -1.7972197332e-01
4.4000000000e-01   -1.8831795198e-01
4.6000000000e-01   -1.9691688513e-01
4.8000000000e-01   -2.0575946730e-01
5.0000000000e-01   -2.1440024096e-01
5.2000000000e-01   -2.2297278855e-01
5.4000000000e-01   -2.3179512250e-01
5.6000000000e-01   -2.4047828931e-01
5.8000000000e-01   -2.4903435344e-01
6.0000000000e-01   -2.5782981447e-01
6.2000000000e-01   -2.6655164313e-01
6.4000000000e-01   -2.7510105619e-01
6.6000000000e-01   -2.8386457337e-01
6.8000000000e-01   -2.9261986568e-01
7.0000000000e-01   -3.0117220831e-01
7.2000000000e-01   -3.0990051119e-01
7.4000000000e-01   -3.1868264827e-01
7.6000000000e-01   -3.2724693131e-01
7.8000000000e-01   -3.3593874879e-01
8.0000000000e-01   -3.4473988634e-01
8.2000000000e-01   -3.5332416402e-01
8.4000000000e-01   -3.6198034143e-01
8.6000000000e-01   -3.7079172929e-01
8.8000000000e-01   -3.7940269472e-01
9.0000000000e-01   -3.8802620542e-01
9.2000000000e-01   -3.9683860714e-01
9.4000000000e-01   -4.0548121291e-01
9.6000000000e-01   -4.1407704920e-01
9.8000000000e-01   -4.2288123448e-01
1.0000000000e+00   -4.3155837619e-01
1.0200000000e+00   -4.4013331370e-01
1.0400000000e+00   -4.4892059194e-01
1.0600000000e+00   -4.5763288722e-01
1.0800000000e+00   -4.6619512609e-01
1.1000000000e+00   -4.7495788612e-01
1.1200000000e+00   -4.8370357558e-01
1.1400000000e+00   -4.9226227124e-01
1.1600000000e+00   -5.0099448969e-01
1.1800000000e+00   -5.0976947852e-01
1.2000000000e+00   -5.1833418409e-01
1.2200000000e+00   -5.2703186473e-01
1.2400000000e+00   -5.3582991466e-01
1.2600000000e+00   -5.4440996528e-01
1.2800000000e+00   -5.5307147349e-01
1.3000000000e+00   -5.6188454467e-01
1.3200000000e+00   -5.7048842060e-01
1.3400000000e+00   -5.7911468221e-01
1.3600000000e+00   -5.8793341325e-01
1.3800000000e+00   -5.9656812384e-01
1.4000000000e+00   -6.0516266400e-01
1.4200000000e+00   -6.1397696809e-01
1.4400000000e+00   -6.2264750012e-01
1.4600000000e+00   -6.3121630787e-01
1.4800000000e+00   -6.4001605230e-01
1.5000000000e+00   -6.4872492590e-01
1.5200000000e+00   -6.5727614071e-01
1.5400000000e+00   -6.6605186869e-01
1.5600000000e+00   -6.7479883958e-01
1.5800000000e+00   -6.8334226905e-01
1.6000000000e+00   -6.9208591629e-01
1.6200000000e+00   -7.0086785584e-01
1.6400000000e+00   -7.0941434608e-01
1.6600000000e+00   -7.1811990127e-01
1.6800000000e+00   -7.2693087574e-01
1.7000000000e+00   -7.3549156868e-01
1.7200000000e+00   -7.4415562671e-01
1.7400000000e+00   -7.5298718414e-01
1.7600000000e+00   -7.6157270693e-01
1.7800000000e+00   -7.7019486758e-01
1.8000000000e+00   -7.7903652644e-01
1.8200000000e+00   -7.8765616661e-01
1.8400000000e+00   -7.9623923869e-01
1.8600000000e+00   -8.0507915721e-01
1.8800000000e+00   -8.1374008300e-01
1.9000000000e+00   -8.2229006480e-01
1.9200000000e+00   -8.3111585497e-01
1.9400000000e+00   -8.3982244145e-01
1.9600000000e+00   -8.4834826257e-01
1.9800000000e+00   -8.5714789918e-01
2.0000000000e+00   -8.6590121814e-01
2.0200000000e+00   -8.7441424394e-01
2.0400000000e+00   -8.8317700830e-01
2.0600000000e+00   -8.9197453221e-01
2.0800000000e+00   -9.0048784991e-01
2.1000000000e+00   -9.0920524024e-01
2.1200000000e+00   -9.1804079862e-01
2.1400000000e+00   -9.2656832207e-01
2.1600000000e+00   -9.3523485978e-01
2.1800000000e+00   -9.4409887058e-01
2.2000000000e+00   -9.5265431708e-01
2.2200000000e+00   -9.6126818030e-01
2.2400000000e+00   -9.7014815951e-01
2.2600000000e+00   -9.7874396673e-01
2.2800000000e+00   -9.8730738957e-01
2.3000000000e+00   -9.9618872186e-01
2.3200000000e+00   -1.0048349827e+00
2.3400000000e+00   -1.0133543716e+00
2.3600000000e+00   -1.0222213031e+00
2.3800000000e+00   -1.0309248018e+00
2.4000000000e+00   -1.0394105380e+00
2.4200000000e+00   -1.0482473321e+00
2.4400000000e+00   -1.0570107646e+00
2.4600000000e+00   -1.0654766813e+00
2.4800000000e+00   -1.0742688623e+00
2.5000000000e+00   -1.0830903155e+00
2.5200000000e+00   -1.0915528657e+00
2.5400000000e+00   -1.1002884593e+00
2.5600000000e+00   -1.1091612114e+00
2.5800000000e+00   -1.1176383639e+00
2.6000000000e+00   -1.1263090403e+00
2.6200000000e+00   -1.1352217236e+00
2.6400000000e+00   -1.1437316507e+00
2.6600000000e+00   -1.1523336717e+00
2.6800000000e+00   -1.1612708158e+00
2.7000000000e+00   -1.1698304591e+00
2.7200000000e+00   -1.1783653396e+00
2.7400000000e+00   -1.1873082825e+00
2.7600000000e+00   -1.1959318978e+00
2.7800000000e+00   -1.2044067069e+00
2.8000000000e+00   -1.2133348340e+00
2.8200000000e+00   -1.2220326297e+00
2.8400000000e+00   -1.2304598753e+00
2.8600000000e+00   -1.2393521155e+00
2.8800000000e+00   -1.2481290993e+00
2.9000000000e+00   -1.2565261716e+00
2.9200000000e+00   -1.2653626540e+00
2.9400000000e+00   -1.2742177991e+00
2.9600000000e+00   -1.2826059765e+00
2.9800000000e+00   -1.2913697304e+00
3.0000000000e+00   -1.3002955538e+00
3.0200000000e+00   -1.3086986131e+00
3.0400000000e+00   -1.3173771807e+00
3.0600000000e+00   -1.3263598048e+00
3.0800000000e+00   -1.3348023103e+00
3.1000000000e+00   -1.3433891363e+00
3.1200000000e+00   -1.3524088694e+00
3.1400000000e+00   -1.3609142488e+00
3.1600000000e+00   -1.3694097170e+00
3.1800000000e+00   -1.3784421533e+00
3.2000000000e+00   -1.3870306960e+00
3.2200000000e+00   -1.3954426990e+00
3.2400000000e+00   -1.4044602940e+00
3.2600000000e+00   -1.4131472258e+00
3.2800000000e+00   -1.4214911807e+00
3.3000000000e+00   -1.4304652184e+00
3.3200000000e+00   -1.4392590144e+00
3.3400000000e+00   -1.4475572726e+00
3.3600000000e+00   -1.4564601006e+00
3.3800000000e+00   -1.4653611951e+00
3.4000000000e+00   -1.4736418386e+00
3.4200000000e+00   -1.4824492159e+00
3.4400000000e+00   -1.4914492507e+00
3.4600000000e+00   -1.4997443130e+00
3.4800000000e+00   -1.5084376923e+00
3.5000000000e+00   -1.5175194128e+00
3.5200000000e+00   -1.5258626162e+00
3.5400000000e+00   -1.5344311706e+00
3.5600000000e+00   -1.5435690383e+00
3.5800000000e+00   -1.5519931841e+00
3.6000000000e+00   -1.5604353928e+00
3.6200000000e+00   -1.5695969291e+00
3.6400000000e+00   -1.5781311200e+00
3.6600000000e+00   -1.5864557440e+00
3.6800000000e+00   -1.5956035639e+00
3.7000000000e+00   -1.6042704695e+00
3.7200000000e+00   -1.6124967817e+00
3.7400000000e+00   -1.6215912136e+00
3.7600000000e+00   -1.6304046076e+00
3.7800000000e+00   -1.6385617878e+00
3.8000000000e+00   -1.6475639220e+00
3.8200000000e+00   -1.6565267181e+00
3.8400000000e+00   -1.6646523817e+00
3.8600000000e+00   -1.6735273390e+00
3.8800000000e+00   -1.6826303354e+00
3.9000000000e+00   -1.6907682315e+00
3.9200000000e+00   -1.6994884072e+00
3.9400000000e+00   -1.7087099102e+00
3.9600000000e+00   -1.7169068948e+00
3.9800000000e+00   -1.7254549133e+00
4.0000000000e+00   -1.7347613551e+00
4.0200000000e+00   -1.7430638162e+00
4.0400000000e+00   -1.7514349296e+00
4.0600000000e+00   -1.7607825226e+00
4.0800000000e+00   -1.7692324962e+00
4.1000000000e+00   -1.7774361795e+00
4.1200000000e+00   -1.7867735685e+00
4.1400000000e+00   -1.7954048359e+00
4.1600000000e+00   -1.8034653710e+00
4.1800000000e+00   -1.8127371606e+00
4.2000000000e+00   -1.8215716477e+00
4.2200000000e+00   -1.8295275496e+00
4.2400000000e+00   -1.8386784991e+00
4.2600000000e+00   -1.8477233072e+00
4.2800000000e+00   -1.8556255240e+00
4.3000000000e+00   -1.8646051300e+00
4.3200000000e+00   -1.8738505069e+00
4.3400000000e+00   -1.8817594170e+00
4.3600000000e+00   -1.8905265464e+00
4.3800000000e+00   -1.8999450613e+00
4.4000000000e+00   -1.9079263906e+00
4.4200000000e+00   -1.9164535926e+00
4.4400000000e+00   -1.9260006986e+00
4.4600000000e+00   -1.9341205856e+00
4.4800000000e+00   -1.9423977000e+00
4.5000000000e+00   -1.9520137735e+00
4.5200000000e+00   -1.9603333015e+00
4.5400000000e+00   -1.9683700018e+00
4.5600000000e+00   -1.9779838317e+00
4.5800000000e+00   -1.9865534291e+00
4.6000000000e+00   -1.9943803875e+00
4.6200000000e+00   -2.0039139626e+00
4.6400000000e+00   -2.0127681271e+00
4.6600000000e+00   -2.0204365666e+00
4.6800000000e+00   -2.0298108918e+00
4.7000000000e+00   -2.0389637137e+00
4.7200000000e+00   -2.0465432178e+00
4.7400000000e+00   -2.0556847783e+00
4.7600000000e+00   -2.0651267216e+00
4.7800000000e+00   -2.0727013000e+00
4.8000000000e+00   -2.0815487064e+00
4.8200000000e+00   -2.0912450473e+00
4.8400000000e+00   -2.0989075962e+00
4.8600000000e+00   -2.1074178867e+00
4.8800000000e+00   -2.1173091054e+00
4.9000000000e+00   -2.1251545520e+00
4.9200000000e+00   -2.1333086050e+00
4.9400000000e+00   -2.1433128915e+00
4.9600000000e+00   -2.1514304525e+00
4.9800000000e+00   -2.1592369809e+00
5.0000000000e+00   -2.1692548507e+00
5.0200000000e+00   -2.1777199614e+00
5.0400000000e+00   -2.1852176209e+00
5.0600000000e+00   -2.1951384594e+00
5.0800000000e+00   -2.2040050190e+00
5.1000000000e+00   -2.2112622623e+00
5.1200000000e+00   -2.2209724389e+00
5.1400000000e+00   -2.2302660657e+00
5.1600000000e+00   -2.2373785159e+00
5.1800000000e+00   -2.2467705492e+00
5.2000000000e+00   -2.2564835260e+00
5.2200000000e+00   -2.2635688165e+00
5.2400000000e+00   -2.2725509399e+00
5.2600000000e+00   -2.2826394565e+00
5.2800000000e+00   -2.2898296853e+00
5.3000000000e+00   -2.2983350719e+00
5.3200000000e+00   -2.3087192348e+00
5.3400000000e+00   -2.3161513971e+00
5.3600000000e+00   -2.3241462623e+00
5.3800000000e+00   -2.3347131461e+00
5.4000000000e+00   -2.3425181222e+00
5.4200000000e+00   -2.3500079363e+00
5.4400000000e+00   -2.3606177182e+00
5.4600000000e+00   -2.3689085896e+00
5.4800000000e+00   -2.3759417028e+00
5.5000000000e+00   -2.3864366601e+00
5.5200000000e+00   -2.3952972757e+00
5.5400000000e+00   -2.4019653890e+00
5.5600000000e+00   -2.4121812817e+00
5.5800000000e+00   -2.4216560878e+00
5.6000000000e+00   -2.4280911859e+00
5.6200000000e+00   -2.4378703079e+00
5.6400000000e+00   -2.4479564566e+00
5.6600000000e+00   -2.4543240590e+00
5.6800000000e+00   -2.4635290472e+00
5.7000000000e+00   -2.4741717101e+00
5.7200000000e+00   -2.4806605763e+00
5.7400000000e+00   -2.4891879285e+00
5.7600000000e+00   -2.5002795536e+00
5.7800000000e+00   -2.5070882892e+00
5.8000000000e+00   -2.5148804738e+00
5.8200000000e+00   -2.5262644470e+00
5.8400000000e+00   -2.5335857802e+00
5.8600000000e+00   -2.5406408265e+00
5.8800000000e+00   -2.5521196539e+00
5.9000000000e+00   -2.5601234547e+00
5.9200000000e+00   -2.5665009956e+00
5.9400000000e+00   -2.5778487424e+00
5.9600000000e+00   -2.5866651076e+00
5.9800000000e+00   -2.5924880080e+00
6.0000000000e+00   -2.6034663451e+00
6.0200000000e+00   -2.6131702345e+00
6.0400000000e+00   -2.6186211794e+00
6.0600000000e+00   -2.6289980384e+00
6.0800000000e+00   -2.6395969901e+00
6.1000000000e+00   -2.6449097222e+00
6.1200000000e+00   -2.6544792754e+00
6.1400000000e+00   -2.6659056202e+00
6.1600000000e+00   -2.6713509060e+00
6.1800000000e+00   -2.6799533829e+00
6.2000000000e+00   -2.6920621188e+00
6.2200000000e+00   -2.6979289713e+00
6.2400000000e+00   -2.7054687205e+00
6.2600000000e+00   -2.7180418054e+00
6.2800000000e+00   -2.7246149696e+00
6.3000000000e+00   -2.7310751698e+00
6.3200000000e+00   -2.7438324779e+00
6.3400000000e+00   -2.7513676645e+00
6.3600000000e+00   -2.7568201826e+00
6.3800000000e+00   -2.7694368000e+00
6.4000000000e+00   -2.7781355666e+00
6.4200000000e+00   -2.7827446589e+00
6.4400000000e+00   -2.7948736171e+00
6.4600000000e+00   -2.8048600954e+00
6.4800000000e+00   -2.8088789455e+00
6.5000000000e+00   -2.8201779806e+00
6.5200000000e+00   -2.8314797619e+00
6.5400000000e+00   -2.8352392604e+00
6.5600000000e+00   -2.8453997659e+00
6.5800000000e+00   -2.8579351437e+00
6.6000000000e+00   -2.8618248399e+00
6.6200000000e+00   -2.8706009034e+00
6.6400000000e+00   -2.8841743086e+00
6.6600000000e+00   -2.8886160969e+00
6.6800000000e+00   -2.8958513624e+00
6.7000000000e+00   -2.9101582268e+00
6.7200000000e+00   -2.9155740530e+00
6.7400000000e+00   -2.9212241417e+00
6.7600000000e+00   -2.9358656465e+00
6.7800000000e+00   -2.9426412674e+00
6.8000000000e+00   -2.9467895973e+00
6.8200000000e+00   -2.9612968878e+00
6.8400000000e+00   -2.9697444167e+00
6.8600000000e+00   -2.9726094898e+00
6.8800000000e+00   -2.9864760662e+00
6.9000000000e+00   -2.9967985783e+00
6.9200000000e+00   -2.9987311538e+00
6.9400000000e+00   -3.0114513866e+00
6.9600000000e+00   -3.0237131275e+00
6.9800000000e+00   -3.0251821972e+00
7.0000000000e+00   -3.0362933278e+00
7.0200000000e+00   -3.0503989698e+00
7.0400000000e+00   -3.0519661318e+00
7.0600000000e+00   -3.0610907493e+00
7.0800000000e+00   -3.0767766272e+00
7.1000000000e+00   -3.0790593326e+00
7.1200000000e+00   -3.0859451513e+00
7.1400000000e+00   -3.1027844955e+00
7.1600000000e+00   -3.1064097101e+00
7.1800000000e+00   -3.1109634828e+00
7.2000000000e+00   -3.1283864406e+00
7.2200000000e+00   -3.1339374569e+00
7.2400000000e+00   -3.1362499936e+00
7.2600000000e+00   -3.1535778515e+00
7.2800000000e+00   -3.1615381748e+00
7.3000000000e+00   -3.1618976777e+00
7.3200000000e+00   -3.1783893439e+00
7.3400000000e+00   -3.1890885687e+00
7.3600000000e+00   -3.1879798510e+00
7.3800000000e+00   -3.2028875200e+00
7.4000000000e+00   -3.2164547024e+00
7.4200000000e+00   -3.2145423906e+00
7.4400000000e+00   -3.2271725037e+00
7.4600000000e+00   -3.2435025227e+00
7.4800000000e+00   -3.2415971436e+00
7.5000000000e+00   -3.2513723329e+00
7.5200000000e+00   -3.2701099995e+00
7.5400000000e+00   -3.2691170187e+00
7.5600000000e+00   -3.2756346197e+00
7.5800000000e+00   -3.2961798556e+00
7.6000000000e+00   -3.2970332963e+00
7.6200000000e+00   -3.3001161363e+00
7.6400000000e+00   -3.3216515460e+00
7.6600000000e+00   -3.3252357306e+00
7.6800000000e+00   -3.3249711052e+00
7.7000000000e+00   -3.3465110045e+00
7.7200000000e+00   -3.3535760093e+00
7.7400000000e+00   -3.3503389843e+00
7.7600000000e+00   -3.3707967782e+00
7.7800000000e+00   -3.3818750572e+00
7.8000000000e+00   -3.3763324664e+00
7.8200000000e+00   -3.3946015393e+00
7.8400000000e+00   -3.4099344238e+00
7.8600000000e+00   -3.4030263221e+00
7.8800000000e+00   -3.4180685430e+00
7.9000000000e+00   -3.4375515686e+00
7.9200000000e+00   -3.4304476602e+00
7.9400000000e+00   -3.4413832514e+00
7.9600000000e+00   -3.4645382301e+00
7.9800000000e+00   -3.4585681883e+00
8.0000000000e+00   -3.4647609276e+00
8.0200000000e+00   -3.4907403299e+00
8.0400000000e+00   -3.4872991651e+00
8.0600000000e+00   -3.4884313679e+00
8.0800000000e+00   -3.5160571966e+00
8.1000000000e+00   -3.5164898970e+00
8.1200000000e+00   -3.5126220604e+00
8.1400000000e+00   -3.5404575140e+00
8.1600000000e+00   -3.5459308051e+00
8.1800000000e+00   -3.5375409336e+00
8.2000000000e+00   -3.5639895165e+00
8.2200000000e+00   -3.5753621403e+00
8.2400000000e+00   -3.5633596110e+00
8.2600000000e+00   -3.5867836394e+00
8.2800000000e+00   -3.6044892242e+00
8.3000000000e+00   -3.5901978167e+00
8.3200000000e+00   -3.6090469632e+00
8.3400000000e+00   -3.6330044850e+00
8.3600000000e+00   -3.6181094091e+00
8.3800000000e+00   -3.6310500616e+00
8.4000000000e+00   -3.6606154701e+00
8.4200000000e+00   -3.6470705368e+00
8.4400000000e+00   -3.6531079211e+00
8.4600000000e+00   -3.6870765555e+00
8.4800000000e+00   -3.6769706444e+00
8.5000000000e+00   -3.6755571634e+00
8.5200000000e+00   -3.7122205703e+00
8.5400000000e+00   -3.7076075024e+00
8.5600000000e+00   -3.6987317964e+00
8.5800000000e+00   -3.7359855600e+00
8.6000000000e+00   -3.7386880014e+00
8.6200000000e+00   -3.7229392512e+00
8.6400000000e+00   -3.7584319664e+00
8.6600000000e+00   -3.7698369435e+00
8.6800000000e+00   -3.7484377725e+00
8.7000000000e+00   -3.7797468519e+00
8.7200000000e+00   -3.8006161727e+00
8.7400000000e+00   -3.7754155695e+00
8.7600000000e+00   -3.8002341720e+00
8.7800000000e+00   -3.8305557101e+00
8.8000000000e+00   -3.8039717214e+00
8.8200000000e+00   -3.8202927484e+00
8.8400000000e+00   -3.8591967391e+00
8.8600000000e+00   -3.8340987967e+00
8.8800000000e+00   -3.8403856177e+00
8.9000000000e+00   -3.8861433280e+00
8.9200000000e+00   -3.8656675794e+00
8.9400000000e+00   -3.8610052427e+00
8.9600000000e+00   -3.9111162731e+00
8.9800000000e+00   -3.8984152223e+00
9.0000000000e+00   -3.8826385907e+00
9.0200000000e+00   -3.9339997393e+00
9.0400000000e+00   -3.9319395163e+00
9.0600000000e+00   -3.9057347239e+00
9.0800000000e+00   -3.9548710115e+00
9.1000000000e+00   -3.9657035407e+00
9.1200000000e+00   -3.9306758912e+00
9.1400000000e+00   -3.9740065173e+00
9.1600000000e+00   -3.9990561916e+00
9.1800000000e+00   -3.9577516825e+00
9.2000000000e+00   -3.9918627054e+00
9.2200000000e+00   -4.0312739965e+00
9.2400000000e+00   -3.9871349303e+00
9.2600000000e+00   -4.0090362758e+00
9.2800000000e+00   -4.0616269968e+00
9.3000000000e+00   -4.0188578593e+00
9.3200000000e+00   -4.0262122992e+00
9.3400000000e+00   -4.0894655220e+00
9.3600000000e+00   -4.0527876123e+00
9.3800000000e+00   -4.0441095987e+00
9.4000000000e+00   -4.1143161974e+00
9.4200000000e+00   -4.0886018407e+00
9.4400000000e+00   -4.0634306923e+00
9.4600000000e+00   -4.1359677593e+00
9.4800000000e+00   -4.1257677315e+00
9.5000000000e+00   -4.0848199972e+00
9.5200000000e+00   -4.1545249898e+00
9.5400000000e+00   -4.1635316739e+00
9.5600000000e+00   -4.1088303805e+00
9.5800000000e+00   -4.1704155636e+00
9.6000000000e+00   -4.2009311657e+00
9.6200000000e+00   -4.1358954425e+00
9.6400000000e+00   -4.1843482098e+00
9.6600000000e+00   -4.2368436238e+00
9.6800000000e+00   -4.1663034136e+00
9.7000000000e+00   -4.1972349327e+00
9.7200000000e+00   -4.2700848753e+00
9.7400000000e+00   -4.2001681267e+00
9.7600000000e+00   -4.2100981537e+00
9.7800000000e+00   -4.2995590467e+00
9.8000000000e+00   -4.2373931156e+00
9.8200000000e+00   -4.2239828184e+00
9.8400000000e+00   -4.3244403725e+00
9.8600000000e+00   -4.2776267548e+00
9.8800000000e+00   -4.2398862070e+00
9.9000000000e+00   -4.3443435830e+00
9.9200000000e+00   -4.3202103167e+00
9.9400000000e+00   -4.2587091491e+00
9.9600000000e+00   -4.3594289106e+00
9.9800000000e+00   -4.3641281567e+00
1.0000000000e+01   -4.2812252033e+00
1.0020000000e+01   -4.3704038194e+00
1.0040000000e+01   -4.4079808735e+00
1.0060000000e+01   -4.3080603118e+00
1.0080000000e+01   -4.3784220766e+00
1.0100000000e+01   -4.4500164714e+00
1.0120000000e+01   -4.3396738315e+00
1.0140000000e+01   -4.3849189119e+00
1.0160000000e+01   -4.4882629862e+00
1.0180000000e+01   -4.3763314637e+00
1.0200000000e+01   -4.3914362153e+00
1.0220000000e+01   -4.5207919537e+00
1.0240000000e+01   -4.4180605761e+00
1.0260000000e+01   -4.3994803771e+00
1.0280000000e+01   -4.5460896127e+00
1.0300000000e+01   -4.4645788114e+00
1.0320000000e+01   -4.4104311648e+00
1.0340000000e+01   -4.5634329585e+00
1.0360000000e+01   -4.5151893311e+00
1.0380000000e+01   -4.4254986764e+00
1.0400000000e+01   -4.5731175298e+00
1.0420000000e+01   -4.5686446871e+00
1.0440000000e+01   -4.4457139815e+00
1.0460000000e+01   -4.5764275768e+00
1.0480000000e+01   -4.6230034936e+00
1.0500000000e+01   -4.4719362553e+00
1.0520000000e+01   -4.5753665236e+00
1.0540000000e+01   -4.6755475220e+00
1.0560000000e+01   -4.5048604979e+00
1.0580000000e+01   -4.5722787144e+00
1.0600000000e+01   -4.7228857637e+00
1.0620000000e+01   -4.5450112583e+00
1.0640000000e+01   -4.5695102271e+00
1.0660000000e+01   -4.7613979045e+00
1.0680000000e+01   -4.5927066631e+00
1.0700000000e+01   -4.5691916592e+00
1.0720000000e+01   -4.7880614793e+00
1.0740000000e+01   -4.6479722412e+00
1.0760000000e+01   -4.5731492256e+00
1.0780000000e+01   -4.8014155944e+00
1.0800000000e+01   -4.7103758101e+00
1.0820000000e+01   -4.5829081407e+00
1.0840000000e+01   -4.8021446939e+00
1.0860000000e+01   -4.7787475417e+00
1.0880000000e+01   -4.5997453896e+00
1.0900000000e+01   -4.7928944434e+00
1.0920000000e+01   -4.8507605129e+00
1.0940000000e+01   -4.6247594259e+00
1.0960000000e+01   -4.7774532879e+00
1.0980000000e+01   -4.9224226514e+00
1.1000000000e+01   -4.6589368038e+00
1.1020000000e+01   -4.7598139110e+00
1.1040000000e+01   -4.9877486950e+00
1.1060000000e+01   -4.7032031684e+00
1.1080000000e+01   -4.7435333064e+00
1.1100000000e+01   -5.0392383786e+00
1.1120000000e+01   -4.7584458729e+00
1.1140000000e+01   -4.7314852256e+00
1.1160000000e+01   -5.0698575052e+00
1.1180000000e+01   -4.8254851213e+00
1.1200000000e+01   -4.7258878879e+00
1.1220000000e+01   -5.0761292918e+00
1.1240000000e+01   -4.9049430226e+00
1.1260000000e+01   -4.7284589437e+00
1.1280000000e+01   -5.0601111312e+00
1.1300000000e+01   -4.9969000745e+00
1.1320000000e+01   -4.7406018334e+00
1.1340000000e+01   -5.0283431377e+00
1.1360000000e+01   -5.1001139752e+00
1.1380000000e+01   -4.7635831834e+00
1.1400000000e+01   -4.9888346446e+00
1.1420000000e+01   -5.2104219251e+00
1.1440000000e+01   -4.7986956768e+00
1.1460000000e+01   -4.9485949226e+00
1.1480000000e+01   -5.3180552284e+00
1.1500000000e+01   -4.8474189280e+00
1.1520000000e+01   -4.9127340554e+00
1.1540000000e+01   -5.4051962862e+00
1.1560000000e+01   -4.9116019286e+00
1.1580000000e+01   -4.8846378531e+00
1.1600000000e+01   -5.4494830151e+00
1.1620000000e+01   -4.9937029271e+00
1.1640000000e+01   -4.8664982159e+00
1.1660000000e+01   -5.4385653890e+00
1.1680000000e+01   -5.0971434662e+00
1.1700000000e+01   -4.8598243353e+00
1.1720000000e+01   -5.3819076799e+00
1.1740000000e+01   -5.2268691331e+00
1.1760000000e+01   -4.8658389871e+00
1.1780000000e+01   -5.3017843566e+00
1.1800000000e+01   -5.3902483738e+00
1.1820000000e+01   -4.8857831839e+00
1.1840000000e+01   -5.2176086304e+00
1.1860000000e+01   -5.5982957499e+00
1.1880000000e+01   -4.9211886979e+00
1.1900000000e+01   -5.1407388561e+00
1.1920000000e+01   -5.8652147273e+00
1.1940000000e+01   -4.9741973800e+00
1.1960000000e+01   -5.0765051009e+00
1.1980000000e+01   -6.1865039010e+00
1.2000000000e+01   -5.0480538240e+00
1.2020000000e+01   -5.0270609897e+00
1.2040000000e+01   -6.3951135292e+00
1.2060000000e+01   -5.1480455800e+00
1.2080000000e+01   -4.9931989151e+00
1.2100000000e+01   -6.2184553995e+00
1.2120000000e+01   -5.2836573635e+00
1.2140000000e+01   -4.9753014852e+00
1.2160000000e+01   -5.9173325052e+00
1.2180000000e+01   -5.4747263988e+00
1.2200000000e+01   -4.9738390005e+00
1.2220000000e+01   -5.6694197083e+00
1.2240000000e+01   -5.7767701528e+00
1.2260000000e+01   -4.9896878940e+00
1.2280000000e+01   -5.4817014801e+00
1.2300000000e+01   -6.5697716190e+00
1.2320000000e+01   -5.0244457208e+00
1.2340000000e+01   -5.3403455091e+00
1.2360000000e+01   -6.1120236769e+00
1.2380000000e+01   -5.0809119846e+00
1.2400000000e+01   -5.2346209379e+00
1.2420000000e+01   -5.8546362925e+00
1.2440000000e+01   -5.1640393807e+00
1.2460000000e+01   -5.1575974703e+00
1.2480000000e+01   -5.8011570709e+00
1.2500000000e+01   -5.2831901823e+00
1.2520000000e+01   -5.1049739684e+00
1.2540000000e+01   -5.8759496495e+00
1.2560000000e+01   -5.4587998578e+00
1.2580000000e+01   -5.0742451170e+00
1.2600000000e+01   -6.1622189391e+00
1.2620000000e+01   -5.7511141445e+00
1.2640000000e+01   -5.0642582815e+00
1.2660000000e+01   -6.5587306097e+00
1.2680000000e+01   -6.6669842895e+00
1.2700000000e+01   -5.0750674785e+00
1.2720000000e+01   -5.8328136275e+00
1.2740000000e+01   -5.9608979795e+00
1.2760000000e+01   -5.1080721290e+00
1.2780000000e+01   -5.5556141622e+00
1.2800000000e+01   -5.6840541385e+00
1.2820000000e+01   -5.1665755211e+00
1.2840000000e+01   -5.3875209949e+00
1.2860000000e+01   -5.5763358855e+00
1.2880000000e+01   -5.2572512186e+00
1.2900000000e+01   -5.2758084756e+00
1.2920000000e+01   -5.5507988406e+00
1.2940000000e+01   -5.3942506614e+00
1.2960000000e+01   -5.2018472307e+00
1.2980000000e+01   -5.5926054997e+00
1.3000000000e+01   -5.6141115880e+00
1.3020000000e+01   -5.1572577367e+00
1.3040000000e+01   -5.7182983508e+00
1.3060000000e+01   -6.0775140214e+00
1.3080000000e+01   -5.1381360300e+00
1.3100000000e+01   -6.0219424969e+00
1.3120000000e+01   -6.1952216281e+00
1.3140000000e+01   -5.1432104947e+00
1.3160000000e+01   -6.6123551567e+00
1.3180000000e+01   -5.7239050195e+00
1.3200000000e+01   -5.1733833447e+00
1.3220000000e+01   -5.8048087126e+00
1.3240000000e+01   -5.5483655311e+00
1.3260000000e+01   -5.2321881107e+00
1.3280000000e+01   -5.5366551860e+00
1.3300000000e+01   -5.4687697824e+00
1.3320000000e+01   -5.3276760996e+00
1.3340000000e+01   -5.3821444393e+00
1.3360000000e+01   -5.4482311457e+00
1.3380000000e+01   -5.4784641355e+00
1.3400000000e+01   -5.2849013930e+00
1.3420000000e+01   -5.4787419957e+00
1.3440000000e+01   -5.7395368639e+00
1.3460000000e+01   -5.2260333804e+00
1.3480000000e+01   -5.5682732351e+00
1.3500000000e+01   -6.5108638614e+00
1.3520000000e+01   -5.1976008235e+00
1.3540000000e+01   -5.7533710323e+00
1.3560000000e+01   -5.9562628970e+00
1.3580000000e+01   -5.1965418865e+00
1.3600000000e+01   -6.2294855319e+00
1.3620000000e+01   -5.6347222112e+00
1.3640000000e+01   -5.2229911971e+00
1.3660000000e+01   -6.1405734827e+00
1.3680000000e+01   -5.4889485140e+00
1.3700000000e+01   -5.2803979804e+00
1.3720000000e+01   -5.6849342310e+00
1.3740000000e+01   -5.4183093133e+00
1.3760000000e+01   -5.3776122809e+00
1.3780000000e+01   -5.4779301374e+00
1.3800000000e+01   -5.3978084611e+00
1.3820000000e+01   -5.5363953121e+00
1.3840000000e+01   -5.3560324386e+00
1.3860000000e+01   -5.4212635272e+00
1.3880000000e+01   -5.8271647955e+00
1.3900000000e+01   -5.2829403976e+00
1.3920000000e+01   -5.4935449259e+00
1.3940000000e+01   -7.3943466535e+00
1.3960000000e+01   -5.2453396662e+00
1.3980000000e+01   -5.6364099334e+00
1.4000000000e+01   -5.8764515291e+00
1.4020000000e+01   -5.2380031866e+00
1.4040000000e+01   -5.9325506907e+00
1.4060000000e+01   -5.5989759516e+00
1.4080000000e+01   -5.2600946017e+00
1.4100000000e+01   -6.9152235627e+00
1.4120000000e+01   -5.4635930650e+00
1.4140000000e+01   -5.3146994001e+00
1.4160000000e+01   -5.8374770097e+00
1.4180000000e+01   -5.3951164774e+00
1.4200000000e+01   -5.4108514487e+00
1.4220000000e+01   -5.5651815061e+00
1.4240000000e+01   -5.3726441718e+00
1.4260000000e+01   -5.5717080481e+00
1.4280000000e+01   -5.4175617264e+00
1.4300000000e+01   -5.3904573883e+00
1.4320000000e+01   -5.8757333018e+00
1.4340000000e+01   -5.3305449842e+00
1.4360000000e+01   -5.4517440462e+00
1.4380000000e+01   -7.1975464255e+00
1.4400000000e+01   -5.2840792361e+00
1.4420000000e+01   -5.5718448908e+00
1.4440000000e+01   -5.8546704284e+00
1.4460000000e+01   -5.2704877215e+00
1.4480000000e+01   -5.8015121630e+00
1.4500000000e+01   -5.5900416710e+00
1.4520000000e+01   -5.2878298659e+00
1.4540000000e+01   -6.4928822478e+00
1.4560000000e+01   -5.4566579102e+00
1.4580000000e+01   -5.3386214909e+00
1.4600000000e+01   -6.0032871338e+00
1.4620000000e+01   -5.3870324801e+00
1.4640000000e+01   -5.4315786388e+00
1.4660000000e+01   -5.6463489186e+00
1.4680000000e+01   -5.3615047351e+00
1.4700000000e+01   -5.5896943781e+00
1.4720000000e+01   -5.4718656762e+00
1.4740000000e+01   -5.3742400839e+00
1.4760000000e+01   -5.8915290871e+00
1.4780000000e+01   -5.3712455263e+00
1.4800000000e+01   -5.4272633826e+00
1.4820000000e+01   -7.1911384729e+00
1.4840000000e+01   -5.3162406647e+00
1.4860000000e+01   -5.5323204920e+00
1.4880000000e+01   -5.8636364047e+00
1.4900000000e+01   -5.2964945962e+00
1.4920000000e+01   -5.7257174876e+00
1.4940000000e+01   -5.5968120254e+00
1.4960000000e+01   -5.3088798865e+00
1.4980000000e+01   -6.1809397762e+00
1.5000000000e+01   -5.4607636030e+00
1.5020000000e+01   -5.3552113058e+00
1.5040000000e+01   -6.2000964333e+00
1.5060000000e+01   -5.3880397504e+00
1.5080000000e+01   -5.4435501458e+00
1.5100000000e+01   -5.7240992914e+00
1.5120000000e+01   -5.3587632391e+00
1.5140000000e+01   -5.5956561347e+00
1.5160000000e+01   -5.5211246023e+00
1.5180000000e+01   -5.3666533328e+00
1.5200000000e+01   -5.8846446991e+00
1.5220000000e+01   -5.4070780981e+00
1.5240000000e+01   -5.4127935757e+00
1.5260000000e+01   -8.7227867748e+00
1.5280000000e+01   -5.3437919887e+00
1.5300000000e+01   -5.5065631152e+00
1.5320000000e+01   -5.8926240427e+00
1.5340000000e+01   -5.3180041689e+00
1.5360000000e+01   -5.6760742711e+00
1.5380000000e+01   -5.6137687288e+00
1.5400000000e+01   -5.3253424410e+00
1.5420000000e+01   -6.0330889513e+00
1.5440000000e+01   -5.4719622491e+00
1.5460000000e+01   -5.3668454138e+00
1.5480000000e+01   -6.4734960939e+00
1.5500000000e+01   -5.3948262559e+00
1.5520000000e+01   -5.4497299814e+00
1.5540000000e+01   -5.8012158676e+00
1.5560000000e+01   -5.3613035262e+00
1.5580000000e+01   -5.5939457572e+00
1.5600000000e+01   -5.5672089173e+00
1.5620000000e+01   -5.3644327981e+00
1.5640000000e+01   -5.8645596717e+00
1.5660000000e+01   -5.4396657289e+00
1.5680000000e+01   -5.4044545674e+00
1.5700000000e+01   -7.0050367781e+00
1.5720000000e+01   -5.3682416028e+00
1.5740000000e+01   -5.4890042355e+00
1.5760000000e+01   -5.9370440071e+00
1.5780000000e+01   -5.3364980031e+00
1.5800000000e+01   -5.6408508931e+00
1.5820000000e+01   -5.6379253217e+00
1.5840000000e+01   -5.3387624833e+00
1.5860000000e+01   -5.9407737658e+00
1.5880000000e+01   -5.4879884647e+00
1.5900000000e+01   -5.3752568213e+00
1.5920000000e+01   -7.0599463617e+00
1.5940000000e+01   -5.4054528684e+00
1.5960000000e+01   -5.4522686109e+00
1.5980000000e+01   -5.8806558834e+00
1.6000000000e+01   -5.3672944908e+00
1.6020000000e+01   -5.5877193675e+00
1.6040000000e+01   -5.6116696809e+00
1.6060000000e+01   -5.3656751716e+00
1.6080000000e+01   -5.8381001886e+00
1.6100000000e+01   -5.4702534704e+00
1.6120000000e+01   -5.4000308141e+00
1.6140000000e+01   -6.6541670601e+00
1.6160000000e+01   -5.3907029647e+00
1.6180000000e+01   -5.4766036352e+00
1.6200000000e+01   -5.9954516235e+00
1.6220000000e+01   -5.3530437614e+00
1.6240000000e+01   -5.6143332119e+00
1.6260000000e+01   -5.6676246804e+00
1.6280000000e+01   -5.3502339511e+00
1.6300000000e+01   -5.8753923844e+00
1.6320000000e+01   -5.5074953229e+00
1.6340000000e+01   -5.3816543419e+00
1.6360000000e+01   -6.8857615809e+00
1.6380000000e+01   -5.4187438462e+00
1.6400000000e+01   -5.4526421772e+00
1.6420000000e+01   -5.9658043902e+00
1.6440000000e+01   -5.3756217129e+00
1.6460000000e+01   -5.5790886653e+00
1.6480000000e+01   -5.6557891962e+00
1.6500000000e+01   -5.3692279945e+00
1.6520000000e+01   -5.8094606058e+00
1.6540000000e+01   -5.4997792855e+00
1.6560000000e+01   -5.3981992939e+00
1.6580000000e+01   -6.4478956933e+00
1.6600000000e+01   -5.4119806700e+00
1.6620000000e+01   -5.4675973660e+00
1.6640000000e+01   -6.0686895255e+00
1.6660000000e+01   -5.3683935138e+00
1.6680000000e+01   -5.5934284373e+00
1.6700000000e+01   -5.7019914687e+00
1.6720000000e+01   -5.3605123769e+00
1.6740000000e+01   -5.8254141923e+00
1.6760000000e+01   -5.5296762991e+00
1.6780000000e+01   -5.3868570445e+00
1.6800000000e+01   -6.4887867538e+00
1.6820000000e+01   -5.4339749759e+00
1.6840000000e+01   -5.4518270566e+00
1.6860000000e+01   -6.0610317240e+00
1.6880000000e+01   -5.3855939177e+00
1.6900000000e+01   -5.5693913749e+00
1.6920000000e+01   -5.7006580513e+00
1.6940000000e+01   -5.3743775960e+00
1.6960000000e+01   -5.7809553976e+00
1.6980000000e+01   -5.5289502924e+00
1.7000000000e+01   -5.3981473166e+00
1.7020000000e+01   -6.3038349185e+00
1.7040000000e+01   -5.4326516985e+00
1.7060000000e+01   -5.4609206660e+00
1.7080000000e+01   -6.1601290027e+00
1.7100000000e+01   -5.3830710380e+00
1.7120000000e+01   -5.5763470078e+00
1.7140000000e+01   -5.7406623223e+00
1.7160000000e+01   -5.3701121006e+00
1.7180000000e+01   -5.7851983684e+00
1.7200000000e+01   -5.5540615734e+00
1.7220000000e+01   -5.3914096950e+00
1.7240000000e+01   -6.2992467986e+00
1.7260000000e+01   -5.4507009842e+00
1.7280000000e+01   -5.4504525831e+00
1.7300000000e+01   -6.1728916256e+00
1.7320000000e+01   -5.3967795148e+00
1.7340000000e+01   -5.5594405787e+00
1.7360000000e+01   -5.7472606835e+00
1.7380000000e+01   -5.3806767558e+00
1.7400000000e+01   -5.7537441379e+00
1.7420000000e+01   -5.5583103727e+00
1.7440000000e+01   -5.3993666100e+00
1.7460000000e+01   -6.1949048456e+00
1.7480000000e+01   -5.4531320051e+00
1.7500000000e+01   -5.4559128034e+00
1.7520000000e+01   -6.2772912229e+00
1.7540000000e+01   -5.3974405680e+00
1.7560000000e+01   -5.5620035296e+00
1.7580000000e+01   -5.7836537335e+00
1.7600000000e+01   -5.3793811025e+00
1.7620000000e+01   -5.7516506358e+00
1.7640000000e+01   -5.5804020096e+00
1.7660000000e+01   -5.3956705221e+00
1.7680000000e+01   -6.1760803377e+00
1.7700000000e+01   -5.4686546734e+00
1.7720000000e+01   -5.4489165137e+00
1.7740000000e+01   -6.3130795200e+00
1.7760000000e+01   -5.4089106672e+00
1.7780000000e+01   -5.5497119353e+00
1.7800000000e+01   -5.7965646811e+00
1.7820000000e+01   -5.3878443250e+00
1.7840000000e+01   -5.7283331027e+00
1.7860000000e+01   -5.5882951492e+00
1.7880000000e+01   -5.4015357309e+00
1.7900000000e+01   -6.1085293062e+00
1.7920000000e+01   -5.4737272102e+00
1.7940000000e+01   -5.4521550513e+00
1.7960000000e+01   -6.4371431468e+00
1.7980000000e+01   -5.4117574923e+00
1.8000000000e+01   -5.5497148460e+00
1.8020000000e+01   -5.8313116465e+00
1.8040000000e+01   -5.3885550832e+00
1.8060000000e+01   -5.7229345972e+00
1.8080000000e+01   -5.6086011989e+00
1.8100000000e+01   -5.3998736838e+00
1.8120000000e+01   -6.0856612013e+00
1.8140000000e+01   -5.4876857994e+00
1.8160000000e+01   -5.4474659568e+00
1.8180000000e+01   -6.5078093192e+00
1.8200000000e+01   -5.4218249345e+00
1.8220000000e+01   -5.5404712246e+00
1.8240000000e+01   -5.8496190252e+00
1.8260000000e+01   -5.3957045860e+00
1.8280000000e+01   -5.7048790852e+00
1.8300000000e+01   -5.6192751947e+00
1.8320000000e+01   -5.4044501876e+00
1.8340000000e+01   -6.0377861944e+00
1.8360000000e+01   -5.4946696540e+00
1.8380000000e+01   -5.4493773381e+00
1.8400000000e+01   -6.6877831396e+00
1.8420000000e+01   -5.4262043324e+00
1.8440000000e+01   -5.5390368238e+00
1.8460000000e+01   -5.8843237435e+00
1.8480000000e+01   -5.3977951206e+00
1.8500000000e+01   -5.6978925024e+00
1.8520000000e+01   -5.6386759341e+00
1.8540000000e+01   -5.4041720497e+00
1.8560000000e+01   -6.0146874643e+00
1.8580000000e+01   -5.5077232435e+00
1.8600000000e+01   -5.4462517077e+00
1.8620000000e+01   -6.8454211017e+00
1.8640000000e+01   -5.4354289263e+00
1.8660000000e+01   -5.5318568040e+00
1.8680000000e+01   -5.9076761543e+00
1.8700000000e+01   -5.4041497087e+00
1.8720000000e+01   -5.6833618327e+00
1.8740000000e+01   -5.6515902037e+00
1.8760000000e+01   -5.4079797732e+00
1.8780000000e+01   -5.9784542657e+00
1.8800000000e+01   -5.5161449582e+00
1.8820000000e+01   -5.4474026516e+00
1.8840000000e+01   -7.3171301432e+00
1.8860000000e+01   -5.4409157178e+00
1.8880000000e+01   -5.5296717340e+00
1.8900000000e+01   -5.9437989695e+00
1.8920000000e+01   -5.4072133086e+00
1.8940000000e+01   -5.6757569323e+00
1.8960000000e+01   -5.6707348764e+00
1.8980000000e+01   -5.4086658303e+00
1.9000000000e+01   -5.9565764237e+00
1.9020000000e+01   -5.5287514552e+00
1.9040000000e+01   -5.4453638092e+00
1.9060000000e+01   -7.7363711139e+00
1.9080000000e+01   -5.4496753427e+00
1.9100000000e+01   -5.5239313329e+00
1.9120000000e+01   -5.9723674635e+00
1.9140000000e+01   -5.4131161307e+00
1.9160000000e+01   -5.6636783352e+00
1.9180000000e+01   -5.6855773246e+00
1.9200000000e+01   -5.4120420366e+00
1.9220000000e+01   -5.9277754657e+00
1.9240000000e+01   -5.5383110221e+00
1.9260000000e+01   -5.4461131548e+00
1.9280000000e+01   -6.9781695782e+00
1.9300000000e+01   -5.4559955268e+00
1.9320000000e+01   -5.5214138397e+00
1.9340000000e+01   -6.0114459436e+00
1.9360000000e+01   -5.4168899890e+00
1.9380000000e+01   -5.6559965643e+00
1.9400000000e+01   -5.7049700824e+00
1.9420000000e+01   -5.4134214690e+00
1.9440000000e+01   -5.9076075595e+00
1.9460000000e+01   -5.5507959708e+00
1.9480000000e+01   -5.4448544655e+00
1.9500000000e+01   -6.7606788925e+00
1.9520000000e+01   -5.4645483915e+00
1.9540000000e+01   -5.5167136166e+00
1.9560000000e+01   -6.0459927596e+00
1.9580000000e+01   -5.4225695531e+00
1.9600000000e+01   -5.6456929287e+00
1.9620000000e+01   -5.7215968714e+00
1.9640000000e+01   -5.4165855821e+00
1.9660000000e+01   -5.8838555241e+00
1.9680000000e+01   -5.5613118232e+00
1.9700000000e+01   -5.4454291949e+00
1.9720000000e+01   -6.5942536624e+00
1.9740000000e+01   -5.4715286256e+00
1.9760000000e+01   -5.5141165879e+00
1.9780000000e+01   -6.0899335772e+00
1.9800000000e+01   -5.4268852556e+00
1.9820000000e+01   -5.6382290900e+00
1.9840000000e+01   -5.7416589842e+00
1.9860000000e+01   -5.4184840063e+00
1.9880000000e+01   -5.8654800458e+00
1.9900000000e+01   -5.5739149245e+00
1.9920000000e+01   -5.4447526627e+00
1.9940000000e+01   -6.4903985154e+00
1.9960000000e+01   -5.4800545560e+00
1.9980000000e+01   -5.5101979556e+00
2.0000000000e+01   -6.1320610241e+00
2.0020000000e+01   -5.4324953677e+00
2.0040000000e+01   -5.6292630516e+00
2.0060000000e+01   -5.7600587260e+00
2.0080000000e+01   -5.4215794763e+00
2.0100000000e+01   -5.8453429527e+00
2.0120000000e+01   -5.5852878358e+00
2.0140000000e+01   -5.4452961437e+00
2.0160000000e+01   -6.3981056624e+00
2.0180000000e+01   -5.4875889616e+00
2.0200000000e+01   -5.5076724195e+00
2.0220000000e+01   -6.1836474838e+00
2.0240000000e+01   -5.4372466229e+00
2.0260000000e+01   -5.6221698993e+00
2.0280000000e+01   -5.7811765811e+00
2.0300000000e+01   -5.4238851357e+00
2.0320000000e+01   -5.8286742684e+00
2.0340000000e+01   -5.5981947107e+00
2.0360000000e+01   -5.4450734348e+00
2.0380000000e+01   -6.3296309882e+00
2.0400000000e+01   -5.4962168492e+00
2.0420000000e+01   -5.5043657657e+00
2.0440000000e+01   -6.2364398992e+00
2.0460000000e+01   -5.4428925539e+00
2.0480000000e+01   -5.6142518083e+00
2.0500000000e+01   -5.8014532808e+00
2.0520000000e+01   -5.4270064956e+00
2.0540000000e+01   -5.8112439311e+00
2.0560000000e+01   -5.6103844359e+00
2.0580000000e+01   -5.4456760676e+00
2.0600000000e+01   -6.2667449923e+00
2.0620000000e+01   -5.5042452534e+00
2.0640000000e+01   -5.5020001178e+00
2.0660000000e+01   -6.3004560313e+00
2.0680000000e+01   -5.4480141611e+00
2.0700000000e+01   -5.6076007228e+00
2.0720000000e+01   -5.8240197111e+00
2.0740000000e+01   -5.4296484480e+00
2.0760000000e+01   -5.7961346343e+00
2.0780000000e+01   -5.6237487191e+00
2.0800000000e+01   -5.4458237101e+00
2.0820000000e+01   -6.2158597875e+00
2.0840000000e+01   -5.5130713834e+00
2.0860000000e+01   -5.4991924717e+00
2.0880000000e+01   -6.3702282022e+00
2.0900000000e+01   -5.4537698174e+00
2.0920000000e+01   -5.6005334962e+00
2.0940000000e+01   -5.8463921427e+00
2.0960000000e+01   -5.4328588166e+00
2.0980000000e+01   -5.7808093318e+00
2.1000000000e+01   -5.6367593550e+00
2.1020000000e+01   -5.4465424156e+00
2.1040000000e+01   -6.1686188457e+00
2.1060000000e+01   -5.5215651311e+00
2.1080000000e+01   -5.4970367516e+00
2.1100000000e+01   -6.4566524692e+00
2.1120000000e+01   -5.4592239716e+00
2.1140000000e+01   -5.5943498467e+00
2.1160000000e+01   -5.8708481461e+00
2.1180000000e+01   -5.4357928511e+00
2.1200000000e+01   -5.7670980123e+00
2.1220000000e+01   -5.6507185936e+00
2.1240000000e+01   -5.4470059827e+00
2.1260000000e+01   -6.1283472263e+00
2.1280000000e+01   -5.5306655215e+00
2.1300000000e+01   -5.4946515242e+00
2.1320000000e+01   -6.5589037230e+00
2.1340000000e+01   -5.4651431942e+00
2.1360000000e+01   -5.5879954617e+00
2.1380000000e+01   -5.8956667540e+00
2.1400000000e+01   -5.4391352707e+00
2.1420000000e+01   -5.7534626120e+00
2.1440000000e+01   -5.6645900679e+00
2.1460000000e+01   -5.4478766096e+00
2.1480000000e+01   -6.0907657290e+00
2.1500000000e+01   -5.5396183264e+00
2.1520000000e+01   -5.4927324585e+00
2.1540000000e+01   -6.6959396292e+00
2.1560000000e+01   -5.4709105890e+00
2.1580000000e+01   -5.5822792501e+00
2.1600000000e+01   -5.9225520201e+00
2.1620000000e+01   -5.4423348138e+00
2.1640000000e+01   -5.7409946111e+00
2.1660000000e+01   -5.6792778518e+00
2.1680000000e+01   -5.4486206126e+00
2.1700000000e+01   -6.0576232650e+00
2.1720000000e+01   -5.5490571552e+00
2.1740000000e+01   -5.4907166839e+00
2.1760000000e+01   -6.8884177963e+00
2.1780000000e+01   -5.4770346223e+00
2.1800000000e+01   -5.5765381141e+00
2.1820000000e+01   -5.9503391758e+00
2.1840000000e+01   -5.4458396088e+00
2.1860000000e+01   -5.7287520939e+00
2.1880000000e+01   -5.6940819514e+00
2.1900000000e+01   -5.4496658424e+00
2.1920000000e+01   -6.0265809677e+00
2.1940000000e+01   -5.5584793315e+00
2.1960000000e+01   -5.4890470094e+00
2.1980000000e+01   -7.2475999956e+00
2.2000000000e+01   -5.4831087010e+00
2.2020000000e+01   -5.5712760013e+00
2.2040000000e+01   -5.9803642928e+00
2.2060000000e+01   -5.4492898563e+00
2.2080000000e+01   -5.7173875840e+00
2.2100000000e+01   -5.7096380608e+00
2.2120000000e+01   -5.4506672615e+00
2.2140000000e+01   -5.9985654361e+00
2.2160000000e+01   -5.5683148382e+00
2.2180000000e+01   -5.4873632665e+00
2.2200000000e+01   -7.8460389127e+00
2.2220000000e+01   -5.4894711696e+00
2.2240000000e+01   -5.5660740793e+00
2.2260000000e+01   -6.0118922066e+00
2.2280000000e+01   -5.4529794233e+00
2.2300000000e+01   -5.7063184203e+00
2.2320000000e+01   -5.7254781382e+00
2.2340000000e+01   -5.4519016507e+00
2.2360000000e+01   -5.9722387639e+00
2.2380000000e+01   -5.5782298383e+00
2.2400000000e+01   -5.4859475048e+00
2.2420000000e+01   -7.0695226531e+00
2.2440000000e+01   -5.4958544479e+00
2.2460000000e+01   -5.5612463463e+00
2.2480000000e+01   -6.0460565142e+00
2.2500000000e+01   -5.4566735627e+00
2.2520000000e+01   -5.6959345717e+00
2.2540000000e+01   -5.7420581471e+00
2.2560000000e+01   -5.4531457866e+00
2.2580000000e+01   -5.9480894817e+00
2.2600000000e+01   -5.5885186360e+00
2.2620000000e+01   -5.4845687736e+00
2.2640000000e+01   -6.8106641967e+00
2.2660000000e+01   -5.5024847176e+00
2.2680000000e+01   -5.5565270142e+00
2.2700000000e+01   -6.0824954223e+00
2.2720000000e+01   -5.4605655045e+00
2.2740000000e+01   -5.6858717917e+00
2.2760000000e+01   -5.7590722430e+00
2.2780000000e+01   -5.4545789889e+00
2.2800000000e+01   -5.9253241509e+00
2.2820000000e+01   -5.5989612029e+00
2.2840000000e+01   -5.4834068012e+00
2.2860000000e+01   -6.6499009286e+00
2.2880000000e+01   -5.5091864777e+00
2.2900000000e+01   -5.5521115379e+00
2.2920000000e+01   -6.1223021616e+00
2.2940000000e+01   -5.4645022934e+00
2.2960000000e+01   -5.6763622852e+00
2.2980000000e+01   -5.7768579339e+00
2.3000000000e+01   -5.4560568006e+00
2.3020000000e+01   -5.9041946725e+00
2.3040000000e+01   -5.6097616449e+00
2.3060000000e+01   -5.4823131663e+00
2.3080000000e+01   -6.5346603944e+00
2.3100000000e+01   -5.5161119790e+00
2.3120000000e+01   -5.5478303495e+00
2.3140000000e+01   -6.1655171472e+00
2.3160000000e+01   -5.4686114859e+00
2.3180000000e+01   -5.6671756959e+00
2.3200000000e+01   -5.7952256410e+00
2.3220000000e+01   -5.4576956290e+00
2.3240000000e+01   -5.8842154360e+00
2.3260000000e+01   -5.6207771569e+00
2.3280000000e+01   -5.4814024141e+00
2.3300000000e+01   -6.4441034795e+00
2.3320000000e+01   -5.5231468852e+00
2.3340000000e+01   -5.5438048209e+00
2.3360000000e+01   -6.2134134173e+00
2.3380000000e+01   -5.4727937162e+00
2.3400000000e+01   -5.6584491586e+00
2.3420000000e+01   -5.8144377777e+00
2.3440000000e+01   -5.4594020259e+00
2.3460000000e+01   -5.8655097605e+00
2.3480000000e+01   -5.6321522177e+00
2.3500000000e+01   -5.4805789380e+00
2.3520000000e+01   -6.3702707287e+00
2.3540000000e+01   -5.5303947784e+00
2.3560000000e+01   -5.5399260906e+00
2.3580000000e+01   -6.2666209500e+00
2.3600000000e+01   -5.4771336907e+00
2.3620000000e+01   -5.6500350573e+00
2.3640000000e+01   -5.8343918952e+00
2.3660000000e+01   -5.4612517769e+00
2.3680000000e+01   -5.8477714982e+00
2.3700000000e+01   -5.6437969892e+00
2.3720000000e+01   -5.4799157374e+00
2.3740000000e+01   -6.3076052585e+00
2.3760000000e+01   -5.5377821230e+00
2.3780000000e+01   -5.5362691990e+00
2.3800000000e+01   -6.3270317998e+00
2.3820000000e+01   -5.4815672355e+00
2.3840000000e+01   -5.6420131757e+00
2.3860000000e+01   -5.8553074655e+00
2.3880000000e+01   -5.4631845276e+00
2.3900000000e+01   -5.8310542987e+00
2.3920000000e+01   -5.6558170135e+00
2.3940000000e+01   -5.4793510801e+00
2.3960000000e+01   -6.2535661912e+00
2.3980000000e+01   -5.5453805615e+00
2.4000000000e+01   -5.5327637320e+00
2.4020000000e+01   -6.3964943275e+00
2.4040000000e+01   -5.4861511222e+00
2.4060000000e+01   -5.6342874569e+00
2.4080000000e+01   -5.8771525752e+00
2.4100000000e+01   -5.4652498370e+00
2.4120000000e+01   -5.8151594325e+00
2.4140000000e+01   -5.6681594517e+00
2.4160000000e+01   -5.4789314814e+00
2.4180000000e+01   -6.2058977663e+00
2.4200000000e+01   -5.5531439567e+00
2.4220000000e+01   -5.5294557534e+00
2.4240000000e+01   -6.4787887162e+00
2.4260000000e+01   -5.4908443654e+00
2.4280000000e+01   -5.6269031227e+00
2.4300000000e+01   -5.9001298437e+00
2.4320000000e+01   -5.4674088734e+00
2.4340000000e+01   -5.8001033344e+00
2.4360000000e+01   -5.6809050859e+00
2.4380000000e+01   -5.4786169929e+00
2.4400000000e+01   -6.1634750321e+00
2.4420000000e+01   -5.5611231271e+00
2.4440000000e+01   -5.5262993031e+00
2.4460000000e+01   -6.5794222391e+00
2.4480000000e+01   -5.4956855663e+00
2.4500000000e+01   -5.6197965315e+00
2.4520000000e+01   -5.9242718147e+00
2.4540000000e+01   -5.4696942784e+00
2.4560000000e+01   -5.7857531341e+00
2.4580000000e+01   -5.6940277271e+00
2.4600000000e+01   -5.4784372577e+00
2.4620000000e+01   -6.1251752587e+00
2.4640000000e+01   -5.5692905311e+00
2.4660000000e+01   -5.5233223440e+00
2.4680000000e+01   -6.7097991268e+00
2.4700000000e+01   -5.5006490938e+00
2.4720000000e+01   -5.6129921583e+00
2.4740000000e+01   -5.9497889466e+00
2.4760000000e+01   -5.4720812616e+00
2.4780000000e+01   -5.7721060142e+00
2.4800000000e+01   -5.7075933346e+00
2.4820000000e+01   -5.4783663809e+00
2.4840000000e+01   -6.0903961375e+00
2.4860000000e+01   -5.5776835908e+00
2.4880000000e+01   -5.5204945475e+00
2.4900000000e+01   -6.8951018013e+00
2.4920000000e+01   -5.5057617847e+00
2.4940000000e+01   -5.6064469456e+00
2.4960000000e+01   -5.9767829924e+00
2.4980000000e+01   -5.4745915750e+00
2.5000000000e+01   -5.7590704303e+00
2.5020000000e+01   -5.7215959092e+00
2.5040000000e+01   -5.4784232729e+00
2.5060000000e+01   -6.0585059765e+00
2.5080000000e+01   -5.5862876098e+00
2.5100000000e+01   -5.5178325977e+00
2.5120000000e+01   -7.2220620964e+00
2.5140000000e+01   -5.5110082560e+00
2.5160000000e+01   -5.6001730080e+00
2.5180000000e+01   -6.0055010863e+00
2.5200000000e+01   -5.4772096324e+00
2.5220000000e+01   -5.7466342305e+00
2.5240000000e+01   -5.7360938414e+00
2.5260000000e+01   -5.4785911448e+00
2.5280000000e+01   -6.0291403805e+00
2.5300000000e+01   -5.5951316214e+00
2.5320000000e+01   -5.5153162201e+00
2.5340000000e+01   -8.1633283111e+00
2.5360000000e+01   -5.5164077952e+00
2.5380000000e+01   -5.5941405111e+00
2.5400000000e+01   -6.0361334885e+00
2.5420000000e+01   -5.4799502044e+00
2.5440000000e+01   -5.7347324132e+00
2.5460000000e+01   -5.7510976542e+00
2.5480000000e+01   -5.4788821007e+00
2.5500000000e+01   -6.0019128705e+00
2.5520000000e+01   -5.6042100606e+00
2.5540000000e+01   -5.5129551044e+00
2.5560000000e+01   -7.1350094281e+00
2.5580000000e+01   -5.5219519458e+00
2.5600000000e+01   -5.5883543038e+00
2.5620000000e+01   -6.0690059884e+00
2.5640000000e+01   -5.4828037811e+00
2.5660000000e+01   -5.7233489131e+00
2.5680000000e+01   -5.7666638603e+00
2.5700000000e+01   -5.4792852863e+00
2.5720000000e+01   -5.9765839919e+00
2.5740000000e+01   -5.6135470035e+00
2.5760000000e+01   -5.5107354936e+00
2.5780000000e+01   -6.8563434659e+00
2.5800000000e+01   -5.5276552353e+00
2.5820000000e+01   -5.5827931626e+00
2.5840000000e+01   -6.1044417147e+00
2.5860000000e+01   -5.4857806926e+00
2.5880000000e+01   -5.7124361882e+00
2.5900000000e+01   -5.7828179907e+00
2.5920000000e+01   -5.4798085134e+00
2.5940000000e+01   -5.9529020994e+00
2.5960000000e+01   -5.6231436747e+00
2.5980000000e+01   -5.5086627746e+00
2.6000000000e+01   -6.6888819880e+00
2.6020000000e+01   -5.5335139836e+00
2.6040000000e+01   -5.5774577609e+00
2.6060000000e+01   -6.1429189212e+00
2.6080000000e+01   -5.4888754838e+00
2.6100000000e+01   -5.7019771591e+00
2.6120000000e+01   -5.7996196730e+00
2.6140000000e+01   -5.4804448285e+00
2.6160000000e+01   -5.9307004327e+00
2.6180000000e+01   -5.6330216116e+00
2.6200000000e+01   -5.5067274585e+00
2.6220000000e+01   -6.5690871832e+00
2.6240000000e+01   -5.5395398187e+00
2.6260000000e+01   -5.5723325749e+00
2.6280000000e+01   -6.1849905733e+00
2.6300000000e+01   -5.4920957010e+00
2.6320000000e+01   -5.6919360568e+00
2.6340000000e+01   -5.8171098169e+00
2.6360000000e+01   -5.4811993620e+00
2.6380000000e+01   -5.9098069357e+00
2.6400000000e+01   -5.6431874318e+00
2.6420000000e+01   -5.5049323196e+00
2.6440000000e+01   -6.4758584147e+00
2.6460000000e+01   -5.5457324614e+00
2.6480000000e+01   -5.5674159691e+00
2.6500000000e+01   -6.2314400424e+00
2.6520000000e+01   -5.4954386423e+00
2.6540000000e+01   -5.6822962722e+00
2.6560000000e+01   -5.8353562316e+00
2.6580000000e+01   -5.4820677563e+00
2.6600000000e+01   -5.8901004503e+00
2.6620000000e+01   -5.6536619199e+00
2.6640000000e+01   -5.5032707032e+00
2.6660000000e+01   -6.3996542158e+00
2.6680000000e+01   -5.5521018978e+00
2.6700000000e+01   -5.5626962675e+00
2.6720000000e+01   -6.2832786002e+00
2.6740000000e+01   -5.4989101543e+00
2.6760000000e+01   -5.6730301832e+00
2.6780000000e+01   -5.8544175372e+00
2.6800000000e+01   -5.4830534951e+00
2.6820000000e+01   -5.8714585762e+00
2.6840000000e+01   -5.6644563622e+00
2.6860000000e+01   -5.5017438309e+00
2.6880000000e+01   -6.3352583096e+00
2.6900000000e+01   -5.5586503884e+00
2.6920000000e+01   -5.5581706467e+00
2.6940000000e+01   -6.3419692424e+00
2.6960000000e+01   -5.5025094548e+00
2.6980000000e+01   -5.6641223512e+00
2.7000000000e+01   -5.8743757290e+00
2.7020000000e+01   -5.4841539790e+00
2.7040000000e+01   -5.8537904233e+00
2.7060000000e+01   -5.6755922143e+00
2.7080000000e+01   -5.5003469633e+00
2.7100000000e+01   -6.2795666907e+00
2.7120000000e+01   -5.5653871507e+00
2.7140000000e+01   -5.5538300872e+00
2.7160000000e+01   -6.4096127799e+00
2.7180000000e+01   -5.5062414089e+00
2.7200000000e+01   -5.6555509383e+00
2.7220000000e+01   -5.8953119277e+00
2.7240000000e+01   -5.4853717121e+00
2.7260000000e+01   -5.8370059980e+00
2.7280000000e+01   -5.6870852152e+00
2.7300000000e+01   -5.4990804364e+00
2.7320000000e+01   -6.2305366201e+00
2.7340000000e+01   -5.5723164666e+00
2.7360000000e+01   -5.5496712459e+00
2.7380000000e+01   -6.4895061468e+00
2.7400000000e+01   -5.5101066224e+00
2.7420000000e+01   -5.6473019531e+00
2.7440000000e+01   -5.9173304490e+00
2.7460000000e+01   -5.4867053144e+00
2.7480000000e+01   -5.8210353896e+00
2.7500000000e+01   -5.6989587539e+00
2.7520000000e+01   -5.4979408321e+00
2.7540000000e+01   -6.1867860563e+00
2.7560000000e+01   -5.5794474193e+00
2.7580000000e+01   -5.5456869823e+00
2.7600000000e+01   -6.5871341323e+00
2.7620000000e+01   -5.5141094641e+00
2.7640000000e+01   -5.6393577687e+00
2.7660000000e+01   -5.9405433273e+00
2.7680000000e+01   -5.4881567452e+00
2.7700000000e+01   -5.8058105655e+00
2.7720000000e+01   -5.7112332319e+00
2.7740000000e+01   -5.4969280205e+00
2.7760000000e+01   -6.1473111530e+00
2.7780000000e+01   -5.5867860313e+00
2.7800000000e+01   -5.5418738264e+00
2.7820000000e+01   -6.7128212394e+00
2.7840000000e+01   -5.5182515967e+00
2.7860000000e+01   -5.6317058898e+00
2.7880000000e+01   -5.9650894049e+00
2.7900000000e+01   -5.4897254994e+00
2.7920000000e+01   -5.7912766539e+00
2.7940000000e+01   -5.7239352302e+00
2.7960000000e+01   -5.4960395218e+00
2.7980000000e+01   -6.1113789290e+00
2.8000000000e+01   -5.5943417379e+00
2.8020000000e+01   -5.5382260061e+00
2.8040000000e+01   -6.8897079007e+00
2.8060000000e+01   -5.5225372247e+00
2.8080000000e+01   -5.6243318361e+00
2.8100000000e+01   -5.9911260853e+00
2.8120000000e+01   -5.4914132735e+00
2.8140000000e+01   -5.7773809987e+00
2.8160000000e+01   -5.7370904400e+00
2.8180000000e+01   -5.4952750007e+00
2.8200000000e+01   -6.0784236176e+00
2.8220000000e+01   -5.6021221961e+00
2.8240000000e+01   -5.5347401462e+00
2.8260000000e+01   -7.1917536259e+00
2.8280000000e+01   -5.5269688725e+00
2.8300000000e+01   -5.6172245410e+00
2.8320000000e+01   -6.0188466357e+00
2.8340000000e+01   -5.4932202201e+00
2.8360000000e+01   -5.7640798015e+00
2.8380000000e+01   -5.7507300458e+00
2.8400000000e+01   -5.4946326672e+00
2.8420000000e+01   -6.0480103143e+00
2.8440000000e+01   -5.6101376018e+00
2.8460000000e+01   -5.5314115012e+00
2.8480000000e+01   -1.0038168928e+01
2.8500000000e+01   -5.5315508199e+00
2.8520000000e+01   -5.6103719303e+00
2.8540000000e+01   -6.0484793093e+00
2.8560000000e+01   -5.4951479622e+00
2.8580000000e+01   -5.7513314762e+00
2.8600000000e+01   -5.7648861139e+00
2.8620000000e+01   -5.4941121458e+00
2.8640000000e+01   -6.0197893594e+00
2.8660000000e+01   -5.6183972699e+00
2.8680000000e+01   -5.5282369142e+00
2.8700000000e+01   -7.1919122215e+00
2.8720000000e+01   -5.5362863463e+00
2.8740000000e+01   -5.6037642508e+00
2.8760000000e+01   -6.0803068742e+00
2.8780000000e+01   -5.4971971735e+00
2.8800000000e+01   -5.7391005633e+00
2.8820000000e+01   -5.7795961745e+00
2.8840000000e+01   -5.4937121734e+00
2.8860000000e+01   -5.9934817277e+00
2.8880000000e+01   -5.6269125365e+00
2.8900000000e+01   -5.5252124335e+00
2.8920000000e+01   -6.8919048522e+00
2.8940000000e+01   -5.5411799881e+00
2.8960000000e+01   -5.5973913097e+00
2.8980000000e+01   -6.1146759896e+00
2.9000000000e+01   -5.4993695316e+00
2.9020000000e+01   -5.7273536476e+00
2.9040000000e+01   -5.7949003460e+00
2.9060000000e+01   -5.4934324356e+00
2.9080000000e+01   -5.9688564766e+00
2.9100000000e+01   -5.6356945150e+00
2.9120000000e+01   -5.5223351803e+00
2.9140000000e+01   -6.7166284186e+00
2.9160000000e+01   -5.5462357403e+00
2.9180000000e+01   -5.5912445313e+00
2.9200000000e+01   -6.1520262285e+00
2.9220000000e+01   -5.5016661526e+00
2.9240000000e+01   -5.7160616618e+00
2.9260000000e+01   -5.8108448049e+00
2.9280000000e+01   -5.4932720931e+00
2.9300000000e+01   -5.9457239741e+00
2.9320000000e+01   -5.6447560679e+00
2.9340000000e+01   -5.5196018388e+00
2.9360000000e+01   -6.5924588302e+00
2.9380000000e+01   -5.5514585435e+00
2.9400000000e+01   -5.5853152272e+00
2.9420000000e+01   -6.1929191821e+00
2.9440000000e+01   -5.5040888574e+00
2.9460000000e+01   -5.7051973578e+00
2.9480000000e+01   -5.8274802218e+00
2.9500000000e+01   -5.4932309547e+00
2.9520000000e+01   -5.9239238371e+00
2.9540000000e+01   -5.6541103581e+00
2.9560000000e+01   -5.5170098317e+00
2.9580000000e+01   -6.4963000410e+00
2.9600000000e+01   -5.5568531171e+00
2.9620000000e+01   -5.5795958622e+00
2.9640000000e+01   -6.2380948416e+00
2.9660000000e+01   -5.5066391637e+00
2.9680000000e+01   -5.6947366457e+00
2.9700000000e+01   -5.8448646330e+00
2.9720000000e+01   -5.4933085390e+00
2.9740000000e+01   -5.9033213601e+00
2.9760000000e+01   -5.6637722069e+00
2.9780000000e+01   -5.5145563687e+00
2.9800000000e+01   -6.4178646454e+00
2.9820000000e+01   -5.5624249385e+00
2.9840000000e+01   -5.5740789743e+00
2.9860000000e+01   -6.2885502040e+00
2.9880000000e+01   -5.5093191019e+00
2.9900000000e+01   -5.6846570229e+00
2.9920000000e+01   -5.8630629894e+00
2.9940000000e+01   -5.4935048174e+00
2.9960000000e+01   -5.8838007005e+00
2.9980000000e+01   -5.6737571962e+00
3.0000000000e+01   -5.5122391777e+00
3.0020000000e+01   -6.3516616263e+00
3.0040000000e+01   -5.5681794998e+00
3.0060000000e+01   -5.5687579418e+00
3.0080000000e+01   -6.3456795808e+00
3.0100000000e+01   -5.5121305768e+00
3.0120000000e+01   -5.6749383300e+00
3.0140000000e+01   -5.8821498767e+00
3.0160000000e+01   -5.4938196252e+00
3.0180000000e+01   -5.8652627606e+00
3.0200000000e+01   -5.6840826234e+00
3.0220000000e+01   -5.5100559152e+00
3.0240000000e+01   -6.2944145769e+00
3.0260000000e+01   -5.5741229459e+00
3.0280000000e+01   -5.5636263196e+00
3.0300000000e+01   -6.4115133475e+00
3.0320000000e+01   -5.5150758823e+00
3.0340000000e+01   -5.6655617802e+00
3.0360000000e+01   -5.9022101962e+00
3.0380000000e+01   -5.4942531212e+00
3.0400000000e+01   -5.8476211886e+00
3.0420000000e+01   -5.6947670028e+00
3.0440000000e+01   -5.5080046073e+00
3.0460000000e+01   -6.2440089022e+00
3.0480000000e+01   -5.5802616249e+00
3.0500000000e+01   -5.5586782851e+00
3.0520000000e+01   -6.4891803737e+00
3.0540000000e+01   -5.5181573147e+00
3.0560000000e+01   -5.6565103537e+00
3.0580000000e+01   -5.9233422147e+00
3.0600000000e+01   -5.4948054347e+00
3.0620000000e+01   -5.8308009765e+00
3.0640000000e+01   -5.7058307532e+00
3.0660000000e+01   -5.5060833013e+00
3.0680000000e+01   -6.1990014427e+00
3.0700000000e+01   -5.5866024888e+00
3.0720000000e+01   -5.5539082503e+00
3.0740000000e+01   -6.5838737718e+00
3.0760000000e+01   -5.5213774794e+00
3.0780000000e+01   -5.6477682210e+00
3.0800000000e+01   -5.9456596803e+00
3.0820000000e+01   -5.4954769284e+00
3.0840000000e+01   -5.8147360737e+00
3.0860000000e+01   -5.7172960191e+00
3.0880000000e+01   -5.5042903080e+00
3.0900000000e+01   -6.1583623616e+00
3.0920000000e+01   -5.5931528598e+00
3.0940000000e+01   -5.5493110907e+00
3.0960000000e+01   -6.7051986153e+00
3.0980000000e+01   -5.5247390851e+00
3.1000000000e+01   -5.6393208977e+00
3.1020000000e+01   -5.9692958795e+00
3.1040000000e+01   -5.4962680151e+00
3.1060000000e+01   -5.7993683493e+00
3.1080000000e+01   -5.7291871788e+00
3.1100000000e+01   -5.5026240257e+00
3.1120000000e+01   -6.1213315387e+00
3.1140000000e+01   -5.5999206558e+00
3.1160000000e+01   -5.5448819513e+00
3.1180000000e+01   -6.8742260765e+00
3.1200000000e+01   -5.5282450954e+00
3.1220000000e+01   -5.6311549391e+00
3.1240000000e+01   -5.9944079488e+00
3.1260000000e+01   -5.4971792750e+00
3.1280000000e+01   -5.7846461825e+00
3.1300000000e+01   -5.7415309505e+00
3.1320000000e+01   -5.5010830367e+00
3.1340000000e+01   -6.0873316057e+00
3.1360000000e+01   -5.6069143274e+00
3.1380000000e+01   -5.5406163198e+00
3.1400000000e+01   -7.1548599815e+00
3.1420000000e+01   -5.5318986629e+00
3.1440000000e+01   -5.6232579321e+00
3.1460000000e+01   -6.0211831644e+00
3.1480000000e+01   -5.4982114003e+00
3.1500000000e+01   -5.7705236198e+00
3.1520000000e+01   -5.7543567933e+00
3.1540000000e+01   -5.4996660578e+00
3.1560000000e+01   -6.0559138035e+00
3.1580000000e+01   -5.6141429501e+00
3.1600000000e+01   -5.5365099728e+00
3.1620000000e+01   -8.1935242380e+00
3.1640000000e+01   -5.5357031628e+00
3.1660000000e+01   -5.6156183775e+00
3.1680000000e+01   -6.0498471159e+00
3.1700000000e+01   -5.4993652036e+00
3.1720000000e+01   -5.7569595762e+00
3.1740000000e+01   -5.7676972895e+00
3.1760000000e+01   -5.4983719311e+00
3.1780000000e+01   -6.0267224548e+00
3.1800000000e+01   -5.6216163004e+00
3.1820000000e+01   -5.5325589377e+00
3.1840000000e+01   -7.2424892034e+00
3.1860000000e+01   -5.5396622362e+00
3.1880000000e+01   -5.6082255680e+00
3.1900000000e+01   -6.0806747817e+00
3.1920000000e+01   -5.5006416613e+00
3.1940000000e+01   -5.7439171004e+00
3.1960000000e+01   -5.7815885035e+00
3.1980000000e+01   -5.4971996718e+00
3.2000000000e+01   -5.9994707158e+00
3.2020000000e+01   -5.6293448398e+00
3.2040000000e+01   -5.5287595458e+00
3.2060000000e+01   -6.9177536926e+00
3.2080000000e+01   -5.5437797244e+00
3.2100000000e+01   -5.6010696156e+00
3.2120000000e+01   -6.1140064461e+00
3.2140000000e+01   -5.5020418291e+00
3.2160000000e+01   -5.7313629892e+00
3.2180000000e+01   -5.7960706868e+00
3.2200000000e+01   -5.4961483664e+00
3.2220000000e+01   -5.9739241747e+00
3.2240000000e+01   -5.6373399292e+00
3.2260000000e+01   -5.5251082969e+00
3.2280000000e+01   -6.7340089751e+00
3.2300000000e+01   -5.5480598181e+00
3.2320000000e+01   -5.5941412255e+00
3.2340000000e+01   -6.1502695162e+00
3.2360000000e+01   -5.5035669813e+00
3.2380000000e+01   -5.7192670823e+00
3.2400000000e+01   -5.8111886381e+00
3.2420000000e+01   -5.4952173163e+00
3.2440000000e+01   -5.9498884130e+00
3.2460000000e+01   -5.6456136993e+00
3.2480000000e+01   -5.5216020170e+00
3.2500000000e+01   -6.6052734168e+00
3.2520000000e+01   -5.5525068883e+00
3.2540000000e+01   -5.5874318588e+00
3.2560000000e+01   -6.1900120321e+00
3.2580000000e+01   -5.5052184298e+00
3.2600000000e+01   -5.7076021940e+00
3.2620000000e+01   -5.8269928415e+00
3.2640000000e+01   -5.4944058398e+00
3.2660000000e+01   -5.9272008973e+00
3.2680000000e+01   -5.6541794240e+00
3.2700000000e+01   -5.5182376211e+00
3.2720000000e+01   -6.5060885469e+00
3.2740000000e+01   -5.5571257523e+00
3.2760000000e+01   -5.5809333983e+00
3.2780000000e+01   -6.2339513794e+00
3.2800000000e+01   -5.5069977679e+00
3.2820000000e+01   -5.6963433770e+00
3.2840000000e+01   -5.8435398831e+00
3.2860000000e+01   -5.4937135200e+00
3.2880000000e+01   -5.9057237621e+00
3.2900000000e+01   -5.6630512566e+00
3.2920000000e+01   -5.5150123853e+00
3.2940000000e+01   -6.4253883685e+00
3.2960000000e+01   -5.5619213800e+00
3.2980000000e+01   -5.5746384538e+00
3.3000000000e+01   -6.2830541792e+00
3.3020000000e+01   -5.5089065727e+00
3.3040000000e+01   -5.6854681342e+00
3.3060000000e+01   -5.8608942299e+00
3.3080000000e+01   -5.4931398894e+00
3.3100000000e+01   -5.8853397936e+00
3.3120000000e+01   -5.6722448179e+00
3.3140000000e+01   -5.5119235825e+00
3.3160000000e+01   -6.3573548632e+00
3.3180000000e+01   -5.5668993193e+00
3.3200000000e+01   -5.5685398846e+00
3.3220000000e+01   -6.3386640473e+00
3.3240000000e+01   -5.5109467930e+00
3.3260000000e+01   -5.6749555673e+00
3.3280000000e+01   -5.8791287497e+00
3.3300000000e+01   -5.4926848226e+00
3.3320000000e+01   -5.8659476210e+00
3.3340000000e+01   -5.6817767257e+00
3.3360000000e+01   -5.5089689140e+00
3.3380000000e+01   -6.2985460618e+00
3.3400000000e+01   -5.5720652131e+00
3.3420000000e+01   -5.5626313009e+00
3.3440000000e+01   -6.4027317076e+00
3.3460000000e+01   -5.5131202746e+00
3.3480000000e+01   -5.6647869082e+00
3.3500000000e+01   -5.8983275433e+00
3.3520000000e+01   -5.4923480421e+00
3.3540000000e+01   -5.8474600539e+00
3.3560000000e+01   -5.6916655210e+00
3.3580000000e+01   -5.5061459513e+00
3.3600000000e+01   -6.2467584327e+00
3.3620000000e+01   -5.5774254759e+00
3.3640000000e+01   -5.5569063635e+00
3.3660000000e+01   -6.4782399178e+00
3.3680000000e+01   -5.5154293740e+00
3.3700000000e+01   -5.6549444278e+00
3.3720000000e+01   -5.9185866211e+00
3.3740000000e+01   -5.4921297365e+00
3.3760000000e+01   -5.8298002743e+00
3.3780000000e+01   -5.7019308515e+00
3.3800000000e+01   -5.5034528125e+00
3.3820000000e+01   -6.2004929670e+00
3.3840000000e+01   -5.5829865054e+00
3.3860000000e+01   -5.5513595771e+00
3.3880000000e+01   -6.5701013626e+00
3.3900000000e+01   -5.5178762034e+00
3.3920000000e+01   -5.6454123881e+00
3.3940000000e+01   -5.9400185332e+00
3.3960000000e+01   -5.4920297872e+00
3.3980000000e+01   -5.8129018172e+00
3.4000000000e+01   -5.7125949435e+00
3.4020000000e+01   -5.5008873050e+00
3.4040000000e+01   -6.1586869197e+00
3.4060000000e+01   -5.5887557588e+00
3.4080000000e+01   -5.5459852449e+00
3.4100000000e+01   -6.6872756817e+00
3.4120000000e+01   -5.5204635991e+00
3.4140000000e+01   -5.6361755446e+00
3.4160000000e+01   -5.9627533353e+00
3.4180000000e+01   -5.4920487357e+00
3.4200000000e+01   -5.7967049290e+00
3.4220000000e+01   -5.7236812095e+00
3.4240000000e+01   -5.4984479750e+00
3.4260000000e+01   -6.1205554774e+00
3.4280000000e+01   -5.5947404769e+00
3.4300000000e+01   -5.5407786994e+00
3.4320000000e+01   -6.8490039634e+00
3.4340000000e+01   -5.5231939257e+00
3.4360000000e+01   -5.6272206848e+00
3.4380000000e+01   -5.9869463957e+00
3.4400000000e+01   -5.4921865775e+00
3.4420000000e+01   -5.7811579812e+00
3.4440000000e+01   -5.7352166002e+00
3.4460000000e+01   -5.4961327907e+00
3.4480000000e+01   -6.0855071259e+00
3.4500000000e+01   -5.6009493937e+00
3.4520000000e+01   -5.5357347312e+00
3.4540000000e+01   -7.1109604566e+00
3.4560000000e+01   -5.5260706016e+00
3.4580000000e+01   -5.6185344920e+00
3.4600000000e+01   -6.0127800038e+00
3.4620000000e+01   -5.4924442708e+00
3.4640000000e+01   -5.7662133610e+00
3.4660000000e+01   -5.7472292577e+00
3.4680000000e+01   -5.4939407653e+00
3.4700000000e+01   -6.0530796329e+00
3.4720000000e+01   -5.6073906801e+00
3.4740000000e+01   -5.5308494775e+00
3.4760000000e+01   -7.8833630259e+00
3.4780000000e+01   -5.5290962092e+00
3.4800000000e+01   -5.6101059310e+00
3.4820000000e+01   -6.0404770398e+00
3.4840000000e+01   -5.4928218570e+00
3.4860000000e+01   -5.7518304390e+00
3.4880000000e+01   -5.7597522991e+00
3.4900000000e+01   -5.4918699316e+00
3.4920000000e+01   -6.0229111904e+00
3.4940000000e+01   -5.6140746657e+00
3.4960000000e+01   -5.5261180496e+00
3.4980000000e+01   -7.2879119094e+00
3.5000000000e+01   -5.5322748954e+00
3.5020000000e+01   -5.6019231324e+00
3.5040000000e+01   -6.0703042527e+00
3.5060000000e+01   -5.4933208111e+00
3.5080000000e+01   -5.7379703577e+00
3.5100000000e+01   -5.7728198821e+00
3.5120000000e+01   -5.4899198444e+00
3.5140000000e+01   -5.9947059481e+00
3.5160000000e+01   -5.6210105279e+00
3.5180000000e+01   -5.5215374167e+00
3.5200000000e+01   -6.9340659674e+00
3.5220000000e+01   -5.5356093908e+00
3.5240000000e+01   -5.5939770235e+00
3.5260000000e+01   -6.1025973840e+00
3.5280000000e+01   -5.4939411168e+00
3.5300000000e+01   -5.7246009460e+00
3.5320000000e+01   -5.7864733299e+00
3.5340000000e+01   -5.4880884712e+00
3.5360000000e+01   -5.9682276346e+00
3.5380000000e+01   -5.6282106280e+00
3.5400000000e+01   -5.5171028180e+00
3.5420000000e+01   -6.7411334104e+00
3.5440000000e+01   -5.5391047810e+00
3.5460000000e+01   -5.5862567377e+00
3.5480000000e+01   -6.1377692871e+00
3.5500000000e+01   -5.4946849170e+00
3.5520000000e+01   -5.7116896566e+00
3.5540000000e+01   -5.8007545672e+00
3.5560000000e+01   -5.4863760350e+00
3.5580000000e+01   -5.9432744175e+00
3.5600000000e+01   -5.6356852004e+00
3.5620000000e+01   -5.5128121453e+00
3.5640000000e+01   -6.6075754360e+00
3.5660000000e+01   -5.5427638187e+00
3.5680000000e+01   -5.5787550793e+00
3.5700000000e+01   -6.1763593136e+00
3.5720000000e+01   -5.4955519762e+00
3.5740000000e+01   -5.6992111154e+00
3.5760000000e+01   -5.8157160826e+00
3.5780000000e+01   -5.4847802500e+00
3.5800000000e+01   -5.9196848353e+00
3.5820000000e+01   -5.6434492550e+00
3.5840000000e+01   -5.5086605184e+00
3.5860000000e+01   -6.5052461133e+00
3.5880000000e+01   -5.5465928413e+00
3.5900000000e+01   -5.5714617234e+00
3.5920000000e+01   -6.2190567620e+00
3.5940000000e+01   -5.4965453430e+00
3.5960000000e+01   -5.6871371924e+00
3.5980000000e+01   -5.8314099846e+00
3.6000000000e+01   -5.4833022186e+00
3.6020000000e+01   -5.8973136160e+00
3.6040000000e+01   -5.6515140588e+00
3.6060000000e+01   -5.5046469383e+00
3.6080000000e+01   -6.4222009015e+00
3.6100000000e+01   -5.5505943932e+00
3.6120000000e+01   -5.5643714183e+00
3.6140000000e+01   -6.2668084787e+00
3.6160000000e+01   -5.4976643013e+00
3.6180000000e+01   -5.6754483037e+00
3.6200000000e+01   -5.8479043523e+00
3.6220000000e+01   -5.4819391170e+00
3.6240000000e+01   -5.8760472495e+00
3.6260000000e+01   -5.6598981682e+00
3.6280000000e+01   -5.5007660633e+00
3.6300000000e+01   -6.3522874960e+00
3.6320000000e+01   -5.5547765372e+00
3.6340000000e+01   -5.5574738504e+00
3.6360000000e+01   -6.3208967441e+00
3.6380000000e+01   -5.4989131730e+00
3.6400000000e+01   -5.6641191397e+00
3.6420000000e+01   -5.8652649124e+00
3.6440000000e+01   -5.4806932622e+00
3.6460000000e+01   -5.8557757983e+00
3.6480000000e+01   -5.6686137236e+00
3.6500000000e+01   -5.4970183241e+00
3.6520000000e+01   -6.2918662510e+00
3.6540000000e+01   -5.5591412183e+00
3.6560000000e+01   -5.5507659587e+00
3.6580000000e+01   -6.3832160150e+00
3.6600000000e+01   -5.5002903508e+00
3.6620000000e+01   -5.6531354326e+00
3.6640000000e+01   -5.8835821309e+00
3.6660000000e+01   -5.4795608628e+00
3.6680000000e+01   -5.8364187064e+00
3.6700000000e+01   -5.6776841507e+00
3.6720000000e+01   -5.4933974287e+00
3.6740000000e+01   -6.2386622660e+00
3.6760000000e+01   -5.5636989439e+00
3.6780000000e+01   -5.5442367727e+00
3.6800000000e+01   -6.4565849826e+00
3.6820000000e+01   -5.5018019999e+00
3.6840000000e+01   -5.6424731856e+00
3.6860000000e+01   -5.9029403902e+00
3.6880000000e+01   -5.4785459775e+00
3.6900000000e+01   -5.8178882553e+00
3.6920000000e+01   -5.6871220480e+00
3.6940000000e+01   -5.4899057612e+00
3.6960000000e+01   -6.1910927769e+00
3.6980000000e+01   -5.5684503956e+00
3.7000000000e+01   -5.5378859216e+00
3.7020000000e+01   -6.5456977134e+00
3.7040000000e+01   -5.5034449642e+00
3.7060000000e+01   -5.6321234925e+00
3.7080000000e+01   -5.9234633710e+00
3.7100000000e+01   -5.4776431821e+00
3.7120000000e+01   -5.8001283744e+00
3.7140000000e+01   -5.6969577141e+00
3.7160000000e+01   -5.4865353515e+00
3.7180000000e+01   -6.1480886295e+00
3.7200000000e+01   -5.5734096429e+00
3.7220000000e+01   -5.5317008655e+00
3.7240000000e+01   -6.6588654813e+00
3.7260000000e+01   -5.5052281453e+00
3.7280000000e+01   -5.6220620468e+00
3.7300000000e+01   -5.9452618077e+00
3.7320000000e+01   -5.4768591053e+00
3.7340000000e+01   -5.7830646165e+00
3.7360000000e+01   -5.7072033237e+00
3.7380000000e+01   -5.4832913707e+00
3.7400000000e+01   -6.1088077472e+00
3.7420000000e+01   -5.5785749963e+00
3.7440000000e+01   -5.5256847822e+00
3.7460000000e+01   -6.8138178031e+00
3.7480000000e+01   -5.5071457918e+00
3.7500000000e+01   -5.6122859266e+00
3.7520000000e+01   -5.9685105172e+00
3.7540000000e+01   -5.4761856590e+00
3.7560000000e+01   -5.7666609308e+00
3.7580000000e+01   -5.7178991322e+00
3.7600000000e+01   -5.4801630745e+00
3.7620000000e+01   -6.0726797816e+00
3.7640000000e+01   -5.5839658275e+00
3.7660000000e+01   -5.5198222634e+00
3.7680000000e+01   -7.0592496310e+00
3.7700000000e+01   -5.5092109353e+00
3.7720000000e+01   -5.6027685623e+00
3.7740000000e+01   -5.9933590443e+00
3.7760000000e+01   -5.4756333310e+00
3.7780000000e+01   -5.7508492308e+00
3.7800000000e+01   -5.7290551930e+00
3.7820000000e+01   -5.4771597214e+00
3.7840000000e+01   -6.0391875146e+00
3.7860000000e+01   -5.5895762525e+00
3.7880000000e+01   -5.5141214154e+00
3.7900000000e+01   -7.6899964953e+00
3.7920000000e+01   -5.5114135725e+00
3.7940000000e+01   -5.5935143598e+00
3.7960000000e+01   -6.0200643887e+00
3.7980000000e+01   -5.4751897727e+00
3.8000000000e+01   -5.7356118464e+00
3.8020000000e+01   -5.7407265407e+00
3.8040000000e+01   -5.4742661305e+00
3.8060000000e+01   -6.0080100245e+00
3.8080000000e+01   -5.5954336756e+00
3.8100000000e+01   -5.5085620629e+00
3.8120000000e+01   -7.3292642032e+00
3.8140000000e+01   -5.5137730432e+00
3.8160000000e+01   -5.5844919214e+00
3.8180000000e+01   -6.0488366131e+00
3.8200000000e+01   -5.4748713346e+00
3.8220000000e+01   -5.7208808334e+00
3.8240000000e+01   -5.7529179854e+00
3.8260000000e+01   -5.4714976620e+00
3.8280000000e+01   -5.9787874715e+00
3.8300000000e+01   -5.6015250299e+00
3.8320000000e+01   -5.5031594001e+00
3.8340000000e+01   -6.9404054377e+00
3.8360000000e+01   -5.5162724672e+00
3.8380000000e+01   -5.5757153086e+00
3.8400000000e+01   -6.0800718365e+00
3.8420000000e+01   -5.4746589247e+00
3.8440000000e+01   -5.7066576754e+00
3.8460000000e+01   -5.7657070126e+00
3.8480000000e+01   -5.4688321586e+00
3.8500000000e+01   -5.9513452428e+00
3.8520000000e+01   -5.6078900698e+00
3.8540000000e+01   -5.4978856559e+00
3.8560000000e+01   -6.7376020849e+00
3.8580000000e+01   -5.5189409111e+00
3.8600000000e+01   -5.5671447209e+00
3.8620000000e+01   -6.1140822265e+00
3.8640000000e+01   -5.4745778745e+00
3.8660000000e+01   -5.6928679898e+00
3.8680000000e+01   -5.7790875746e+00
3.8700000000e+01   -5.4662941967e+00
3.8720000000e+01   -5.9253995626e+00
3.8740000000e+01   -5.6145036581e+00
3.8760000000e+01   -5.4927664524e+00
3.8780000000e+01   -6.5988006771e+00
3.8800000000e+01   -5.5217504555e+00
3.8820000000e+01   -5.5588076180e+00
3.8840000000e+01   -6.1515153983e+00
3.8860000000e+01   -5.4745984820e+00
3.8880000000e+01   -5.6795356938e+00
3.8900000000e+01   -5.7931720198e+00
3.8920000000e+01   -5.4638507449e+00
3.8940000000e+01   -5.9008771133e+00
3.8960000000e+01   -5.6214247759e+00
3.8980000000e+01   -5.4877621632e+00
3.9000000000e+01   -6.4932810778e+00
3.9020000000e+01   -5.5247452741e+00
3.9040000000e+01   -5.5506506347e+00
3.9060000000e+01   -6.1928756608e+00
3.9080000000e+01   -5.4747599166e+00
3.9100000000e+01   -5.6665719951e+00
3.9120000000e+01   -5.8079334728e+00
3.9140000000e+01   -5.4615404050e+00
3.9160000000e+01   -5.8775225674e+00
3.9180000000e+01   -5.6286082272e+00
3.9200000000e+01   -5.4829139705e+00
3.9220000000e+01   -6.4076614256e+00
3.9240000000e+01   -5.5278798042e+00
3.9260000000e+01   -5.5427204510e+00
3.9280000000e+01   -6.2393073586e+00
3.9300000000e+01   -5.4750158360e+00
3.9320000000e+01   -5.6540295763e+00
3.9340000000e+01   -5.8235395472e+00
3.9360000000e+01   -5.4593132771e+00
3.9380000000e+01   -5.8553469588e+00
3.9400000000e+01   -5.6361432350e+00
3.9420000000e+01   -5.4781639414e+00
3.9440000000e+01   -6.3358946782e+00
3.9460000000e+01   -5.5312218153e+00
3.9480000000e+01   -5.5349425349e+00
3.9500000000e+01   -6.2917354259e+00
3.9520000000e+01   -5.4754268181e+00
3.9540000000e+01   -5.6417946501e+00
3.9560000000e+01   -5.8399249366e+00
3.9580000000e+01   -5.4572294119e+00
3.9600000000e+01   -5.8340886588e+00
3.9620000000e+01   -5.6439514836e+00
3.9640000000e+01   -5.4735766812e+00
3.9660000000e+01   -6.2736471438e+00
3.9680000000e+01   -5.5346976126e+00
3.9700000000e+01   -5.5273917107e+00
3.9720000000e+01   -6.3524212682e+00
3.9740000000e+01   -5.4759204638e+00
3.9760000000e+01   -5.6299591061e+00
3.9780000000e+01   -5.8573466275e+00
3.9800000000e+01   -5.4552128012e+00
3.9820000000e+01   -5.8138432071e+00
3.9840000000e+01   -5.6521701936e+00
3.9860000000e+01   -5.4690661385e+00
3.9880000000e+01   -6.2190847957e+00
3.9900000000e+01   -5.5384119943e+00
3.9920000000e+01   -5.5199609472e+00
3.9940000000e+01   -6.4234308174e+00
3.9960000000e+01   -5.4765905828e+00
3.9980000000e+01   -5.6183693105e+00
4.0000000000e+01   -5.8756697602e+00
