X    Y
0.0000000000e+00   0.0000000000e+00
2.0000000000e-02   -4.9351731070e-03
4.0000000000e-02   -1.4874747708e-02
6.0000000000e-02   -2.3529345994e-02
8.0000000000e-02   -3.1615800075e-02
1.0000000000e-01   -4.0767522692e-02
1.2000000000e-01   -4.9509997328e-02
1.4000000000e-01   -5.7813336466e-02
1.6000000000e-01   -6.6747720392e-02
1.8000000000e-01   -7.5548213265e-02
2.0000000000e-01   -8.3940210686e-02
2.2000000000e-01   -9.2759017291e-02
2.4000000000e-01   -1.0159355539e-01
2.6000000000e-01   -1.1004554465e-01
2.8000000000e-01   -1.1878524746e-01
3.0000000000e-01   -1.2763828513e-01
3.2000000000e-01   -1.3614157315e-01
3.4000000000e-01   -1.4482110710e-01
3.6000000000e-01   -1.5368053221e-01
3.8000000000e-01   -1.6223220435e-01
4.0000000000e-01   -1.7086457408e-01
4.2000000000e-01   -1.7971997684e-01
4.4000000000e-01   -1.8831863115e-01
4.6000000000e-01   -1.9691476624e-01
4.8000000000e-01   -2.0575694125e-01
5.0000000000e-01   -2.1440097336e-01
5.2000000000e-01   -2.2297117557e-01
5.4000000000e-01   -2.3179211118e-01
5.6000000000e-01   -2.4047890752e-01
5.8000000000e-01   -2.4903334253e-01
6.0000000000e-01   -2.5782641041e-01
6.2000000000e-01   -2.6655196840e-01
6.4000000000e-01   -2.7510070298e-01
6.6000000000e-01   -2.8386091535e-01
6.8000000000e-01   -2.9261972215e-01
7.0000000000e-01   -3.0117251782e-01
7.2000000000e-01   -3.0989677796e-01
7.4000000000e-01   -3.1868187883e-01
7.6000000000e-01   -3.2724785106e-01
7.8000000000e-01   -3.3593514844e-01
8.0000000000e-01   -3.4473836878e-01
8.2000000000e-01   -3.5332558126e-01
8.4000000000e-01   -3.6197709693e-01
8.6000000000e-01   -3.7078939150e-01
8.8000000000e-01   -3.7940443867e-01
9.0000000000e-01   -3.8802353693e-01
9.2000000000e-01   -3.9683543984e-01
9.4000000000e-01   -4.0548306230e-01
9.6000000000e-01   -4.1407515443e-01
9.8000000000e-01   -4.2287729999e-01
1.0000000000e+00   -4.3156007223e-01
1.0200000000e+00   -4.4013234769e-01
1.0400000000e+00   -4.4891602787e-01
1.0600000000e+00   -4.5763415156e-01
1.0800000000e+00   -4.6619518219e-01
1.1000000000e+00   -4.7495290287e-01
1.1200000000e+00   -4.8370413222e-01
1.1400000000e+00   -4.9226336504e-01
1.1600000000e+00   -5.0098936124e-01
1.1800000000e+00   -5.0976907838e-01
1.2000000000e+00   -5.1833624216e-01
1.2200000000e+00   -5.2702691270e-01
1.2400000000e+00   -5.3582836090e-01
1.2600000000e+00   -5.4441282016e-01
1.2800000000e+00   -5.5306704503e-01
1.3000000000e+00   -5.6188171659e-01
1.3200000000e+00   -5.7049181356e-01
1.3400000000e+00   -5.7911112274e-01
1.3600000000e+00   -5.8792928667e-01
1.3800000000e+00   -5.9657171586e-01
1.4000000000e+00   -6.0516028676e-01
1.4200000000e+00   -6.1397162974e-01
1.4400000000e+00   -6.2265089143e-01
1.4600000000e+00   -6.3121536233e-01
1.4800000000e+00   -6.4000970632e-01
1.5000000000e+00   -6.4872768327e-01
1.5200000000e+00   -6.5727678261e-01
1.5400000000e+00   -6.6604483367e-01
1.5600000000e+00   -6.7480053011e-01
1.5800000000e+00   -6.8334453473e-01
1.6000000000e+00   -6.9207861187e-01
1.6200000000e+00   -7.0086808507e-01
1.6400000000e+00   -7.0941813406e-01
1.6600000000e+00   -7.1811282420e-01
1.6800000000e+00   -7.2692932713e-01
1.7000000000e+00   -7.3549663100e-01
1.7200000000e+00   -7.4414931709e-01
1.7400000000e+00   -7.5298365691e-01
1.7600000000e+00   -7.6157865209e-01
1.7800000000e+00   -7.7018986699e-01
1.8000000000e+00   -7.7903096790e-01
1.8200000000e+00   -7.8766247564e-01
1.8400000000e+00   -7.9623604292e-01
1.8600000000e+00   -8.0507168633e-01
1.8800000000e+00   -8.1374613867e-01
1.9000000000e+00   -8.2228907456e-01
1.9200000000e+00   -8.3110677374e-01
1.9400000000e+00   -8.3982756992e-01
1.9600000000e+00   -8.4834973623e-01
1.9800000000e+00   -8.5713768945e-01
2.0000000000e+00   -8.6590474088e-01
2.0200000000e+00   -8.7441825674e-01
2.0400000000e+00   -8.8316631232e-01
2.0600000000e+00   -8.9197582502e-01
2.0800000000e+00   -9.0049426398e-01
2.1000000000e+00   -9.0919482474e-01
2.1200000000e+00   -9.1803935344e-01
2.1400000000e+00   -9.2657677125e-01
2.1600000000e+00   -9.3522556455e-01
2.1800000000e+00   -9.4409435495e-01
2.2000000000e+00   -9.5266420988e-01
2.2200000000e+00   -9.6126085384e-01
2.2400000000e+00   -9.7014046822e-01
2.2600000000e+00   -9.7875450934e-01
2.2800000000e+00   -9.8730281584e-01
2.3000000000e+00   -9.9617801514e-01
2.3200000000e+00   -1.0048452228e+00
2.3400000000e+00   -1.0133531931e+00
2.3600000000e+00   -1.0222080264e+00
2.3800000000e+00   -1.0309336919e+00
2.4000000000e+00   -1.0394131814e+00
2.4200000000e+00   -1.0482322131e+00
2.4400000000e+00   -1.0570172419e+00
2.4600000000e+00   -1.0654832926e+00
2.4800000000e+00   -1.0742528832e+00
2.5000000000e+00   -1.0830933931e+00
2.5200000000e+00   -1.0915632616e+00
2.5400000000e+00   -1.1002728029e+00
2.5600000000e+00   -1.1091600750e+00
2.5800000000e+00   -1.1176520055e+00
2.6000000000e+00   -1.1262950115e+00
2.6200000000e+00   -1.1352158253e+00
2.6400000000e+00   -1.1437476457e+00
2.6600000000e+00   -1.1523225989e+00
2.6800000000e+00   -1.1612599558e+00
2.7000000000e+00   -1.1698475944e+00
2.7200000000e+00   -1.1783584613e+00
2.7400000000e+00   -1.1872926715e+00
2.7600000000e+00   -1.1959487051e+00
2.7800000000e+00   -1.2044050515e+00
2.8000000000e+00   -1.2133151267e+00
2.8200000000e+00   -1.2220474815e+00
2.8400000000e+00   -1.2304641446e+00
2.8600000000e+00   -1.2393294098e+00
2.8800000000e+00   -1.2481403319e+00
2.9000000000e+00   -1.2565366374e+00
2.9200000000e+00   -1.2653384505e+00
2.9400000000e+00   -1.2742238535e+00
2.9600000000e+00   -1.2826224021e+00
2.9800000000e+00   -1.2913458523e+00
3.0000000000e+00   -1.3002951271e+00
3.0200000000e+00   -1.3087202088e+00
3.0400000000e+00   -1.3173556548e+00
3.0600000000e+00   -1.3263519969e+00
3.0800000000e+00   -1.3348277318e+00
3.1000000000e+00   -1.3433720408e+00
3.1200000000e+00   -1.3523933141e+00
3.1400000000e+00   -1.3609416442e+00
3.1600000000e+00   -1.3693990063e+00
3.1800000000e+00   -1.3784191181e+00
3.2000000000e+00   -1.3870578029e+00
3.2200000000e+00   -1.3954400170e+00
3.2400000000e+00   -1.4044307379e+00
3.2600000000e+00   -1.4131715173e+00
3.2800000000e+00   -1.4214976771e+00
3.3000000000e+00   -1.4304307950e+00
3.3200000000e+00   -1.4392778873e+00
3.3400000000e+00   -1.4475734394e+00
3.3600000000e+00   -1.4564231012e+00
3.3800000000e+00   -1.4653721892e+00
3.4000000000e+00   -1.4736673830e+00
3.4200000000e+00   -1.4824124492e+00
3.4400000000e+00   -1.4914502834e+00
3.4600000000e+00   -1.4997780827e+00
3.4800000000e+00   -1.5084043038e+00
3.5000000000e+00   -1.5175090109e+00
3.5200000000e+00   -1.5259025900e+00
3.5400000000e+00   -1.5344044095e+00
3.5600000000e+00   -1.5435465459e+00
3.5800000000e+00   -1.5520365374e+00
3.6000000000e+00   -1.5604183406e+00
3.6200000000e+00   -1.5695626694e+00
3.6400000000e+00   -1.5781743695e+00
3.6600000000e+00   -1.5864510241e+00
3.6800000000e+00   -1.5955589353e+00
3.7000000000e+00   -1.6043096941e+00
3.7200000000e+00   -1.6125062713e+00
3.7400000000e+00   -1.6215387034e+00
3.7600000000e+00   -1.6304357371e+00
3.7800000000e+00   -1.6385863589e+00
3.8000000000e+00   -1.6475070258e+00
3.8200000000e+00   -1.6565458719e+00
3.8400000000e+00   -1.6646916966e+00
3.8600000000e+00   -1.6734703813e+00
3.8800000000e+00   -1.6826341890e+00
3.9000000000e+00   -1.6908206172e+00
3.9200000000e+00   -1.6994362667e+00
3.9400000000e+00   -1.7086960596e+00
3.9600000000e+00   -1.7169693181e+00
3.9800000000e+00   -1.7254126662e+00
4.0000000000e+00   -1.7347286468e+00
4.0200000000e+00   -1.7431319741e+00
4.0400000000e+00   -1.7514074302e+00
4.0600000000e+00   -1.7607313143e+00
4.0800000000e+00   -1.7693010297e+00
4.1000000000e+00   -1.7774276078e+00
4.1200000000e+00   -1.7867058906e+00
4.1400000000e+00   -1.7954676642e+00
4.1600000000e+00   -1.8034787823e+00
4.1800000000e+00   -1.8126567492e+00
4.2000000000e+00   -1.8216224099e+00
4.2200000000e+00   -1.8295644650e+00
4.2400000000e+00   -1.8385906828e+00
4.2600000000e+00   -1.8477558866e+00
4.2800000000e+00   -1.8556856014e+00
4.3000000000e+00   -1.8645165629e+00
4.3200000000e+00   -1.8738596022e+00
4.3400000000e+00   -1.8818402421e+00
4.3600000000e+00   -1.8904447915e+00
4.3800000000e+00   -1.8999267594e+00
4.4000000000e+00   -1.9080234215e+00
4.4200000000e+00   -1.9163865744e+00
4.4400000000e+00   -1.9259529986e+00
4.4600000000e+00   -1.9342272752e+00
4.4800000000e+00   -1.9423530573e+00
4.5000000000e+00   -1.9519370078e+00
4.5200000000e+00   -1.9604414120e+00
4.5400000000e+00   -1.9683543853e+00
4.5600000000e+00   -1.9778809329e+00
4.5800000000e+00   -1.9866535361e+00
4.6000000000e+00   -1.9943987555e+00
4.6200000000e+00   -2.0037905344e+00
4.6400000000e+00   -2.0128502954e+00
4.6600000000e+00   -2.0204915380e+00
4.6800000000e+00   -2.0296750516e+00
4.7000000000e+00   -2.0390183071e+00
4.7200000000e+00   -2.0466345458e+00
4.7400000000e+00   -2.0555467594e+00
4.7600000000e+00   -2.0651452939e+00
4.7800000000e+00   -2.0728255255e+00
4.8000000000e+00   -2.0814202259e+00
4.8200000000e+00   -2.0912212431e+00
4.8400000000e+00   -2.0990579354e+00
4.8600000000e+00   -2.1073113062e+00
4.8800000000e+00   -2.1172394927e+00
4.9000000000e+00   -2.1253210579e+00
4.9200000000e+00   -2.1332359327e+00
4.9400000000e+00   -2.1431976389e+00
4.9600000000e+00   -2.1516004740e+00
4.9800000000e+00   -2.1592087821e+00
5.0000000000e+00   -2.1690981707e+00
5.0200000000e+00   -2.1778789016e+00
5.0400000000e+00   -2.1852419184e+00
5.0600000000e+00   -2.1949487455e+00
5.0800000000e+00   -2.2041373669e+00
5.1000000000e+00   -2.2113435180e+00
5.1200000000e+00   -2.2207620499e+00
5.1400000000e+00   -2.2303566473e+00
5.1600000000e+00   -2.2375167900e+00
5.1800000000e+00   -2.2465552159e+00
5.2000000000e+00   -2.2565188935e+00
5.2200000000e+00   -2.2637591964e+00
5.2400000000e+00   -2.2723488048e+00
5.2600000000e+00   -2.2826093070e+00
5.2800000000e+00   -2.2900620694e+00
5.3000000000e+00   -2.2981654029e+00
5.3200000000e+00   -2.3086177325e+00
5.3400000000e+00   -2.3164106981e+00
5.3600000000e+00   -2.3240279149e+00
5.3800000000e+00   -2.3345400144e+00
5.4000000000e+00   -2.3427849328e+00
5.4200000000e+00   -2.3499576664e+00
5.4400000000e+00   -2.3603789696e+00
5.4600000000e+00   -2.3691603172e+00
5.4800000000e+00   -2.3759724542e+00
5.5000000000e+00   -2.3861448533e+00
5.5200000000e+00   -2.3955097147e+00
5.5400000000e+00   -2.4020846951e+00
5.5600000000e+00   -2.4118552259e+00
5.5800000000e+00   -2.4218053505e+00
5.6000000000e+00   -2.4282998310e+00
5.6200000000e+00   -2.4375341772e+00
5.6400000000e+00   -2.4480211412e+00
5.6600000000e+00   -2.4546151429e+00
5.6800000000e+00   -2.4632109187e+00
5.7000000000e+00   -2.4741351365e+00
5.7200000000e+00   -2.4810191115e+00
5.7400000000e+00   -2.4889178097e+00
5.7600000000e+00   -2.5001318692e+00
5.7800000000e+00   -2.5074914398e+00
5.8000000000e+00   -2.5146879344e+00
5.8200000000e+00   -2.5260043858e+00
5.8400000000e+00   -2.5340038139e+00
5.8600000000e+00   -2.5405523904e+00
5.8800000000e+00   -2.5517557393e+00
5.9000000000e+00   -2.5605214311e+00
5.9200000000e+00   -2.5665374831e+00
5.9400000000e+00   -2.5773997509e+00
5.9600000000e+00   -2.5870052661e+00
5.9800000000e+00   -2.5926620364e+00
6.0000000000e+00   -2.6029609025e+00
6.0200000000e+00   -2.6134149735e+00
6.0400000000e+00   -2.6189350423e+00
6.0600000000e+00   -2.6284732906e+00
6.0800000000e+00   -2.6397122521e+00
6.1000000000e+00   -2.6453538640e+00
6.1200000000e+00   -2.6539786557e+00
6.1400000000e+00   -2.6658644232e+00
6.1600000000e+00   -2.6719031926e+00
6.1800000000e+00   -2.6795235827e+00
6.2000000000e+00   -2.6918479185e+00
6.2200000000e+00   -2.6985549304e+00
6.2400000000e+00   -2.7051560432e+00
6.2600000000e+00   -2.7176513376e+00
6.2800000000e+00   -2.7252691268e+00
6.3000000000e+00   -2.7309215107e+00
6.3200000000e+00   -2.7432777365e+00
6.3400000000e+00   -2.7519960330e+00
6.3600000000e+00   -2.7568589200e+00
6.3800000000e+00   -2.7687458534e+00
6.4000000000e+00   -2.7786792588e+00
6.4200000000e+00   -2.7829967676e+00
6.4400000000e+00   -2.7940900543e+00
6.4600000000e+00   -2.8052599118e+00
6.4800000000e+00   -2.8093496577e+00
6.5000000000e+00   -2.8193588957e+00
6.5200000000e+00   -2.8316814839e+00
6.5400000000e+00   -2.8359155938e+00
6.5600000000e+00   -2.8446123294e+00
6.5800000000e+00   -2.8578951315e+00
6.6000000000e+00   -2.8626742997e+00
6.6200000000e+00   -2.8699176952e+00
6.6400000000e+00   -2.8838648915e+00
6.6600000000e+00   -2.8895868273e+00
6.6800000000e+00   -2.8953447618e+00
6.7000000000e+00   -2.9095723150e+00
6.7200000000e+00   -2.9165966572e+00
6.7400000000e+00   -2.9209601486e+00
6.7600000000e+00   -2.9350199886e+00
6.7800000000e+00   -2.9436324289e+00
6.8000000000e+00   -2.9468215169e+00
6.8200000000e+00   -2.9602334794e+00
6.8400000000e+00   -2.9706123235e+00
6.8600000000e+00   -2.9729719355e+00
6.8800000000e+00   -2.9852613709e+00
6.9000000000e+00   -2.9974499767e+00
6.9200000000e+00   -2.9994348325e+00
6.9400000000e+00   -3.0101732356e+00
6.9600000000e+00   -3.0240616148e+00
6.9800000000e+00   -3.0262099379e+00
7.0000000000e+00   -3.0350555999e+00
7.0200000000e+00   -3.0503739071e+00
7.0400000000e+00   -3.0532706093e+00
7.0600000000e+00   -3.0600061485e+00
7.0800000000e+00   -3.0763318435e+00
7.1000000000e+00   -3.0805629165e+00
7.1200000000e+00   -3.0851265696e+00
7.1400000000e+00   -3.1019058203e+00
7.1600000000e+00   -3.1080068227e+00
7.1800000000e+00   -3.1105145452e+00
7.2000000000e+00   -3.1270970876e+00
7.2200000000e+00   -3.1354997253e+00
7.2400000000e+00   -3.1362554296e+00
7.2600000000e+00   -3.1519408129e+00
7.2800000000e+00   -3.1629224876e+00
7.3000000000e+00   -3.1624141673e+00
7.3200000000e+00   -3.1765062340e+00
7.3400000000e+00   -3.1901478792e+00
7.3600000000e+00   -3.1890279798e+00
7.3800000000e+00   -3.2008936910e+00
7.4000000000e+00   -3.2170510512e+00
7.4200000000e+00   -3.2161003394e+00
7.4400000000e+00   -3.2252286698e+00
7.4600000000e+00   -3.2435213284e+00
7.4800000000e+00   -3.2435967482e+00
7.5000000000e+00   -3.2496533022e+00
7.5200000000e+00   -3.2694742527e+00
7.5400000000e+00   -3.2714428555e+00
7.5600000000e+00   -3.2743159831e+00
7.5800000000e+00   -3.2948625575e+00
7.6000000000e+00   -3.2995254571e+00
7.6200000000e+00   -3.2993598784e+00
7.6400000000e+00   -3.3196846739e+00
7.6600000000e+00   -3.3276968830e+00
7.6800000000e+00   -3.3249110951e+00
7.7000000000e+00   -3.3439895261e+00
7.7200000000e+00   -3.3557831447e+00
7.7400000000e+00   -3.3510672265e+00
7.7600000000e+00   -3.3678767769e+00
7.7800000000e+00   -3.3835959252e+00
7.8000000000e+00   -3.3778869094e+00
7.8200000000e+00   -3.3914922524e+00
7.8400000000e+00   -3.4109480346e+00
7.8600000000e+00   -3.4053809909e+00
7.8800000000e+00   -3.4150188835e+00
7.9000000000e+00   -3.4376713277e+00
7.9200000000e+00   -3.4335059296e+00
7.9400000000e+00   -3.4386640144e+00
7.9600000000e+00   -3.4636354210e+00
7.9800000000e+00   -3.4621601538e+00
8.0000000000e+00   -3.4626442295e+00
8.0200000000e+00   -3.4887649946e+00
8.0400000000e+00   -3.4911842341e+00
8.0600000000e+00   -3.4871689183e+00
8.0800000000e+00   -3.5130532611e+00
8.1000000000e+00   -3.5203658232e+00
8.1200000000e+00   -3.5124236702e+00
8.1400000000e+00   -3.5365694497e+00
8.1600000000e+00   -3.5494502630e+00
8.1800000000e+00   -3.5385543628e+00
8.2000000000e+00   -3.5594589246e+00
8.2200000000e+00   -3.5781574167e+00
8.2400000000e+00   -3.5656525915e+00
8.2600000000e+00   -3.5819356587e+00
8.2800000000e+00   -3.6062045540e+00
8.3000000000e+00   -3.5937429853e+00
8.3200000000e+00   -3.6042679165e+00
8.3400000000e+00   -3.6333339867e+00
8.3600000000e+00   -3.6227730256e+00
8.3800000000e+00   -3.6267588644e+00
8.4000000000e+00   -3.6593427981e+00
8.4200000000e+00   -3.6526062521e+00
8.4400000000e+00   -3.6497242108e+00
8.4600000000e+00   -3.6841108077e+00
8.4800000000e+00   -3.6830201598e+00
8.5000000000e+00   -3.6734688622e+00
8.5200000000e+00   -3.7076223525e+00
8.5400000000e+00   -3.7137105376e+00
8.5600000000e+00   -3.6982641069e+00
8.5800000000e+00   -3.7299779531e+00
8.6000000000e+00   -3.7443042590e+00
8.6200000000e+00   -3.7243262295e+00
8.6400000000e+00   -3.7513935154e+00
8.6600000000e+00   -3.7743822875e+00
8.6800000000e+00   -3.7517969388e+00
8.7000000000e+00   -3.7721869901e+00
8.7200000000e+00   -3.8035135809e+00
8.7400000000e+00   -3.7807257485e+00
8.7600000000e+00   -3.7927546491e+00
8.7800000000e+00   -3.8312984909e+00
8.8000000000e+00   -3.8110545844e+00
8.8200000000e+00   -3.8135406137e+00
8.8400000000e+00   -3.8574173949e+00
8.8600000000e+00   -3.8426054623e+00
8.8800000000e+00   -3.8350036146e+00
8.9000000000e+00   -3.8816774791e+00
8.9200000000e+00   -3.8750730619e+00
8.9400000000e+00   -3.8575842698e+00
8.9600000000e+00   -3.9040490738e+00
8.9800000000e+00   -3.9080252710e+00
9.0000000000e+00   -3.8816748534e+00
9.0200000000e+00   -3.9246838457e+00
9.0400000000e+00   -3.9409159337e+00
9.0600000000e+00   -3.9075921184e+00
9.0800000000e+00   -3.9439106775e+00
9.1000000000e+00   -3.9731144441e+00
9.1200000000e+00   -3.9355526535e+00
9.1400000000e+00   -3.9622101164e+00
9.1600000000e+00   -4.0039555502e+00
9.1800000000e+00   -3.9656497380e+00
9.2000000000e+00   -3.9801728957e+00
9.2200000000e+00   -4.0328089481e+00
9.2400000000e+00   -3.9978308575e+00
9.2600000000e+00   -3.9984504944e+00
9.2800000000e+00   -4.0591619803e+00
9.3000000000e+00   -4.0318760452e+00
9.3200000000e+00   -4.0177054251e+00
9.3400000000e+00   -4.0827017249e+00
9.3600000000e+00   -4.0673791264e+00
9.3800000000e+00   -4.0385665654e+00
9.4000000000e+00   -4.1033783922e+00
9.4200000000e+00   -4.1037367745e+00
9.4400000000e+00   -4.0615916423e+00
9.4600000000e+00   -4.1214336752e+00
9.4800000000e+00   -4.1401536981e+00
9.5000000000e+00   -4.0872360927e+00
9.5200000000e+00   -4.1373863288e+00
9.5400000000e+00   -4.1756751014e+00
9.5600000000e+00   -4.1158255604e+00
9.5800000000e+00   -4.1519794148e+00
9.6000000000e+00   -4.2092574472e+00
9.6200000000e+00   -4.1475284241e+00
9.6400000000e+00   -4.1661036262e+00
9.6600000000e+00   -4.2398823649e+00
9.6800000000e+00   -4.1823249414e+00
9.7000000000e+00   -4.1807146213e+00
9.7200000000e+00   -4.2667044910e+00
9.7400000000e+00   -4.2199709481e+00
9.7600000000e+00   -4.1967590511e+00
9.7800000000e+00   -4.2892052148e+00
9.8000000000e+00   -4.2599570054e+00
9.8200000000e+00   -4.2151169711e+00
9.8400000000e+00   -4.3073106199e+00
9.8600000000e+00   -4.3014691872e+00
9.8800000000e+00   -4.2365611807e+00
9.9000000000e+00   -4.3214352213e+00
9.9200000000e+00   -4.3433659144e+00
9.9400000000e+00   -4.2617289355e+00
9.9600000000e+00   -4.3324366766e+00
9.9800000000e+00   -4.3841954016e+00
1.0000000000e+01   -4.2910987898e+00
1.0020000000e+01   -4.3414988319e+00
1.0040000000e+01   -4.4222855229e+00
1.0060000000e+01   -4.3249643964e+00
1.0080000000e+01   -4.3499825157e+00
1.0100000000e+01   -4.4559319022e+00
1.0120000000e+01   -4.3633971419e+00
1.0140000000e+01   -4.3592849305e+00
1.0160000000e+01   -4.4836791010e+00
1.0180000000e+01   -4.4061903536e+00
1.0200000000e+01   -4.3707336576e+00
1.0220000000e+01   -4.5046352954e+00
1.0240000000e+01   -4.4527804199e+00
1.0260000000e+01   -4.3855222333e+00
1.0280000000e+01   -4.5187127799e+00
1.0300000000e+01   -4.5021470747e+00
1.0320000000e+01   -4.4046802541e+00
1.0340000000e+01   -4.5266919806e+00
1.0360000000e+01   -4.5527106583e+00
1.0380000000e+01   -4.4290644696e+00
1.0400000000e+01   -4.5300808982e+00
1.0420000000e+01   -4.6022725659e+00
1.0440000000e+01   -4.4593560821e+00
1.0460000000e+01   -4.5308371084e+00
1.0480000000e+01   -4.6480825343e+00
1.0500000000e+01   -4.4960500983e+00
1.0520000000e+01   -4.5310661070e+00
1.0540000000e+01   -4.6871357667e+00
1.0560000000e+01   -4.5394225119e+00
1.0580000000e+01   -4.5327869332e+00
1.0600000000e+01   -4.7167470401e+00
1.0620000000e+01   -4.5894591605e+00
1.0640000000e+01   -4.5377994837e+00
1.0660000000e+01   -4.7352784947e+00
1.0680000000e+01   -4.6457268521e+00
1.0700000000e+01   -4.5476415726e+00
1.0720000000e+01   -4.7427006448e+00
1.0740000000e+01   -4.7071668301e+00
1.0760000000e+01   -4.5636042029e+00
1.0780000000e+01   -4.7406631453e+00
1.0800000000e+01   -4.7718047143e+00
1.0820000000e+01   -4.5867739026e+00
1.0840000000e+01   -4.7320342524e+00
1.0860000000e+01   -4.8364258161e+00
1.0880000000e+01   -4.6180787519e+00
1.0900000000e+01   -4.7201906046e+00
1.0920000000e+01   -4.8963951484e+00
1.0940000000e+01   -4.6583211922e+00
1.0960000000e+01   -4.7084040760e+00
1.0980000000e+01   -4.9459903457e+00
1.1000000000e+01   -4.7081816969e+00
1.1020000000e+01   -4.6994987640e+00
1.1040000000e+01   -4.9796448182e+00
1.1060000000e+01   -4.7681703696e+00
1.1080000000e+01   -4.6957607237e+00
1.1100000000e+01   -4.9939545140e+00
1.1120000000e+01   -4.8384850994e+00
1.1140000000e+01   -4.6990022965e+00
1.1160000000e+01   -4.9892945970e+00
1.1180000000e+01   -4.9187002660e+00
1.1200000000e+01   -4.7106911874e+00
1.1220000000e+01   -4.9697246783e+00
1.1240000000e+01   -5.0071605771e+00
1.1260000000e+01   -4.7320915581e+00
1.1280000000e+01   -4.9412742360e+00
1.1300000000e+01   -5.0999348977e+00
1.1320000000e+01   -4.7643958408e+00
1.1340000000e+01   -4.9099934275e+00
1.1360000000e+01   -5.1893934677e+00
1.1380000000e+01   -4.8088438630e+00
1.1400000000e+01   -4.8808311003e+00
1.1420000000e+01   -5.2633787690e+00
1.1440000000e+01   -4.8668327016e+00
1.1460000000e+01   -4.8573994617e+00
1.1480000000e+01   -5.3075582931e+00
1.1500000000e+01   -4.9400184556e+00
1.1520000000e+01   -4.8422137398e+00
1.1540000000e+01   -5.3127200558e+00
1.1560000000e+01   -5.0303948967e+00
1.1580000000e+01   -4.8370601767e+00
1.1600000000e+01   -5.2816378445e+00
1.1620000000e+01   -5.1402796831e+00
1.1640000000e+01   -4.8433357169e+00
1.1660000000e+01   -5.2270104866e+00
1.1680000000e+01   -5.2719645414e+00
1.1700000000e+01   -4.8623276086e+00
1.1720000000e+01   -5.1632540604e+00
1.1740000000e+01   -5.4262313099e+00
1.1760000000e+01   -4.8954561376e+00
1.1780000000e+01   -5.1011107753e+00
1.1800000000e+01   -5.5973428188e+00
1.1820000000e+01   -4.9445276709e+00
1.1840000000e+01   -5.0469981980e+00
1.1860000000e+01   -5.7596722989e+00
1.1880000000e+01   -5.0120711809e+00
1.1900000000e+01   -5.0043286903e+00
1.1920000000e+01   -5.8523141939e+00
1.1940000000e+01   -5.1018947733e+00
1.1960000000e+01   -4.9748640871e+00
1.1980000000e+01   -5.8201801532e+00
1.2000000000e+01   -5.2201823283e+00
1.2020000000e+01   -4.9596291700e+00
1.2040000000e+01   -5.6951037812e+00
1.2060000000e+01   -5.3780624928e+00
1.2080000000e+01   -4.9594682825e+00
1.2100000000e+01   -5.5457818196e+00
1.2120000000e+01   -5.5991907607e+00
1.2140000000e+01   -4.9754126454e+00
1.2160000000e+01   -5.4089435487e+00
1.2180000000e+01   -5.9533483598e+00
1.2200000000e+01   -5.0090006655e+00
1.2220000000e+01   -5.2951875159e+00
1.2240000000e+01   -7.2224825229e+00
1.2260000000e+01   -5.0626902345e+00
1.2280000000e+01   -5.2054659060e+00
1.2300000000e+01   -6.2300996600e+00
1.2320000000e+01   -5.1405821463e+00
1.2340000000e+01   -5.1382772661e+00
1.2360000000e+01   -6.0923929206e+00
1.2380000000e+01   -5.2499851263e+00
1.2400000000e+01   -5.0919647846e+00
1.2420000000e+01   -6.2162896813e+00
1.2440000000e+01   -5.4055585248e+00
1.2460000000e+01   -5.0653770155e+00
1.2480000000e+01   -7.5633672373e+00
1.2500000000e+01   -5.6440494014e+00
1.2520000000e+01   -5.0580683753e+00
1.2540000000e+01   -6.0635403918e+00
1.2560000000e+01   -6.1231683607e+00
1.2580000000e+01   -5.0704339271e+00
1.2600000000e+01   -5.7046041954e+00
1.2620000000e+01   -6.2851824745e+00
1.2640000000e+01   -5.1039539340e+00
1.2660000000e+01   -5.4953165396e+00
1.2680000000e+01   -5.8344621011e+00
1.2700000000e+01   -5.1617343679e+00
1.2720000000e+01   -5.3548732492e+00
1.2740000000e+01   -5.6930641906e+00
1.2760000000e+01   -5.2497662007e+00
1.2780000000e+01   -5.2577661666e+00
1.2800000000e+01   -5.6609907644e+00
1.2820000000e+01   -5.3802435885e+00
1.2840000000e+01   -5.1927365266e+00
1.2860000000e+01   -5.7131400918e+00
1.2880000000e+01   -5.5827050933e+00
1.2900000000e+01   -5.1541827224e+00
1.2920000000e+01   -5.8784397246e+00
1.2940000000e+01   -5.9666669314e+00
1.2960000000e+01   -5.1394536273e+00
1.2980000000e+01   -6.3885497216e+00
1.3000000000e+01   -6.4851320612e+00
1.3020000000e+01   -5.1479025081e+00
1.3040000000e+01   -6.1425962530e+00
1.3060000000e+01   -5.8214363794e+00
1.3080000000e+01   -5.1807461093e+00
1.3100000000e+01   -5.7074683731e+00
1.3120000000e+01   -5.6227456383e+00
1.3140000000e+01   -5.2416305012e+00
1.3160000000e+01   -5.4941713395e+00
1.3180000000e+01   -5.5381234293e+00
1.3200000000e+01   -5.3384918839e+00
1.3220000000e+01   -5.3621933914e+00
1.3240000000e+01   -5.5200852657e+00
1.3260000000e+01   -5.4892970539e+00
1.3280000000e+01   -5.2775798342e+00
1.3300000000e+01   -5.5598586935e+00
1.3320000000e+01   -5.7458536526e+00
1.3340000000e+01   -5.2271707922e+00
1.3360000000e+01   -5.6702451554e+00
1.3380000000e+01   -6.4483968692e+00
1.3400000000e+01   -5.2051855747e+00
1.3420000000e+01   -5.9120804950e+00
1.3440000000e+01   -6.0129645847e+00
1.3460000000e+01   -5.2095988151e+00
1.3480000000e+01   -6.9982639175e+00
1.3500000000e+01   -5.6802048017e+00
1.3520000000e+01   -5.2411788516e+00
1.3540000000e+01   -5.9441327859e+00
1.3560000000e+01   -5.5349904343e+00
1.3580000000e+01   -5.3039252970e+00
1.3600000000e+01   -5.6228734188e+00
1.3620000000e+01   -5.4683056451e+00
1.3640000000e+01   -5.4074723020e+00
1.3660000000e+01   -5.4519976160e+00
1.3680000000e+01   -5.4544649068e+00
1.3700000000e+01   -5.5754993119e+00
1.3720000000e+01   -5.3479675099e+00
1.3740000000e+01   -5.4883345819e+00
1.3760000000e+01   -5.8875174931e+00
1.3780000000e+01   -5.2864031643e+00
1.3800000000e+01   -5.5782523478e+00
1.3820000000e+01   -7.1569268330e+00
1.3840000000e+01   -5.2576459727e+00
1.3860000000e+01   -5.7580584888e+00
1.3880000000e+01   -5.8744161148e+00
1.3900000000e+01   -5.2580866159e+00
1.3920000000e+01   -6.1933399715e+00
1.3940000000e+01   -5.6185567531e+00
1.3960000000e+01   -5.2879152438e+00
1.3980000000e+01   -6.2366098583e+00
1.4000000000e+01   -5.4940913847e+00
1.4020000000e+01   -5.3512711821e+00
1.4040000000e+01   -5.7412461558e+00
1.4060000000e+01   -5.4347386482e+00
1.4080000000e+01   -5.4590262630e+00
1.4100000000e+01   -5.5285570806e+00
1.4120000000e+01   -5.4219568759e+00
1.4140000000e+01   -5.6395443007e+00
1.4160000000e+01   -5.4060753037e+00
1.4180000000e+01   -5.4518525600e+00
1.4200000000e+01   -6.0001426650e+00
1.4220000000e+01   -5.3343924762e+00
1.4240000000e+01   -5.5307315538e+00
1.4260000000e+01   -6.5144973565e+00
1.4280000000e+01   -5.2995033789e+00
1.4300000000e+01   -5.6825591776e+00
1.4320000000e+01   -5.8172526257e+00
1.4340000000e+01   -5.2961469880e+00
1.4360000000e+01   -6.0001506944e+00
1.4380000000e+01   -5.5917942290e+00
1.4400000000e+01   -5.3238678066e+00
1.4420000000e+01   -6.7079324935e+00
1.4440000000e+01   -5.4764966556e+00
1.4460000000e+01   -5.3867503543e+00
1.4480000000e+01   -5.8503779825e+00
1.4500000000e+01   -5.4200500649e+00
1.4520000000e+01   -5.4963785421e+00
1.4540000000e+01   -5.5938752764e+00
1.4560000000e+01   -5.4069035166e+00
1.4580000000e+01   -5.6842115454e+00
1.4600000000e+01   -5.4543298326e+00
1.4620000000e+01   -5.4336024245e+00
1.4640000000e+01   -6.0791397434e+00
1.4660000000e+01   -5.3736490069e+00
1.4680000000e+01   -5.5052592640e+00
1.4700000000e+01   -6.3747746806e+00
1.4720000000e+01   -5.3332817841e+00
1.4740000000e+01   -5.6409023384e+00
1.4760000000e+01   -5.7960244910e+00
1.4780000000e+01   -5.3263483835e+00
1.4800000000e+01   -5.9062412549e+00
1.4820000000e+01   -5.5835792487e+00
1.4840000000e+01   -5.3517292900e+00
1.4860000000e+01   -7.1246128586e+00
1.4880000000e+01   -5.4719942130e+00
1.4900000000e+01   -5.4133035176e+00
1.4920000000e+01   -5.9521148530e+00
1.4940000000e+01   -5.4161852375e+00
1.4960000000e+01   -5.5228956414e+00
1.4980000000e+01   -5.6501972947e+00
1.5000000000e+01   -5.4018984078e+00
1.5020000000e+01   -5.7134265490e+00
1.5040000000e+01   -5.4950412669e+00
1.5060000000e+01   -5.4257592058e+00
1.5080000000e+01   -6.1253509271e+00
1.5100000000e+01   -5.4063870768e+00
1.5120000000e+01   -5.4920514256e+00
1.5140000000e+01   -6.3348816205e+00
1.5160000000e+01   -5.3611203327e+00
1.5180000000e+01   -5.6168512710e+00
1.5200000000e+01   -5.7942244994e+00
1.5220000000e+01   -5.3508263929e+00
1.5240000000e+01   -5.8520961874e+00
1.5260000000e+01   -5.5862260068e+00
1.5280000000e+01   -5.3737325419e+00
1.5300000000e+01   -6.5656515811e+00
1.5320000000e+01   -5.4753437521e+00
1.5340000000e+01   -5.4334089459e+00
1.5360000000e+01   -6.0489216245e+00
1.5380000000e+01   -5.4188592157e+00
1.5400000000e+01   -5.5415597067e+00
1.5420000000e+01   -5.6996921864e+00
1.5440000000e+01   -5.4029609541e+00
1.5460000000e+01   -5.7312303713e+00
1.5480000000e+01   -5.5301925618e+00
1.5500000000e+01   -5.4241605503e+00
1.5520000000e+01   -6.1446253006e+00
1.5540000000e+01   -5.4344027488e+00
1.5560000000e+01   -5.4860935636e+00
1.5580000000e+01   -6.3408223039e+00
1.5600000000e+01   -5.3847020110e+00
1.5620000000e+01   -5.6028396860e+00
1.5640000000e+01   -5.8041244477e+00
1.5660000000e+01   -5.3712347989e+00
1.5680000000e+01   -5.8180152913e+00
1.5700000000e+01   -5.5956059345e+00
1.5720000000e+01   -5.3915981585e+00
1.5740000000e+01   -6.3771141556e+00
1.5760000000e+01   -5.4835864008e+00
1.5780000000e+01   -5.4489894175e+00
1.5800000000e+01   -6.1437691827e+00
1.5820000000e+01   -5.4256025064e+00
1.5840000000e+01   -5.5547461160e+00
1.5860000000e+01   -5.7442631232e+00
1.5880000000e+01   -5.4077857412e+00
1.5900000000e+01   -5.7411065839e+00
1.5920000000e+01   -5.5613699994e+00
1.5940000000e+01   -5.4264140940e+00
1.5960000000e+01   -6.1449320093e+00
1.5980000000e+01   -5.4590716498e+00
1.6000000000e+01   -5.4845714649e+00
1.6020000000e+01   -6.3753440481e+00
1.6040000000e+01   -5.4052854839e+00
1.6060000000e+01   -5.5948568394e+00
1.6080000000e+01   -5.8215986487e+00
1.6100000000e+01   -5.3887939690e+00
1.6120000000e+01   -5.7952391573e+00
1.6140000000e+01   -5.6093222427e+00
1.6160000000e+01   -5.4065879322e+00
1.6180000000e+01   -6.2718919920e+00
1.6200000000e+01   -5.4949522020e+00
1.6220000000e+01   -5.4614560200e+00
1.6240000000e+01   -6.2401571935e+00
1.6260000000e+01   -5.4349208241e+00
1.6280000000e+01   -5.5642177012e+00
1.6300000000e+01   -5.7854775434e+00
1.6320000000e+01   -5.4149753731e+00
1.6340000000e+01   -5.7457371907e+00
1.6360000000e+01   -5.5897834144e+00
1.6380000000e+01   -5.4310786738e+00
1.6400000000e+01   -6.1335687302e+00
1.6420000000e+01   -5.4814073437e+00
1.6440000000e+01   -5.4858173915e+00
1.6460000000e+01   -6.4322708215e+00
1.6480000000e+01   -5.4237805694e+00
1.6500000000e+01   -5.5906119724e+00
1.6520000000e+01   -5.8442781369e+00
1.6540000000e+01   -5.4043758736e+00
1.6560000000e+01   -5.7792607623e+00
1.6580000000e+01   -5.6259168795e+00
1.6600000000e+01   -5.4195971319e+00
1.6620000000e+01   -6.2023374776e+00
1.6640000000e+01   -5.5083443605e+00
1.6660000000e+01   -5.4718066181e+00
1.6680000000e+01   -6.3423996828e+00
1.6700000000e+01   -5.4458826254e+00
1.6720000000e+01   -5.5712224559e+00
1.6740000000e+01   -5.8245775041e+00
1.6760000000e+01   -5.4236589623e+00
1.6780000000e+01   -5.7470393079e+00
1.6800000000e+01   -5.6163272682e+00
1.6820000000e+01   -5.4372608445e+00
1.6840000000e+01   -6.1159235444e+00
1.6860000000e+01   -5.5021379413e+00
1.6880000000e+01   -5.4888094965e+00
1.6900000000e+01   -6.5109606728e+00
1.6920000000e+01   -5.4408305249e+00
1.6940000000e+01   -5.5887358580e+00
1.6960000000e+01   -5.8707528184e+00
1.6980000000e+01   -5.4185906738e+00
1.7000000000e+01   -5.7675587616e+00
1.7020000000e+01   -5.6444785112e+00
1.7040000000e+01   -5.4312475028e+00
1.7060000000e+01   -6.1517242624e+00
1.7080000000e+01   -5.5230689487e+00
1.7100000000e+01   -5.4807299454e+00
1.7120000000e+01   -6.4564135071e+00
1.7140000000e+01   -5.4578969409e+00
1.7160000000e+01   -5.5766167529e+00
1.7180000000e+01   -5.8625299598e+00
1.7200000000e+01   -5.4332848380e+00
1.7220000000e+01   -5.7463173712e+00
1.7240000000e+01   -5.6416508270e+00
1.7260000000e+01   -5.4443971985e+00
1.7280000000e+01   -6.0954810937e+00
1.7300000000e+01   -5.5217785163e+00
1.7320000000e+01   -5.4929088364e+00
1.7340000000e+01   -6.6156526547e+00
1.7360000000e+01   -5.4568840881e+00
1.7380000000e+01   -5.5883865038e+00
1.7400000000e+01   -5.9001798278e+00
1.7420000000e+01   -5.4318599647e+00
1.7440000000e+01   -5.7586475521e+00
1.7460000000e+01   -5.6644302368e+00
1.7480000000e+01   -5.4419651937e+00
1.7500000000e+01   -6.1124406552e+00
1.7520000000e+01   -5.5386823092e+00
1.7540000000e+01   -5.4886941446e+00
1.7560000000e+01   -6.5916969327e+00
1.7580000000e+01   -5.4705855565e+00
1.7600000000e+01   -5.5809763289e+00
1.7620000000e+01   -5.9000892752e+00
1.7640000000e+01   -5.4435006479e+00
1.7660000000e+01   -5.7444297173e+00
1.7680000000e+01   -5.6662216901e+00
1.7700000000e+01   -5.4521292164e+00
1.7720000000e+01   -6.0743033236e+00
1.7740000000e+01   -5.5406906959e+00
1.7760000000e+01   -5.4977111618e+00
1.7780000000e+01   -6.7584944934e+00
1.7800000000e+01   -5.4722522067e+00
1.7820000000e+01   -5.5890367364e+00
1.7840000000e+01   -5.9320739383e+00
1.7860000000e+01   -5.4444731877e+00
1.7880000000e+01   -5.7516211356e+00
1.7900000000e+01   -5.6854068769e+00
1.7920000000e+01   -5.4520402494e+00
1.7940000000e+01   -6.0805096432e+00
1.7960000000e+01   -5.5549002169e+00
1.7980000000e+01   -5.4960145879e+00
1.8000000000e+01   -6.7670480633e+00
1.8020000000e+01   -5.4837059771e+00
1.8040000000e+01   -5.5846831390e+00
1.8060000000e+01   -5.9378573591e+00
1.8080000000e+01   -5.4540809075e+00
1.8100000000e+01   -5.7419277180e+00
1.8120000000e+01   -5.6903772113e+00
1.8140000000e+01   -5.4602280589e+00
1.8160000000e+01   -6.0535254963e+00
1.8180000000e+01   -5.5591281499e+00
1.8200000000e+01   -5.5029592265e+00
1.8220000000e+01   -6.9729613538e+00
1.8240000000e+01   -5.4871501034e+00
1.8260000000e+01   -5.5903526897e+00
1.8280000000e+01   -5.9661891461e+00
1.8300000000e+01   -5.4566287901e+00
1.8320000000e+01   -5.7459131100e+00
1.8340000000e+01   -5.7071806794e+00
1.8360000000e+01   -5.4616696539e+00
1.8380000000e+01   -6.0536627824e+00
1.8400000000e+01   -5.5715417517e+00
1.8420000000e+01   -5.5029028492e+00
1.8440000000e+01   -7.0337001347e+00
1.8460000000e+01   -5.4971034729e+00
1.8480000000e+01   -5.5879884326e+00
1.8500000000e+01   -5.9763358709e+00
1.8520000000e+01   -5.4648818802e+00
1.8540000000e+01   -5.7391587510e+00
1.8560000000e+01   -5.7143635970e+00
1.8580000000e+01   -5.4685479804e+00
1.8600000000e+01   -6.0337235434e+00
1.8620000000e+01   -5.5772697950e+00
1.8640000000e+01   -5.5084891493e+00
1.8660000000e+01   -7.4031952578e+00
1.8680000000e+01   -5.5017273392e+00
1.8700000000e+01   -5.5921213826e+00
1.8720000000e+01   -6.0024503763e+00
1.8740000000e+01   -5.4684632740e+00
1.8760000000e+01   -5.7411622685e+00
1.8780000000e+01   -5.7296148787e+00
1.8800000000e+01   -5.4709874690e+00
1.8820000000e+01   -6.0305215462e+00
1.8840000000e+01   -5.5884937183e+00
1.8860000000e+01   -5.5095008284e+00
1.8880000000e+01   -7.7123723354e+00
1.8900000000e+01   -5.5106805647e+00
1.8920000000e+01   -5.5910566088e+00
1.8940000000e+01   -6.0159700438e+00
1.8960000000e+01   -5.4758129006e+00
1.8980000000e+01   -5.7363376150e+00
1.9000000000e+01   -5.7383645543e+00
1.9020000000e+01   -5.4769968764e+00
1.9040000000e+01   -6.0151517557e+00
1.9060000000e+01   -5.5952433625e+00
1.9080000000e+01   -5.5141968624e+00
1.9100000000e+01   -7.5903400207e+00
1.9120000000e+01   -5.5160888077e+00
1.9140000000e+01   -5.5942063396e+00
1.9160000000e+01   -6.0409153226e+00
1.9180000000e+01   -5.4800712686e+00
1.9200000000e+01   -5.7371340743e+00
1.9220000000e+01   -5.7526340596e+00
1.9240000000e+01   -5.4800855019e+00
1.9260000000e+01   -6.0102044893e+00
1.9280000000e+01   -5.6056876966e+00
1.9300000000e+01   -5.5159040089e+00
1.9320000000e+01   -7.3068240590e+00
1.9340000000e+01   -5.5243773186e+00
1.9360000000e+01   -5.5939949075e+00
1.9380000000e+01   -6.0571861120e+00
1.9400000000e+01   -5.4868179016e+00
1.9420000000e+01   -5.7335942312e+00
1.9440000000e+01   -5.7625218389e+00
1.9460000000e+01   -5.4855174116e+00
1.9480000000e+01   -5.9978865836e+00
1.9500000000e+01   -5.6131418359e+00
1.9520000000e+01   -5.5200168101e+00
1.9540000000e+01   -7.0514672700e+00
1.9560000000e+01   -5.5303091779e+00
1.9580000000e+01   -5.5965198873e+00
1.9600000000e+01   -6.0817563970e+00
1.9620000000e+01   -5.4915192160e+00
1.9640000000e+01   -5.7336734316e+00
1.9660000000e+01   -5.7762050309e+00
1.9680000000e+01   -5.4890272942e+00
1.9700000000e+01   -5.9921225520e+00
1.9720000000e+01   -5.6230850752e+00
1.9740000000e+01   -5.5221770867e+00
1.9760000000e+01   -6.9420055778e+00
1.9780000000e+01   -5.5381585009e+00
1.9800000000e+01   -5.5968731829e+00
1.9820000000e+01   -6.1004254576e+00
1.9840000000e+01   -5.4978634103e+00
1.9860000000e+01   -5.7310047926e+00
1.9880000000e+01   -5.7869498451e+00
1.9900000000e+01   -5.4940748230e+00
1.9920000000e+01   -5.9819104412e+00
1.9940000000e+01   -5.6310347889e+00
1.9960000000e+01   -5.5259082963e+00
1.9980000000e+01   -6.8247102159e+00
2.0000000000e+01   -5.5444427364e+00
2.0020000000e+01   -5.5990056454e+00
2.0040000000e+01   -6.1252581317e+00
2.0060000000e+01   -5.5028546195e+00
2.0080000000e+01   -5.7306757044e+00
2.0100000000e+01   -5.8003244549e+00
2.0120000000e+01   -5.4978575090e+00
2.0140000000e+01   -5.9758659450e+00
2.0160000000e+01   -5.6406672279e+00
2.0180000000e+01   -5.5283643810e+00
2.0200000000e+01   -6.7547061413e+00
2.0220000000e+01   -5.5520051547e+00
2.0240000000e+01   -5.5997369346e+00
2.0260000000e+01   -6.1461793342e+00
2.0280000000e+01   -5.5089307070e+00
2.0300000000e+01   -5.7286118201e+00
2.0320000000e+01   -5.8117459627e+00
2.0340000000e+01   -5.5026489941e+00
2.0360000000e+01   -5.9671593570e+00
2.0380000000e+01   -5.6489761594e+00
2.0400000000e+01   -5.5318466797e+00
2.0420000000e+01   -6.6812837941e+00
2.0440000000e+01   -5.5585300562e+00
2.0460000000e+01   -5.6016273709e+00
2.0480000000e+01   -6.1718289366e+00
2.0500000000e+01   -5.5141122615e+00
2.0520000000e+01   -5.7280686775e+00
2.0540000000e+01   -5.8250109222e+00
2.0560000000e+01   -5.5066081970e+00
2.0580000000e+01   -5.9611388231e+00
2.0600000000e+01   -5.6584290481e+00
2.0620000000e+01   -5.5344967281e+00
2.0640000000e+01   -6.6297602547e+00
2.0660000000e+01   -5.5659090605e+00
2.0680000000e+01   -5.6026158392e+00
2.0700000000e+01   -6.1950290728e+00
2.0720000000e+01   -5.5200106882e+00
2.0740000000e+01   -5.7264369564e+00
2.0760000000e+01   -5.8369980109e+00
2.0780000000e+01   -5.5112292902e+00
2.0800000000e+01   -5.9535494837e+00
2.0820000000e+01   -5.6670095683e+00
2.0840000000e+01   -5.5378176757e+00
2.0860000000e+01   -6.5774209764e+00
2.0880000000e+01   -5.5726024989e+00
2.0900000000e+01   -5.6043618122e+00
2.0920000000e+01   -6.2220293357e+00
2.0940000000e+01   -5.5253183692e+00
2.0960000000e+01   -5.7258012082e+00
2.0980000000e+01   -5.8503000141e+00
2.1000000000e+01   -5.5153029673e+00
2.1020000000e+01   -5.9477202052e+00
2.1040000000e+01   -5.6763746984e+00
2.1060000000e+01   -5.5405960331e+00
2.1080000000e+01   -6.5368977994e+00
2.1100000000e+01   -5.5798690901e+00
2.1120000000e+01   -5.6055293120e+00
2.1140000000e+01   -6.2476987730e+00
2.1160000000e+01   -5.5311004980e+00
2.1180000000e+01   -5.7244890747e+00
2.1200000000e+01   -5.8627897069e+00
2.1220000000e+01   -5.5198111885e+00
2.1240000000e+01   -5.9409914581e+00
2.1260000000e+01   -5.6851719631e+00
2.1280000000e+01   -5.5438136617e+00
2.1300000000e+01   -6.4967462406e+00
2.1320000000e+01   -5.5866852532e+00
2.1340000000e+01   -5.6071941144e+00
2.1360000000e+01   -6.2766229793e+00
2.1380000000e+01   -5.5364934029e+00
2.1400000000e+01   -5.7238360252e+00
2.1420000000e+01   -5.8762414277e+00
2.1440000000e+01   -5.5239597575e+00
2.1460000000e+01   -5.9354398812e+00
2.1480000000e+01   -5.6945148309e+00
2.1500000000e+01   -5.5466782683e+00
2.1520000000e+01   -6.4636012201e+00
2.1540000000e+01   -5.5938888083e+00
2.1560000000e+01   -5.6084901240e+00
2.1580000000e+01   -6.3051318092e+00
2.1600000000e+01   -5.5422013197e+00
2.1620000000e+01   -5.7227693879e+00
2.1640000000e+01   -5.8892048669e+00
2.1660000000e+01   -5.5283940793e+00
2.1680000000e+01   -5.9293978628e+00
2.1700000000e+01   -5.7034961291e+00
2.1720000000e+01   -5.5498312797e+00
2.1740000000e+01   -6.4313123951e+00
2.1760000000e+01   -5.6007993864e+00
2.1780000000e+01   -5.6101148596e+00
2.1800000000e+01   -6.3366637781e+00
2.1820000000e+01   -5.5476539220e+00
2.1840000000e+01   -5.7221451245e+00
2.1860000000e+01   -5.9028975771e+00
2.1880000000e+01   -5.5325926755e+00
2.1900000000e+01   -5.9241631496e+00
2.1920000000e+01   -5.7128647902e+00
2.1940000000e+01   -5.5527554481e+00
2.1960000000e+01   -6.4034790088e+00
2.1980000000e+01   -5.6079749021e+00
2.2000000000e+01   -5.6115067493e+00
2.2020000000e+01   -6.3686115987e+00
2.2040000000e+01   -5.5533169315e+00
2.2060000000e+01   -5.7212746515e+00
2.2080000000e+01   -5.9163308504e+00
2.2100000000e+01   -5.5369798334e+00
2.2120000000e+01   -5.9186868193e+00
2.2140000000e+01   -5.7220124400e+00
2.2160000000e+01   -5.5558698821e+00
2.2180000000e+01   -6.3766532607e+00
2.2200000000e+01   -5.6149632335e+00
2.2220000000e+01   -5.6131181559e+00
2.2240000000e+01   -6.4036464849e+00
2.2260000000e+01   -5.5588138357e+00
2.2280000000e+01   -5.7207068019e+00
2.2300000000e+01   -5.9303433113e+00
2.2320000000e+01   -5.5412132241e+00
2.2340000000e+01   -5.9137808892e+00
2.2360000000e+01   -5.7314434757e+00
2.2380000000e+01   -5.5588369323e+00
2.2400000000e+01   -6.3528274051e+00
2.2420000000e+01   -5.6221361540e+00
2.2440000000e+01   -5.6145848918e+00
2.2460000000e+01   -6.4399672566e+00
2.2480000000e+01   -5.5644527607e+00
2.2500000000e+01   -5.7199991621e+00
2.2520000000e+01   -5.9442616407e+00
2.2540000000e+01   -5.5455718669e+00
2.2560000000e+01   -5.9087834617e+00
2.2580000000e+01   -5.7407501113e+00
2.2600000000e+01   -5.5619305190e+00
2.2620000000e+01   -6.3300075017e+00
2.2640000000e+01   -5.6291933528e+00
2.2660000000e+01   -5.6162003955e+00
2.2680000000e+01   -6.4797791785e+00
2.2700000000e+01   -5.5699852509e+00
2.2720000000e+01   -5.7195037190e+00
2.2740000000e+01   -5.9586665407e+00
2.2760000000e+01   -5.5498311212e+00
2.2780000000e+01   -5.9042029343e+00
2.2800000000e+01   -5.7502726551e+00
2.2820000000e+01   -5.5649302833e+00
2.2840000000e+01   -6.3093087721e+00
2.2860000000e+01   -5.6363827877e+00
2.2880000000e+01   -5.6177284656e+00
2.2900000000e+01   -6.5219528406e+00
2.2920000000e+01   -5.5756152812e+00
2.2940000000e+01   -5.7189359750e+00
2.2960000000e+01   -5.9731008313e+00
2.2980000000e+01   -5.5541745492e+00
2.3000000000e+01   -5.8996202269e+00
2.3020000000e+01   -5.7597380927e+00
2.3040000000e+01   -5.5680153037e+00
2.3060000000e+01   -6.2895486491e+00
2.3080000000e+01   -5.6435051577e+00
2.3100000000e+01   -5.6193594775e+00
2.3120000000e+01   -6.5685141659e+00
2.3140000000e+01   -5.5811790228e+00
2.3160000000e+01   -5.7185216645e+00
2.3180000000e+01   -5.9879697531e+00
2.3200000000e+01   -5.5584548319e+00
2.3220000000e+01   -5.8953535699e+00
2.3240000000e+01   -5.7693766023e+00
2.3260000000e+01   -5.5710418266e+00
2.3280000000e+01   -6.2713535588e+00
2.3300000000e+01   -5.6507260557e+00
2.3320000000e+01   -5.6209402328e+00
2.3340000000e+01   -6.6190177684e+00
2.3360000000e+01   -5.5868116210e+00
2.3380000000e+01   -5.7180776560e+00
2.3400000000e+01   -6.0029648506e+00
2.3420000000e+01   -5.5627928101e+00
2.3440000000e+01   -5.8911366108e+00
2.3460000000e+01   -5.7790057834e+00
2.3480000000e+01   -5.5741269820e+00
2.3500000000e+01   -6.2540063406e+00
2.3520000000e+01   -5.6579133909e+00
2.3540000000e+01   -5.6225942717e+00
2.3560000000e+01   -6.6756955353e+00
2.3580000000e+01   -5.5924051613e+00
2.3600000000e+01   -5.7177486893e+00
2.3620000000e+01   -6.0183723130e+00
2.3640000000e+01   -5.5670919523e+00
2.3660000000e+01   -5.8871683158e+00
2.3680000000e+01   -5.7887819199e+00
2.3700000000e+01   -5.5771770396e+00
2.3720000000e+01   -6.2378571775e+00
2.3740000000e+01   -5.6651779745e+00
2.3760000000e+01   -5.6242222262e+00
2.3780000000e+01   -6.7390868937e+00
2.3800000000e+01   -5.5980493087e+00
2.3820000000e+01   -5.7174167345e+00
2.3840000000e+01   -6.0339866725e+00
2.3860000000e+01   -5.5714318920e+00
2.3880000000e+01   -5.8832786322e+00
2.3900000000e+01   -5.7985835995e+00
2.3920000000e+01   -5.5802686674e+00
2.3940000000e+01   -6.2224618336e+00
2.3960000000e+01   -5.6724324462e+00
2.3980000000e+01   -5.6259042905e+00
2.4000000000e+01   -6.8124473700e+00
2.4020000000e+01   -5.6036730922e+00
2.4040000000e+01   -5.7171745534e+00
2.4060000000e+01   -6.0500138003e+00
2.4080000000e+01   -5.5757494541e+00
2.4100000000e+01   -5.8795916484e+00
2.4120000000e+01   -5.8085175470e+00
2.4140000000e+01   -5.5833407994e+00
2.4160000000e+01   -6.2080130241e+00
2.4180000000e+01   -5.6797511832e+00
2.4200000000e+01   -5.6275760137e+00
2.4220000000e+01   -6.8985289097e+00
2.4240000000e+01   -5.6093361247e+00
2.4260000000e+01   -5.7169459566e+00
2.4280000000e+01   -6.0663203124e+00
2.4300000000e+01   -5.5800971978e+00
2.4320000000e+01   -5.8759981916e+00
2.4340000000e+01   -5.8185034680e+00
2.4360000000e+01   -5.5864436734e+00
2.4380000000e+01   -6.1942296291e+00
2.4400000000e+01   -5.6870766080e+00
2.4420000000e+01   -5.6292894737e+00
2.4440000000e+01   -7.0044084087e+00
2.4460000000e+01   -5.6149918459e+00
2.4480000000e+01   -5.7167903401e+00
2.4500000000e+01   -6.0830585564e+00
2.4520000000e+01   -5.5844338555e+00
2.4540000000e+01   -5.8725753096e+00
2.4560000000e+01   -5.8286148830e+00
2.4580000000e+01   -5.5895375528e+00
2.4600000000e+01   -6.1812142786e+00
2.4620000000e+01   -5.6944588707e+00
2.4640000000e+01   -5.6310028726e+00
2.4660000000e+01   -7.1412554055e+00
2.4680000000e+01   -5.6206800108e+00
2.4700000000e+01   -5.7166584258e+00
2.4720000000e+01   -6.1001465270e+00
2.4740000000e+01   -5.5887941970e+00
2.4760000000e+01   -5.8692524250e+00
2.4780000000e+01   -5.8387992913e+00
2.4800000000e+01   -5.5926554087e+00
2.4820000000e+01   -6.1687850344e+00
2.4840000000e+01   -5.7018602370e+00
2.4860000000e+01   -5.6327500482e+00
2.4880000000e+01   -7.3385254103e+00
2.4900000000e+01   -5.6263701916e+00
2.4920000000e+01   -5.7165881881e+00
2.4940000000e+01   -6.1177018416e+00
2.4960000000e+01   -5.5931513423e+00
2.4980000000e+01   -5.8660770299e+00
2.5000000000e+01   -5.8491080136e+00
2.5020000000e+01   -5.5957714319e+00
2.5040000000e+01   -6.1569930813e+00
2.5060000000e+01   -5.7093147534e+00
2.5080000000e+01   -5.6345039023e+00
2.5100000000e+01   -7.6986869700e+00
2.5120000000e+01   -5.6320890219e+00
2.5140000000e+01   -5.7165476724e+00
2.5160000000e+01   -6.1356802646e+00
2.5180000000e+01   -5.5975283711e+00
2.5200000000e+01   -5.8630030914e+00
2.5220000000e+01   -5.8595074135e+00
2.5240000000e+01   -5.5989073123e+00
2.5260000000e+01   -6.1457177947e+00
2.5280000000e+01   -5.7167979206e+00
2.5300000000e+01   -5.6362864382e+00
2.5320000000e+01   -8.2641084615e+00
2.5340000000e+01   -5.6378167377e+00
2.5360000000e+01   -5.7165610998e+00
2.5380000000e+01   -6.1541782065e+00
2.5400000000e+01   -5.6019078528e+00
2.5420000000e+01   -5.8600595434e+00
2.5440000000e+01   -5.8700340302e+00
2.5460000000e+01   -5.6020463349e+00
2.5480000000e+01   -6.1349812264e+00
2.5500000000e+01   -5.7243330893e+00
2.5520000000e+01   -5.6380800982e+00
2.5540000000e+01   -7.5168037075e+00
2.5560000000e+01   -5.6435713039e+00
2.5580000000e+01   -5.7166076789e+00
2.5600000000e+01   -6.1731806561e+00
2.5620000000e+01   -5.6063051841e+00
2.5640000000e+01   -5.8572160176e+00
2.5660000000e+01   -5.8806671146e+00
2.5680000000e+01   -5.6052028171e+00
2.5700000000e+01   -6.1247012920e+00
2.5720000000e+01   -5.7319046019e+00
2.5740000000e+01   -5.6398992064e+00
2.5760000000e+01   -7.2595852125e+00
2.5780000000e+01   -5.6493400085e+00
2.5800000000e+01   -5.7167028022e+00
2.5820000000e+01   -6.1927730206e+00
2.5840000000e+01   -5.6107091405e+00
2.5860000000e+01   -5.8544898135e+00
2.5880000000e+01   -5.8914334404e+00
2.5900000000e+01   -5.6083659820e+00
2.5920000000e+01   -6.1148838383e+00
2.5940000000e+01   -5.7395287166e+00
2.5960000000e+01   -5.6417323992e+00
2.5980000000e+01   -7.1015782478e+00
2.6000000000e+01   -5.6551350909e+00
2.6020000000e+01   -5.7168328802e+00
2.6040000000e+01   -6.2129647594e+00
2.6060000000e+01   -5.6151300693e+00
2.6080000000e+01   -5.8518606031e+00
2.6100000000e+01   -5.9023211570e+00
2.6120000000e+01   -5.6115453287e+00
2.6140000000e+01   -6.1054714331e+00
2.6160000000e+01   -5.7471956979e+00
2.6180000000e+01   -5.6435890170e+00
2.6200000000e+01   -6.9876152335e+00
2.6220000000e+01   -5.6609485058e+00
2.6240000000e+01   -5.7170076416e+00
2.6260000000e+01   -6.2338386331e+00
2.6280000000e+01   -5.6195608218e+00
2.6300000000e+01   -5.8493384132e+00
2.6320000000e+01   -5.9133506797e+00
2.6340000000e+01   -5.6147339572e+00
2.6360000000e+01   -6.0964612045e+00
2.6380000000e+01   -5.7549171136e+00
2.6400000000e+01   -5.6454617190e+00
2.6420000000e+01   -6.8988704067e+00
2.6440000000e+01   -5.6667887134e+00
2.6460000000e+01   -5.7172181497e+00
2.6480000000e+01   -6.2554269405e+00
2.6500000000e+01   -5.6240084268e+00
2.6520000000e+01   -5.8469093855e+00
2.6540000000e+01   -5.9245164085e+00
2.6560000000e+01   -5.6179382164e+00
2.6580000000e+01   -6.0878117876e+00
2.6600000000e+01   -5.7626872121e+00
2.6620000000e+01   -5.6473566116e+00
2.6640000000e+01   -6.8263300122e+00
2.6660000000e+01   -5.6726507606e+00
2.6680000000e+01   -5.7174705030e+00
2.6700000000e+01   -6.2778175558e+00
2.6720000000e+01   -5.6284684133e+00
2.6740000000e+01   -5.8445790220e+00
2.6760000000e+01   -5.9358347343e+00
2.6780000000e+01   -5.6211537380e+00
2.6800000000e+01   -6.0795159055e+00
2.6820000000e+01   -5.7705144751e+00
2.6840000000e+01   -5.6492689672e+00
2.6860000000e+01   -6.7651983300e+00
2.6880000000e+01   -5.6785406158e+00
2.6900000000e+01   -5.7177587772e+00
2.6920000000e+01   -6.3010669766e+00
2.6940000000e+01   -5.6329456283e+00
2.6960000000e+01   -5.8423376618e+00
2.6980000000e+01   -5.9473045692e+00
2.7000000000e+01   -5.6243848107e+00
2.7020000000e+01   -6.0715428817e+00
2.7040000000e+01   -5.7783958494e+00
2.7060000000e+01   -5.6512027936e+00
2.7080000000e+01   -6.7124526081e+00
2.7100000000e+01   -5.6844553790e+00
2.7120000000e+01   -5.7180867467e+00
2.7140000000e+01   -6.3252766426e+00
2.7160000000e+01   -5.6374373612e+00
2.7180000000e+01   -5.8401880123e+00
2.7200000000e+01   -5.9589398993e+00
2.7220000000e+01   -5.6276287193e+00
2.7240000000e+01   -6.0638834921e+00
2.7260000000e+01   -5.7863378039e+00
2.7280000000e+01   -5.6531550625e+00
2.7300000000e+01   -6.6661918305e+00
2.7320000000e+01   -5.6903993790e+00
2.7340000000e+01   -5.7184504431e+00
2.7360000000e+01   -6.3505320960e+00
2.7380000000e+01   -5.6419470253e+00
2.7400000000e+01   -5.8381231596e+00
2.7420000000e+01   -5.9707430322e+00
2.7440000000e+01   -5.6308884048e+00
2.7460000000e+01   -6.0565143297e+00
2.7480000000e+01   -5.7943391340e+00
2.7500000000e+01   -5.6551284196e+00
2.7520000000e+01   -6.6250500442e+00
2.7540000000e+01   -5.6963710839e+00
2.7560000000e+01   -5.7188521565e+00
2.7580000000e+01   -6.3769591653e+00
2.7600000000e+01   -5.6464730679e+00
2.7620000000e+01   -5.8361441053e+00
2.7640000000e+01   -5.9827267006e+00
2.7660000000e+01   -5.6341622321e+00
2.7680000000e+01   -6.0494255954e+00
2.7700000000e+01   -5.8024050170e+00
2.7720000000e+01   -5.6571209423e+00
2.7740000000e+01   -6.5880851664e+00
2.7760000000e+01   -5.7023737479e+00
2.7780000000e+01   -5.7192891927e+00
2.7800000000e+01   -6.4046822107e+00
2.7820000000e+01   -5.6510179607e+00
2.7840000000e+01   -5.8342457529e+00
2.7860000000e+01   -5.9948959195e+00
2.7880000000e+01   -5.6374522600e+00
2.7900000000e+01   -6.0425989455e+00
2.7920000000e+01   -5.8105355368e+00
2.7940000000e+01   -5.6591343929e+00
2.7960000000e+01   -6.5545675941e+00
2.7980000000e+01   -5.7084067556e+00
2.8000000000e+01   -5.7197628974e+00
2.8020000000e+01   -6.4338673445e+00
2.8040000000e+01   -5.6555809140e+00
2.8060000000e+01   -5.8324280822e+00
2.8080000000e+01   -6.0072630205e+00
2.8100000000e+01   -5.6407575586e+00
2.8120000000e+01   -6.0360247469e+00
2.8140000000e+01   -5.8187350679e+00
2.8160000000e+01   -5.6611675686e+00
2.8180000000e+01   -6.5239623751e+00
2.8200000000e+01   -5.7144726627e+00
2.8220000000e+01   -5.7202714096e+00
2.8240000000e+01   -6.4646956456e+00
2.8260000000e+01   -5.6601637825e+00
2.8280000000e+01   -5.8306872148e+00
2.8300000000e+01   -6.0198353413e+00
2.8320000000e+01   -5.6440796108e+00
2.8340000000e+01   -6.0296882687e+00
2.8360000000e+01   -5.8270046151e+00
2.8380000000e+01   -5.6632216603e+00
2.8400000000e+01   -6.4958354015e+00
2.8420000000e+01   -5.7205714718e+00
2.8440000000e+01   -5.7208154789e+00
2.8460000000e+01   -6.4973995574e+00
2.8480000000e+01   -5.6647662791e+00
2.8500000000e+01   -5.8290225386e+00
2.8520000000e+01   -6.0326254814e+00
2.8540000000e+01   -5.6474179464e+00
2.8560000000e+01   -6.0235804198e+00
2.8580000000e+01   -5.8353480846e+00
2.8600000000e+01   -5.6652959337e+00
2.8620000000e+01   -6.4698537263e+00
2.8640000000e+01   -5.7267052914e+00
2.8660000000e+01   -5.7213937919e+00
2.8680000000e+01   -6.5322499029e+00
2.8700000000e+01   -5.6693898568e+00
2.8720000000e+01   -5.8274310051e+00
2.8740000000e+01   -6.0456429441e+00
2.8760000000e+01   -5.6507736725e+00
2.8780000000e+01   -6.0176891140e+00
2.8800000000e+01   -5.8437671659e+00
2.8820000000e+01   -5.6673912107e+00
2.8840000000e+01   -6.4457387186e+00
2.8860000000e+01   -5.7328745475e+00
2.8880000000e+01   -5.7220067252e+00
2.8900000000e+01   -6.5695924349e+00
2.8920000000e+01   -5.6740345615e+00
2.8940000000e+01   -5.8259116768e+00
2.8960000000e+01   -6.0589011637e+00
2.8980000000e+01   -5.6541466194e+00
2.9000000000e+01   -6.0120059668e+00
2.9020000000e+01   -5.8522655282e+00
2.9040000000e+01   -5.6695070629e+00
2.9060000000e+01   -6.4232690405e+00
2.9080000000e+01   -5.7390810686e+00
2.9100000000e+01   -5.7226533286e+00
2.9120000000e+01   -6.6098521044e+00
2.9140000000e+01   -5.6787015849e+00
2.9160000000e+01   -5.8244620832e+00
2.9180000000e+01   -6.0724118345e+00
2.9200000000e+01   -5.6575376491e+00
2.9220000000e+01   -6.0065208781e+00
2.9240000000e+01   -5.8608453985e+00
2.9260000000e+01   -5.6716440743e+00
2.9280000000e+01   -6.4022554810e+00
2.9300000000e+01   -5.7453255771e+00
2.9320000000e+01   -5.7233337483e+00
2.9340000000e+01   -6.6535817153e+00
2.9360000000e+01   -5.6833911956e+00
2.9380000000e+01   -5.8230811260e+00
2.9400000000e+01   -6.0861897555e+00
2.9420000000e+01   -5.6609467888e+00
2.9440000000e+01   -6.0012262167e+00
2.9460000000e+01   -5.8695103734e+00
2.9480000000e+01   -5.6738020172e+00
2.9500000000e+01   -6.3825434255e+00
2.9520000000e+01   -5.7516097341e+00
2.9540000000e+01   -5.7240472783e+00
2.9560000000e+01   -6.7014979848e+00
2.9580000000e+01   -5.6881044181e+00
2.9600000000e+01   -5.8217667476e+00
2.9620000000e+01   -6.1002489968e+00
2.9640000000e+01   -5.6643747411e+00
2.9660000000e+01   -5.9961134114e+00
2.9680000000e+01   -5.8782631302e+00
2.9700000000e+01   -5.6759813230e+00
2.9720000000e+01   -6.3639986497e+00
2.9740000000e+01   -5.7579344772e+00
2.9760000000e+01   -5.7247939254e+00
2.9780000000e+01   -6.7545725195e+00
2.9800000000e+01   -5.6928416713e+00
2.9820000000e+01   -5.8205177888e+00
2.9840000000e+01   -6.1146062720e+00
2.9860000000e+01   -5.6678216629e+00
2.9880000000e+01   -5.9911755687e+00
2.9900000000e+01   -5.8871073144e+00
2.9920000000e+01   -5.6781818961e+00
2.9940000000e+01   -6.3465089018e+00
2.9960000000e+01   -5.7643013767e+00
2.9980000000e+01   -5.7255731502e+00
3.0000000000e+01   -6.8141511562e+00
3.0020000000e+01   -5.6976038743e+00
3.0040000000e+01   -5.8193324952e+00
3.0060000000e+01   -6.1292783691e+00
3.0080000000e+01   -5.6712881537e+00
3.0100000000e+01   -5.9864053212e+00
3.0120000000e+01   -5.8960460087e+00
3.0140000000e+01   -5.6804040708e+00
3.0160000000e+01   -6.3299755876e+00
3.0180000000e+01   -5.7707115338e+00
3.0200000000e+01   -5.7263848781e+00
3.0220000000e+01   -6.8821921270e+00
3.0240000000e+01   -5.7023915507e+00
3.0260000000e+01   -5.8182097062e+00
3.0280000000e+01   -6.1442845379e+00
3.0300000000e+01   -5.6747744567e+00
3.0320000000e+01   -5.9817964657e+00
3.0340000000e+01   -5.9050830023e+00
3.0360000000e+01   -5.6826478395e+00
3.0380000000e+01   -6.3143146571e+00
3.0400000000e+01   -5.7771664809e+00
3.0420000000e+01   -5.7272286860e+00
3.0440000000e+01   -6.9616881318e+00
3.0460000000e+01   -5.7072055556e+00
3.0480000000e+01   -5.8171478979e+00
3.0500000000e+01   -6.1596448040e+00
3.0520000000e+01   -5.6782811053e+00
3.0540000000e+01   -5.9773426026e+00
3.0560000000e+01   -5.9142217683e+00
3.0580000000e+01   -5.6849134752e+00
3.0600000000e+01   -6.2994515966e+00
3.0620000000e+01   -5.7836674516e+00
3.0640000000e+01   -5.7281044549e+00
3.0660000000e+01   -7.0575720393e+00
3.0680000000e+01   -5.7120464872e+00
3.0700000000e+01   -5.8161459422e+00
3.0720000000e+01   -6.1753817059e+00
3.0740000000e+01   -5.6818084008e+00
3.0760000000e+01   -5.9730381590e+00
3.0780000000e+01   -5.9234663190e+00
3.0800000000e+01   -5.6872010297e+00
3.0820000000e+01   -6.2853218628e+00
3.0840000000e+01   -5.7902159780e+00
3.0860000000e+01   -5.7290118446e+00
3.0880000000e+01   -7.1788496941e+00
3.0900000000e+01   -5.7169151652e+00
3.0920000000e+01   -5.8152024951e+00
3.0940000000e+01   -6.1915192436e+00
3.0960000000e+01   -5.6853568352e+00
3.0980000000e+01   -5.9688775269e+00
3.1000000000e+01   -5.9328205256e+00
3.1020000000e+01   -5.6895107383e+00
3.1040000000e+01   -6.2718677929e+00
3.1060000000e+01   -5.7968134078e+00
3.1080000000e+01   -5.7299507150e+00
3.1100000000e+01   -7.3448848725e+00
3.1120000000e+01   -5.7218122437e+00
3.1140000000e+01   -5.8143164806e+00
3.1160000000e+01   -6.2080842035e+00
3.1180000000e+01   -5.6889267502e+00
3.1200000000e+01   -5.9648557007e+00
3.1220000000e+01   -5.9422886956e+00
3.1240000000e+01   -5.6918426935e+00
3.1260000000e+01   -6.2590387672e+00
3.1280000000e+01   -5.8034613011e+00
3.1300000000e+01   -5.7309207872e+00
3.1320000000e+01   -7.6119033056e+00
3.1340000000e+01   -5.7267385263e+00
3.1360000000e+01   -5.8134866992e+00
3.1380000000e+01   -6.2251055842e+00
3.1400000000e+01   -5.6925186128e+00
3.1420000000e+01   -5.9609677299e+00
3.1440000000e+01   -5.9518751233e+00
3.1460000000e+01   -5.6941971082e+00
3.1480000000e+01   -6.2467892627e+00
3.1500000000e+01   -5.8101611108e+00
3.1520000000e+01   -5.7319219145e+00
3.1540000000e+01   -8.4015598491e+00
3.1560000000e+01   -5.7316947117e+00
3.1580000000e+01   -5.8127121366e+00
3.1600000000e+01   -6.2426156897e+00
3.1620000000e+01   -5.6961327934e+00
3.1640000000e+01   -5.9572091152e+00
3.1660000000e+01   -5.9615844830e+00
3.1680000000e+01   -5.6965741040e+00
3.1700000000e+01   -6.2350788654e+00
3.1720000000e+01   -5.8169144466e+00
3.1740000000e+01   -5.7329538645e+00
3.1760000000e+01   -7.7898142407e+00
3.1780000000e+01   -5.7366816009e+00
3.1800000000e+01   -5.8119917125e+00
3.1820000000e+01   -6.2606499434e+00
3.1840000000e+01   -5.6997697454e+00
3.1860000000e+01   -5.9535754597e+00
3.1880000000e+01   -5.9714215337e+00
3.1900000000e+01   -5.6989738813e+00
3.1920000000e+01   -6.2238710174e+00
3.1940000000e+01   -5.8237228642e+00
3.1960000000e+01   -5.7340164932e+00
3.1980000000e+01   -7.4420148146e+00
3.2000000000e+01   -5.7416999309e+00
3.2020000000e+01   -5.8113244775e+00
3.2040000000e+01   -6.2792478982e+00
3.2060000000e+01   -5.7034298608e+00
3.2080000000e+01   -5.9500627132e+00
3.2100000000e+01   -5.9813913895e+00
3.2120000000e+01   -5.7013965830e+00
3.2140000000e+01   -6.2131329534e+00
3.2160000000e+01   -5.8305880408e+00
3.2180000000e+01   -5.7351096052e+00
3.2200000000e+01   -7.2535139676e+00
3.2220000000e+01   -5.7467505100e+00
3.2240000000e+01   -5.8107094530e+00
3.2260000000e+01   -6.2984534137e+00
3.2280000000e+01   -5.7071135868e+00
3.2300000000e+01   -5.9466669505e+00
3.2320000000e+01   -5.9914993319e+00
3.2340000000e+01   -5.7038424037e+00
3.2360000000e+01   -6.2028348813e+00
3.2380000000e+01   -5.8375116378e+00
3.2400000000e+01   -5.7362330640e+00
3.2420000000e+01   -7.1240571318e+00
3.2440000000e+01   -5.7518341104e+00
3.2460000000e+01   -5.8101457539e+00
3.2480000000e+01   -6.3183157220e+00
3.2500000000e+01   -5.7108213333e+00
3.2520000000e+01   -5.9433845189e+00
3.2540000000e+01   -6.0017509959e+00
3.2560000000e+01   -5.7063115030e+00
3.2580000000e+01   -6.1929498797e+00
3.2600000000e+01   -5.8444954148e+00
3.2620000000e+01   -5.7373867050e+00
3.2640000000e+01   -7.0256839448e+00
3.2660000000e+01   -5.7569515547e+00
3.2680000000e+01   -5.8096324896e+00
3.2700000000e+01   -6.3388900104e+00
3.2720000000e+01   -5.7145535464e+00
3.2740000000e+01   -5.9402118994e+00
3.2760000000e+01   -6.0121522592e+00
3.2780000000e+01   -5.7088040736e+00
3.2800000000e+01   -6.1834533571e+00
3.2820000000e+01   -5.8515411452e+00
3.2840000000e+01   -5.7385704025e+00
3.2860000000e+01   -6.9465379935e+00
3.2880000000e+01   -5.7621036498e+00
3.2900000000e+01   -5.8091688376e+00
3.2920000000e+01   -6.3602387042e+00
3.2940000000e+01   -5.7183106516e+00
3.2960000000e+01   -5.9371457905e+00
3.2980000000e+01   -6.0227093700e+00
3.3000000000e+01   -5.7113202891e+00
3.3020000000e+01   -6.1743229330e+00
3.3040000000e+01   -5.8586506865e+00
3.3060000000e+01   -5.7397840179e+00
3.3080000000e+01   -6.8804714166e+00
3.3100000000e+01   -5.7672912386e+00
3.3120000000e+01   -5.8087539847e+00
3.3140000000e+01   -6.3824325802e+00
3.3160000000e+01   -5.7220930978e+00
3.3180000000e+01   -5.9341830255e+00
3.3200000000e+01   -6.0334288937e+00
3.3220000000e+01   -5.7138603435e+00
3.3240000000e+01   -6.1655380799e+00
3.3260000000e+01   -5.8658259323e+00
3.3280000000e+01   -5.7410274379e+00
3.3300000000e+01   -6.8238819263e+00
3.3320000000e+01   -5.7725151629e+00
3.3340000000e+01   -5.8083871679e+00
3.3360000000e+01   -6.4055525045e+00
3.3380000000e+01   -5.7259013249e+00
3.3400000000e+01   -5.9313206143e+00
3.3420000000e+01   -6.0443178011e+00
3.3440000000e+01   -5.7164244222e+00
3.3460000000e+01   -6.1570799991e+00
3.3480000000e+01   -5.8730688532e+00
3.3500000000e+01   -5.7423005469e+00
3.3520000000e+01   -6.7744766828e+00
3.3540000000e+01   -5.7777762914e+00
3.3560000000e+01   -5.8080676424e+00
3.3580000000e+01   -6.4296913259e+00
3.3600000000e+01   -5.7297357880e+00
3.3620000000e+01   -5.9285556975e+00
3.3640000000e+01   -6.0553834578e+00
3.3660000000e+01   -5.7190127226e+00
3.3680000000e+01   -6.1489313832e+00
3.3700000000e+01   -5.8803814739e+00
3.3720000000e+01   -5.7436032454e+00
3.3740000000e+01   -6.7307055857e+00
3.3760000000e+01   -5.7830755019e+00
3.3780000000e+01   -5.8077947021e+00
3.3800000000e+01   -6.4549564747e+00
3.3820000000e+01   -5.7335969407e+00
3.3840000000e+01   -5.9258855614e+00
3.3860000000e+01   -6.0666336879e+00
3.3880000000e+01   -5.7216254408e+00
3.3900000000e+01   -6.1410762968e+00
3.3920000000e+01   -5.8877658946e+00
3.3940000000e+01   -5.7449354374e+00
3.3960000000e+01   -6.6914716215e+00
3.3980000000e+01   -5.7884136945e+00
3.4000000000e+01   -5.8075676632e+00
3.4020000000e+01   -6.4814731250e+00
3.4040000000e+01   -5.7374852467e+00
3.4060000000e+01   -5.9233076154e+00
3.4080000000e+01   -6.0780767949e+00
3.4100000000e+01   -5.7242627796e+00
3.4120000000e+01   -6.1335000164e+00
3.4140000000e+01   -5.8952242839e+00
3.4160000000e+01   -5.7462970384e+00
3.4180000000e+01   -6.6559698239e+00
3.4200000000e+01   -5.7937917843e+00
3.4220000000e+01   -5.8073858731e+00
3.4240000000e+01   -6.5093883919e+00
3.4260000000e+01   -5.7414011733e+00
3.4280000000e+01   -5.9208193933e+00
3.4300000000e+01   -6.0897216164e+00
3.4320000000e+01   -5.7269249441e+00
3.4340000000e+01   -6.1261889242e+00
3.4360000000e+01   -5.9027588896e+00
3.4380000000e+01   -5.7476879698e+00
3.4400000000e+01   -6.6235920571e+00
3.4420000000e+01   -5.7992107081e+00
3.4440000000e+01   -5.8072487029e+00
3.4460000000e+01   -6.5388767591e+00
3.4480000000e+01   -5.7453451958e+00
3.4500000000e+01   -5.9184185403e+00
3.4520000000e+01   -6.1015775641e+00
3.4540000000e+01   -5.7296121448e+00
3.4560000000e+01   -6.1191303928e+00
3.4580000000e+01   -5.9103720392e+00
3.4600000000e+01   -5.7491081625e+00
3.4620000000e+01   -6.5938676431e+00
3.4640000000e+01   -5.8046714209e+00
3.4660000000e+01   -5.8071555506e+00
3.4680000000e+01   -6.5701473573e+00
3.4700000000e+01   -5.7493177951e+00
3.4720000000e+01   -5.9161028113e+00
3.4740000000e+01   -6.1136546838e+00
3.4760000000e+01   -5.7323245951e+00
3.4780000000e+01   -6.1123126994e+00
3.4800000000e+01   -5.9180661478e+00
3.4820000000e+01   -5.7505575539e+00
3.4840000000e+01   -6.5664248533e+00
3.4860000000e+01   -5.8101749008e+00
3.4880000000e+01   -5.8071058366e+00
3.4900000000e+01   -6.6034537871e+00
3.4920000000e+01   -5.7533194602e+00
3.4940000000e+01   -5.9138700606e+00
3.4960000000e+01   -6.1259637093e+00
3.4980000000e+01   -5.7350625138e+00
3.5000000000e+01   -6.1057249366e+00
3.5020000000e+01   -5.9258437201e+00
3.5040000000e+01   -5.7520360900e+00
3.5060000000e+01   -6.5409649736e+00
3.5080000000e+01   -5.8157221465e+00
3.5100000000e+01   -5.8070990062e+00
3.5120000000e+01   -6.6391077339e+00
3.5140000000e+01   -5.7573506864e+00
3.5160000000e+01   -5.9117182400e+00
3.5180000000e+01   -6.1385161350e+00
3.5200000000e+01   -5.7378261232e+00
3.5220000000e+01   -6.0993569443e+00
3.5240000000e+01   -5.9337073594e+00
3.5260000000e+01   -5.7535437233e+00
3.5280000000e+01   -6.5172443753e+00
3.5300000000e+01   -5.8213141816e+00
3.5320000000e+01   -5.8071345254e+00
3.5340000000e+01   -6.6774981826e+00
3.5360000000e+01   -5.7614119777e+00
3.5380000000e+01   -5.9096453907e+00
3.5400000000e+01   -6.1513242863e+00
3.5420000000e+01   -5.7406156506e+00
3.5440000000e+01   -6.0931992403e+00
3.5460000000e+01   -5.9416597702e+00
3.5480000000e+01   -5.7550804145e+00
3.5500000000e+01   -6.4950617477e+00
3.5520000000e+01   -5.8269520532e+00
3.5540000000e+01   -5.8072118829e+00
3.5560000000e+01   -6.7191193428e+00
3.5580000000e+01   -5.7655038458e+00
3.5600000000e+01   -5.9076496403e+00
3.5620000000e+01   -6.1644014079e+00
3.5640000000e+01   -5.7434313275e+00
3.5660000000e+01   -6.0872429645e+00
3.5680000000e+01   -5.9497037668e+00
3.5700000000e+01   -5.7566461309e+00
3.5720000000e+01   -6.4742488457e+00
3.5740000000e+01   -5.8326368347e+00
3.5760000000e+01   -5.8073305875e+00
3.5780000000e+01   -6.7646124103e+00
3.5800000000e+01   -5.7696268109e+00
3.5820000000e+01   -5.9057291974e+00
3.5840000000e+01   -6.1777617583e+00
3.5860000000e+01   -5.7462733904e+00
3.5880000000e+01   -6.0814798256e+00
3.5900000000e+01   -5.9578422792e+00
3.5920000000e+01   -5.7582408470e+00
3.5940000000e+01   -6.4546636259e+00
3.5960000000e+01   -5.8383696267e+00
3.5980000000e+01   -5.8074901676e+00
3.6000000000e+01   -6.8148303762e+00
3.6020000000e+01   -5.7737814024e+00
3.6040000000e+01   -5.9038823470e+00
3.6060000000e+01   -6.1914207170e+00
3.6080000000e+01   -5.7491420807e+00
3.6100000000e+01   -6.0759020539e+00
3.6120000000e+01   -5.9660783599e+00
3.6140000000e+01   -5.7598645446e+00
3.6160000000e+01   -6.4361850768e+00
3.6180000000e+01   -5.8441515574e+00
3.6200000000e+01   -5.8076901716e+00
3.6220000000e+01   -6.8709430210e+00
3.6240000000e+01   -5.7779681585e+00
3.6260000000e+01   -5.9021074479e+00
3.6280000000e+01   -6.2053949107e+00
3.6300000000e+01   -5.7520376442e+00
3.6320000000e+01   -6.0705023605e+00
3.6340000000e+01   -5.9744151934e+00
3.6360000000e+01   -5.7615172117e+00
3.6380000000e+01   -6.4187092709e+00
3.6400000000e+01   -5.8499837859e+00
3.6420000000e+01   -5.8079301654e+00
3.6440000000e+01   -6.9346162713e+00
3.6460000000e+01   -5.7821876277e+00
3.6480000000e+01   -5.9004029272e+00
3.6500000000e+01   -6.2197023505e+00
3.6520000000e+01   -5.7549603325e+00
3.6540000000e+01   -6.0652738969e+00
3.6560000000e+01   -5.9828561022e+00
3.6580000000e+01   -5.7631988440e+00
3.6600000000e+01   -6.4021462906e+00
3.6620000000e+01   -5.8558675014e+00
3.6640000000e+01   -5.8082097337e+00
3.6660000000e+01   -7.0083398250e+00
3.6680000000e+01   -5.7864403678e+00
3.6700000000e+01   -5.8987672786e+00
3.6720000000e+01   -6.2343625973e+00
3.6740000000e+01   -5.7579104016e+00
3.6760000000e+01   -6.0602102241e+00
3.6780000000e+01   -5.9914045589e+00
3.6800000000e+01   -5.7649094429e+00
3.6820000000e+01   -6.3864178282e+00
3.6840000000e+01   -5.8618039270e+00
3.6860000000e+01   -5.8085284774e+00
3.6880000000e+01   -7.0960795505e+00
3.6900000000e+01   -5.7907269482e+00
3.6920000000e+01   -5.8971990570e+00
3.6940000000e+01   -6.2493969416e+00
3.6960000000e+01   -5.7608881137e+00
3.6980000000e+01   -6.0553052774e+00
3.7000000000e+01   -6.0000641923e+00
3.7020000000e+01   -5.7666490175e+00
3.7040000000e+01   -6.3714552659e+00
3.7060000000e+01   -5.8677943188e+00
3.7080000000e+01   -5.8088860153e+00
3.7100000000e+01   -7.2047393705e+00
3.7120000000e+01   -5.7950479482e+00
3.7140000000e+01   -5.8956968784e+00
3.7160000000e+01   -6.2648286234e+00
3.7180000000e+01   -5.7638937354e+00
3.7200000000e+01   -6.0505533430e+00
3.7220000000e+01   -6.0088388029e+00
3.7240000000e+01   -5.7684175820e+00
3.7260000000e+01   -6.3571981517e+00
3.7280000000e+01   -5.8738399708e+00
3.7300000000e+01   -5.8092819807e+00
3.7320000000e+01   -7.3480486567e+00
3.7340000000e+01   -5.7994039598e+00
3.7360000000e+01   -5.8942594131e+00
3.7380000000e+01   -6.2806830708e+00
3.7400000000e+01   -5.7669275405e+00
3.7420000000e+01   -6.0459490268e+00
3.7440000000e+01   -6.0177323682e+00
3.7460000000e+01   -5.7702151591e+00
3.7480000000e+01   -6.3435929446e+00
3.7500000000e+01   -5.8799422126e+00
3.7520000000e+01   -5.8097160246e+00
3.7540000000e+01   -7.5602409064e+00
3.7560000000e+01   -5.8037955851e+00
3.7580000000e+01   -5.8928853879e+00
3.7600000000e+01   -6.2969882014e+00
3.7620000000e+01   -5.7699898063e+00
3.7640000000e+01   -6.0414872385e+00
3.7660000000e+01   -6.0267490630e+00
3.7680000000e+01   -5.7720417754e+00
3.7700000000e+01   -6.3305920171e+00
3.7720000000e+01   -5.8861024166e+00
3.7740000000e+01   -5.8101878100e+00
3.7760000000e+01   -7.9837348433e+00
3.7780000000e+01   -5.8082234416e+00
3.7800000000e+01   -5.8915735773e+00
3.7820000000e+01   -6.3137747392e+00
3.7840000000e+01   -5.7730808190e+00
3.7860000000e+01   -6.0371631599e+00
3.7880000000e+01   -6.0358932626e+00
3.7900000000e+01   -5.7738974670e+00
3.7920000000e+01   -6.3181527976e+00
3.7940000000e+01   -5.8923219927e+00
3.7960000000e+01   -5.8106970187e+00
3.7980000000e+01   -8.1825372187e+00
3.8000000000e+01   -5.8126881555e+00
3.8020000000e+01   -5.8903228096e+00
3.8040000000e+01   -6.3310766363e+00
3.8060000000e+01   -5.7762008670e+00
3.8080000000e+01   -6.0329722399e+00
3.8100000000e+01   -6.0451695716e+00
3.8120000000e+01   -5.7757822722e+00
3.8140000000e+01   -6.3062371075e+00
3.8160000000e+01   -5.8986024006e+00
3.8180000000e+01   -5.8112433412e+00
3.8200000000e+01   -7.6321799236e+00
3.8220000000e+01   -5.8171903722e+00
3.8240000000e+01   -5.8891319529e+00
3.8260000000e+01   -6.3489315084e+00
3.8280000000e+01   -5.7793502502e+00
3.8300000000e+01   -6.0289101587e+00
3.8320000000e+01   -6.0545828215e+00
3.8340000000e+01   -5.7776962412e+00
3.8360000000e+01   -6.2948105456e+00
3.8380000000e+01   -5.9049451382e+00
3.8400000000e+01   -5.8118264883e+00
3.8420000000e+01   -7.3991415570e+00
3.8440000000e+01   -5.8217307443e+00
3.8460000000e+01   -5.8879999283e+00
3.8480000000e+01   -6.3673812306e+00
3.8500000000e+01   -5.7825292681e+00
3.8520000000e+01   -6.0249728331e+00
3.8540000000e+01   -6.0641381113e+00
3.8560000000e+01   -5.7796394234e+00
3.8580000000e+01   -6.2838420474e+00
3.8600000000e+01   -5.9113517615e+00
3.8620000000e+01   -5.8124461763e+00
3.8640000000e+01   -7.2497709460e+00
3.8660000000e+01   -5.8263099469e+00
3.8680000000e+01   -5.8869256895e+00
3.8700000000e+01   -6.3864725513e+00
3.8720000000e+01   -5.7857382349e+00
3.8740000000e+01   -6.0211563763e+00
3.8760000000e+01   -6.0738407983e+00
3.8780000000e+01   -5.7816118829e+00
3.8800000000e+01   -6.2733034225e+00
3.8820000000e+01   -5.9178238662e+00
3.8840000000e+01   -5.8131021436e+00
3.8860000000e+01   -7.1399646772e+00
3.8880000000e+01   -5.8309286612e+00
3.8900000000e+01   -5.8859082424e+00
3.8920000000e+01   -6.4062579559e+00
3.8940000000e+01   -5.7889774624e+00
3.8960000000e+01   -6.0174571140e+00
3.8980000000e+01   -6.0836965535e+00
3.9000000000e+01   -5.7836136800e+00
3.9020000000e+01   -6.2631690646e+00
3.9040000000e+01   -5.9243631148e+00
3.9060000000e+01   -5.8137941302e+00
3.9080000000e+01   -7.0533114312e+00
3.9100000000e+01   -5.8355875953e+00
3.9120000000e+01   -5.8849466180e+00
3.9140000000e+01   -6.4267965596e+00
3.9160000000e+01   -5.7922472799e+00
3.9180000000e+01   -6.0138715369e+00
3.9200000000e+01   -6.0937113428e+00
3.9220000000e+01   -5.7856448928e+00
3.9240000000e+01   -6.2534155878e+00
3.9260000000e+01   -5.9309712105e+00
3.9280000000e+01   -5.8145219009e+00
3.9300000000e+01   -6.9818771166e+00
3.9320000000e+01   -5.8402874611e+00
3.9340000000e+01   -5.8840398998e+00
3.9360000000e+01   -6.4481553852e+00
3.9380000000e+01   -5.7955480122e+00
3.9400000000e+01   -6.0103963287e+00
3.9420000000e+01   -6.1038915001e+00
3.9440000000e+01   -5.7877055932e+00
3.9460000000e+01   -6.2440216416e+00
3.9480000000e+01   -5.9376499330e+00
3.9500000000e+01   -5.8152852192e+00
3.9520000000e+01   -6.9212157448e+00
3.9540000000e+01   -5.8450290012e+00
3.9560000000e+01   -5.8831871915e+00
3.9580000000e+01   -6.4704107232e+00
3.9600000000e+01   -5.7988800032e+00
3.9620000000e+01   -6.0070283142e+00
3.9640000000e+01   -6.1142437052e+00
3.9660000000e+01   -5.7897958711e+00
3.9680000000e+01   -6.2349676204e+00
3.9700000000e+01   -5.9444011079e+00
3.9720000000e+01   -5.8160838722e+00
3.9740000000e+01   -6.8685835686e+00
3.9760000000e+01   -5.8498129633e+00
3.9780000000e+01   -5.8823876448e+00
3.9800000000e+01   -6.4936500518e+00
3.9820000000e+01   -5.8022435939e+00
3.9840000000e+01   -6.0037644880e+00
3.9860000000e+01   -6.1247750606e+00
3.9880000000e+01   -5.7919158123e+00
3.9900000000e+01   -6.2262355353e+00
3.9920000000e+01   -5.9512266412e+00
3.9940000000e+01   -5.8169176481e+00
3.9960000000e+01   -6.8221678497e+00
3.9980000000e+01   -5.8546401251e+00
4.0000000000e+01   -5.8816404322e+00
