X    Y
0.0000000000e+00   0.0000000000e+00
2.0000000000e-02   -8.6858896381e-03
4.0000000000e-02   -1.7371779276e-02
6.0000000000e-02   -2.6057668914e-02
8.0000000000e-02   -3.4743558552e-02
1.0000000000e-01   -4.3429448190e-02
1.2000000000e-01   -5.2115337828e-02
1.4000000000e-01   -6.0801227466e-02
1.6000000000e-01   -6.9487117105e-02
1.8000000000e-01   -7.8173006743e-02
2.0000000000e-01   -8.6858896381e-02
2.2000000000e-01   -9.5544786019e-02
2.4000000000e-01   -1.0423067566e-01
2.6000000000e-01   -1.1291656529e-01
2.8000000000e-01   -1.2160245493e-01
3.0000000000e-01   -1.3028834457e-01
3.2000000000e-01   -1.3897423421e-01
3.4000000000e-01   -1.4766012385e-01
3.6000000000e-01   -1.5634601349e-01
3.8000000000e-01   -1.6503190312e-01
4.0000000000e-01   -1.7371779276e-01
4.2000000000e-01   -1.8240368240e-01
4.4000000000e-01   -1.9108957204e-01
4.6000000000e-01   -1.9977546168e-01
4.8000000000e-01   -2.0846135131e-01
5.0000000000e-01   -2.1714724095e-01
5.2000000000e-01   -2.2583313059e-01
5.4000000000e-01   -2.3451902023e-01
5.6000000000e-01   -2.4320490987e-01
5.8000000000e-01   -2.5189079950e-01
6.0000000000e-01   -2.6057668914e-01
6.2000000000e-01   -2.6926257878e-01
6.4000000000e-01   -2.7794846842e-01
6.6000000000e-01   -2.8663435806e-01
6.8000000000e-01   -2.9532024769e-01
7.0000000000e-01   -3.0400613733e-01
7.2000000000e-01   -3.1269202697e-01
7.4000000000e-01   -3.2137791661e-01
7.6000000000e-01   -3.3006380625e-01
7.8000000000e-01   -3.3874969588e-01
8.0000000000e-01   -3.4743558552e-01
8.2000000000e-01   -3.5612147516e-01
8.4000000000e-01   -3.6480736480e-01
8.6000000000e-01   -3.7349325444e-01
8.8000000000e-01   -3.8217914407e-01
9.0000000000e-01   -3.9086503371e-01
9.2000000000e-01   -3.9955092335e-01
9.4000000000e-01   -4.0823681299e-01
9.6000000000e-01   -4.1692270263e-01
9.8000000000e-01   -4.2560859227e-01
1.0000000000e+00   -4.3429448190e-01
1.0200000000e+00   -4.4298037154e-01
1.0400000000e+00   -4.5166626118e-01
1.0600000000e+00   -4.6035215082e-01
1.0800000000e+00   -4.6903804046e-01
1.1000000000e+00   -4.7772393009e-01
1.1200000000e+00   -4.8640981973e-01
1.1400000000e+00   -4.9509570937e-01
1.1600000000e+00   -5.0378159901e-01
1.1800000000e+00   -5.1246748865e-01
1.2000000000e+00   -5.2115337828e-01
1.2200000000e+00   -5.2983926792e-01
1.2400000000e+00   -5.3852515756e-01
1.2600000000e+00   -5.4721104720e-01
1.2800000000e+00   -5.5589693684e-01
1.3000000000e+00   -5.6458282647e-01
1.3200000000e+00   -5.7326871611e-01
1.3400000000e+00   -5.8195460575e-01
1.3600000000e+00   -5.9064049539e-01
1.3800000000e+00   -5.9932638503e-01
1.4000000000e+00   -6.0801227466e-01
1.4200000000e+00   -6.1669816430e-01
1.4400000000e+00   -6.2538405394e-01
1.4600000000e+00   -6.3406994358e-01
1.4800000000e+00   -6.4275583322e-01
1.5000000000e+00   -6.5144172285e-01
1.5200000000e+00   -6.6012761249e-01
1.5400000000e+00   -6.6881350213e-01
1.5600000000e+00   -6.7749939177e-01
1.5800000000e+00   -6.8618528141e-01
1.6000000000e+00   -6.9487117105e-01
1.6200000000e+00   -7.0355706068e-01
1.6400000000e+00   -7.1224295032e-01
1.6600000000e+00   -7.2092883996e-01
1.6800000000e+00   -7.2961472960e-01
1.7000000000e+00   -7.3830061924e-01
1.7200000000e+00   -7.4698650887e-01
1.7400000000e+00   -7.5567239851e-01
1.7600000000e+00   -7.6435828815e-01
1.7800000000e+00   -7.7304417779e-01
1.8000000000e+00   -7.8173006743e-01
1.8200000000e+00   -7.9041595706e-01
1.8400000000e+00   -7.9910184670e-01
1.8600000000e+00   -8.0778773634e-01
1.8800000000e+00   -8.1647362598e-01
1.9000000000e+00   -8.2515951562e-01
1.9200000000e+00   -8.3384540525e-01
1.9400000000e+00   -8.4253129489e-01
1.9600000000e+00   -8.5121718453e-01
1.9800000000e+00   -8.5990307417e-01
2.0000000000e+00   -8.6858896381e-01
2.0200000000e+00   -8.7727485344e-01
2.0400000000e+00   -8.8596074308e-01
2.0600000000e+00   -8.9464663272e-01
2.0800000000e+00   -9.0333252236e-01
2.1000000000e+00   -9.1201841200e-01
2.1200000000e+00   -9.2070430163e-01
2.1400000000e+00   -9.2939019127e-01
2.1600000000e+00   -9.3807608091e-01
2.1800000000e+00   -9.4676197055e-01
2.2000000000e+00   -9.5544786019e-01
2.2200000000e+00   -9.6413374983e-01
2.2400000000e+00   -9.7281963946e-01
2.2600000000e+00   -9.8150552910e-01
2.2800000000e+00   -9.9019141874e-01
2.3000000000e+00   -9.9887730838e-01
2.3200000000e+00   -1.0075631980e+00
2.3400000000e+00   -1.0162490877e+00
2.3600000000e+00   -1.0249349773e+00
2.3800000000e+00   -1.0336208669e+00
2.4000000000e+00   -1.0423067566e+00
2.4200000000e+00   -1.0509926462e+00
2.4400000000e+00   -1.0596785358e+00
2.4600000000e+00   -1.0683644255e+00
2.4800000000e+00   -1.0770503151e+00
2.5000000000e+00   -1.0857362048e+00
2.5200000000e+00   -1.0944220944e+00
2.5400000000e+00   -1.1031079840e+00
2.5600000000e+00   -1.1117938737e+00
2.5800000000e+00   -1.1204797633e+00
2.6000000000e+00   -1.1291656529e+00
2.6200000000e+00   -1.1378515426e+00
2.6400000000e+00   -1.1465374322e+00
2.6600000000e+00   -1.1552233219e+00
2.6800000000e+00   -1.1639092115e+00
2.7000000000e+00   -1.1725951011e+00
2.7200000000e+00   -1.1812809908e+00
2.7400000000e+00   -1.1899668804e+00
2.7600000000e+00   -1.1986527701e+00
2.7800000000e+00   -1.2073386597e+00
2.8000000000e+00   -1.2160245493e+00
2.8200000000e+00   -1.2247104390e+00
2.8400000000e+00   -1.2333963286e+00
2.8600000000e+00   -1.2420822182e+00
2.8800000000e+00   -1.2507681079e+00
2.9000000000e+00   -1.2594539975e+00
2.9200000000e+00   -1.2681398872e+00
2.9400000000e+00   -1.2768257768e+00
2.9600000000e+00   -1.2855116664e+00
2.9800000000e+00   -1.2941975561e+00
3.0000000000e+00   -1.3028834457e+00
3.0200000000e+00   -1.3115693353e+00
3.0400000000e+00   -1.3202552250e+00
3.0600000000e+00   -1.3289411146e+00
3.0800000000e+00   -1.3376270043e+00
3.1000000000e+00   -1.3463128939e+00
3.1200000000e+00   -1.3549987835e+00
3.1400000000e+00   -1.3636846732e+00
3.1600000000e+00   -1.3723705628e+00
3.1800000000e+00   -1.3810564525e+00
3.2000000000e+00   -1.3897423421e+00
3.2200000000e+00   -1.3984282317e+00
3.2400000000e+00   -1.4071141214e+00
3.2600000000e+00   -1.4158000110e+00
3.2800000000e+00   -1.4244859006e+00
3.3000000000e+00   -1.4331717903e+00
3.3200000000e+00   -1.4418576799e+00
3.3400000000e+00   -1.4505435696e+00
3.3600000000e+00   -1.4592294592e+00
3.3800000000e+00   -1.4679153488e+00
3.4000000000e+00   -1.4766012385e+00
3.4200000000e+00   -1.4852871281e+00
3.4400000000e+00   -1.4939730177e+00
3.4600000000e+00   -1.5026589074e+00
3.4800000000e+00   -1.5113447970e+00
3.5000000000e+00   -1.5200306867e+00
3.5200000000e+00   -1.5287165763e+00
3.5400000000e+00   -1.5374024659e+00
3.5600000000e+00   -1.5460883556e+00
3.5800000000e+00   -1.5547742452e+00
3.6000000000e+00   -1.5634601349e+00
3.6200000000e+00   -1.5721460245e+00
3.6400000000e+00   -1.5808319141e+00
3.6600000000e+00   -1.5895178038e+00
3.6800000000e+00   -1.5982036934e+00
3.7000000000e+00   -1.6068895830e+00
3.7200000000e+00   -1.6155754727e+00
3.7400000000e+00   -1.6242613623e+00
3.7600000000e+00   -1.6329472520e+00
3.7800000000e+00   -1.6416331416e+00
3.8000000000e+00   -1.6503190312e+00
3.8200000000e+00   -1.6590049209e+00
3.8400000000e+00   -1.6676908105e+00
3.8600000000e+00   -1.6763767001e+00
3.8800000000e+00   -1.6850625898e+00
3.9000000000e+00   -1.6937484794e+00
3.9200000000e+00   -1.7024343691e+00
3.9400000000e+00   -1.7111202587e+00
3.9600000000e+00   -1.7198061483e+00
3.9800000000e+00   -1.7284920380e+00
4.0000000000e+00   -1.7371779276e+00
4.0200000000e+00   -1.7458638173e+00
4.0400000000e+00   -1.7545497069e+00
4.0600000000e+00   -1.7632355965e+00
4.0800000000e+00   -1.7719214862e+00
4.1000000000e+00   -1.7806073758e+00
4.1200000000e+00   -1.7892932654e+00
4.1400000000e+00   -1.7979791551e+00
4.1600000000e+00   -1.8066650447e+00
4.1800000000e+00   -1.8153509344e+00
4.2000000000e+00   -1.8240368240e+00
4.2200000000e+00   -1.8327227136e+00
4.2400000000e+00   -1.8414086033e+00
4.2600000000e+00   -1.8500944929e+00
4.2800000000e+00   -1.8587803825e+00
4.3000000000e+00   -1.8674662722e+00
4.3200000000e+00   -1.8761521618e+00
4.3400000000e+00   -1.8848380515e+00
4.3600000000e+00   -1.8935239411e+00
4.3800000000e+00   -1.9022098307e+00
4.4000000000e+00   -1.9108957204e+00
4.4200000000e+00   -1.9195816100e+00
4.4400000000e+00   -1.9282674997e+00
4.4600000000e+00   -1.9369533893e+00
4.4800000000e+00   -1.9456392789e+00
4.5000000000e+00   -1.9543251686e+00
4.5200000000e+00   -1.9630110582e+00
4.5400000000e+00   -1.9716969478e+00
4.5600000000e+00   -1.9803828375e+00
4.5800000000e+00   -1.9890687271e+00
4.6000000000e+00   -1.9977546168e+00
4.6200000000e+00   -2.0064405064e+00
4.6400000000e+00   -2.0151263960e+00
4.6600000000e+00   -2.0238122857e+00
4.6800000000e+00   -2.0324981753e+00
4.7000000000e+00   -2.0411840649e+00
4.7200000000e+00   -2.0498699546e+00
4.7400000000e+00   -2.0585558442e+00
4.7600000000e+00   -2.0672417339e+00
4.7800000000e+00   -2.0759276235e+00
4.8000000000e+00   -2.0846135131e+00
4.8200000000e+00   -2.0932994028e+00
4.8400000000e+00   -2.1019852924e+00
4.8600000000e+00   -2.1106711820e+00
4.8800000000e+00   -2.1193570717e+00
4.9000000000e+00   -2.1280429613e+00
4.9200000000e+00   -2.1367288510e+00
4.9400000000e+00   -2.1454147406e+00
4.9600000000e+00   -2.1541006302e+00
4.9800000000e+00   -2.1627865199e+00
5.0000000000e+00   -2.1714724095e+00
5.0200000000e+00   -2.1801582992e+00
5.0400000000e+00   -2.1888441888e+00
5.0600000000e+00   -2.1975300784e+00
5.0800000000e+00   -2.2062159681e+00
5.1000000000e+00   -2.2149018577e+00
5.1200000000e+00   -2.2235877473e+00
5.1400000000e+00   -2.2322736370e+00
5.1600000000e+00   -2.2409595266e+00
5.1800000000e+00   -2.2496454163e+00
5.2000000000e+00   -2.2583313059e+00
5.2200000000e+00   -2.2670171955e+00
5.2400000000e+00   -2.2757030852e+00
5.2600000000e+00   -2.2843889748e+00
5.2800000000e+00   -2.2930748644e+00
5.3000000000e+00   -2.3017607541e+00
5.3200000000e+00   -2.3104466437e+00
5.3400000000e+00   -2.3191325334e+00
5.3600000000e+00   -2.3278184230e+00
5.3800000000e+00   -2.3365043126e+00
5.4000000000e+00   -2.3451902023e+00
5.4200000000e+00   -2.3538760919e+00
5.4400000000e+00   -2.3625619816e+00
5.4600000000e+00   -2.3712478712e+00
5.4800000000e+00   -2.3799337608e+00
5.5000000000e+00   -2.3886196505e+00
5.5200000000e+00   -2.3973055401e+00
5.5400000000e+00   -2.4059914297e+00
5.5600000000e+00   -2.4146773194e+00
5.5800000000e+00   -2.4233632090e+00
5.6000000000e+00   -2.4320490987e+00
5.6200000000e+00   -2.4407349883e+00
5.6400000000e+00   -2.4494208779e+00
5.6600000000e+00   -2.4581067676e+00
5.6800000000e+00   -2.4667926572e+00
5.7000000000e+00   -2.4754785468e+00
5.7200000000e+00   -2.4841644365e+00
5.7400000000e+00   -2.4928503261e+00
5.7600000000e+00   -2.5015362158e+00
5.7800000000e+00   -2.5102221054e+00
5.8000000000e+00   -2.5189079950e+00
5.8200000000e+00   -2.5275938847e+00
5.8400000000e+00   -2.5362797743e+00
5.8600000000e+00   -2.5449656640e+00
5.8800000000e+00   -2.5536515536e+00
5.9000000000e+00   -2.5623374432e+00
5.9200000000e+00   -2.5710233329e+00
5.9400000000e+00   -2.5797092225e+00
5.9600000000e+00   -2.5883951121e+00
5.9800000000e+00   -2.5970810018e+00
6.0000000000e+00   -2.6057668914e+00
6.0200000000e+00   -2.6144527811e+00
6.0400000000e+00   -2.6231386707e+00
6.0600000000e+00   -2.6318245603e+00
6.0800000000e+00   -2.6405104500e+00
6.1000000000e+00   -2.6491963396e+00
6.1200000000e+00   -2.6578822292e+00
6.1400000000e+00   -2.6665681189e+00
6.1600000000e+00   -2.6752540085e+00
6.1800000000e+00   -2.6839398982e+00
6.2000000000e+00   -2.6926257878e+00
6.2200000000e+00   -2.7013116774e+00
6.2400000000e+00   -2.7099975671e+00
6.2600000000e+00   -2.7186834567e+00
6.2800000000e+00   -2.7273693464e+00
6.3000000000e+00   -2.7360552360e+00
6.3200000000e+00   -2.7447411256e+00
6.3400000000e+00   -2.7534270153e+00
6.3600000000e+00   -2.7621129049e+00
6.3800000000e+00   -2.7707987945e+00
6.4000000000e+00   -2.7794846842e+00
6.4200000000e+00   -2.7881705738e+00
6.4400000000e+00   -2.7968564635e+00
6.4600000000e+00   -2.8055423531e+00
6.4800000000e+00   -2.8142282427e+00
6.5000000000e+00   -2.8229141324e+00
6.5200000000e+00   -2.8316000220e+00
6.5400000000e+00   -2.8402859116e+00
6.5600000000e+00   -2.8489718013e+00
6.5800000000e+00   -2.8576576909e+00
6.6000000000e+00   -2.8663435806e+00
6.6200000000e+00   -2.8750294702e+00
6.6400000000e+00   -2.8837153598e+00
6.6600000000e+00   -2.8924012495e+00
6.6800000000e+00   -2.9010871391e+00
6.7000000000e+00   -2.9097730288e+00
6.7200000000e+00   -2.9184589184e+00
6.7400000000e+00   -2.9271448080e+00
6.7600000000e+00   -2.9358306977e+00
6.7800000000e+00   -2.9445165873e+00
6.8000000000e+00   -2.9532024769e+00
6.8200000000e+00   -2.9618883666e+00
6.8400000000e+00   -2.9705742562e+00
6.8600000000e+00   -2.9792601459e+00
6.8800000000e+00   -2.9879460355e+00
6.9000000000e+00   -2.9966319251e+00
6.9200000000e+00   -3.0053178148e+00
6.9400000000e+00   -3.0140037044e+00
6.9600000000e+00   -3.0226895940e+00
6.9800000000e+00   -3.0313754837e+00
7.0000000000e+00   -3.0400613733e+00
7.0200000000e+00   -3.0487472630e+00
7.0400000000e+00   -3.0574331526e+00
7.0600000000e+00   -3.0661190422e+00
7.0800000000e+00   -3.0748049319e+00
7.1000000000e+00   -3.0834908215e+00
7.1200000000e+00   -3.0921767112e+00
7.1400000000e+00   -3.1008626008e+00
7.1600000000e+00   -3.1095484904e+00
7.1800000000e+00   -3.1182343801e+00
7.2000000000e+00   -3.1269202697e+00
7.2200000000e+00   -3.1356061593e+00
7.2400000000e+00   -3.1442920490e+00
7.2600000000e+00   -3.1529779386e+00
7.2800000000e+00   -3.1616638283e+00
7.3000000000e+00   -3.1703497179e+00
7.3200000000e+00   -3.1790356075e+00
7.3400000000e+00   -3.1877214972e+00
7.3600000000e+00   -3.1964073868e+00
7.3800000000e+00   -3.2050932764e+00
7.4000000000e+00   -3.2137791661e+00
7.4200000000e+00   -3.2224650557e+00
7.4400000000e+00   -3.2311509454e+00
7.4600000000e+00   -3.2398368350e+00
7.4800000000e+00   -3.2485227246e+00
7.5000000000e+00   -3.2572086143e+00
7.5200000000e+00   -3.2658945039e+00
7.5400000000e+00   -3.2745803936e+00
7.5600000000e+00   -3.2832662832e+00
7.5800000000e+00   -3.2919521728e+00
7.6000000000e+00   -3.3006380625e+00
7.6200000000e+00   -3.3093239521e+00
7.6400000000e+00   -3.3180098417e+00
7.6600000000e+00   -3.3266957314e+00
7.6800000000e+00   -3.3353816210e+00
7.7000000000e+00   -3.3440675107e+00
7.7200000000e+00   -3.3527534003e+00
7.7400000000e+00   -3.3614392899e+00
7.7600000000e+00   -3.3701251796e+00
7.7800000000e+00   -3.3788110692e+00
7.8000000000e+00   -3.3874969588e+00
7.8200000000e+00   -3.3961828485e+00
7.8400000000e+00   -3.4048687381e+00
7.8600000000e+00   -3.4135546278e+00
7.8800000000e+00   -3.4222405174e+00
7.9000000000e+00   -3.4309264070e+00
7.9200000000e+00   -3.4396122967e+00
7.9400000000e+00   -3.4482981863e+00
7.9600000000e+00   -3.4569840759e+00
7.9800000000e+00   -3.4656699656e+00
8.0000000000e+00   -3.4743558552e+00
8.0200000000e+00   -3.4830417449e+00
8.0400000000e+00   -3.4917276345e+00
8.0600000000e+00   -3.5004135241e+00
8.0800000000e+00   -3.5090994138e+00
8.1000000000e+00   -3.5177853034e+00
8.1200000000e+00   -3.5264711931e+00
8.1400000000e+00   -3.5351570827e+00
8.1600000000e+00   -3.5438429723e+00
8.1800000000e+00   -3.5525288620e+00
8.2000000000e+00   -3.5612147516e+00
8.2200000000e+00   -3.5699006412e+00
8.2400000000e+00   -3.5785865309e+00
8.2600000000e+00   -3.5872724205e+00
8.2800000000e+00   -3.5959583102e+00
8.3000000000e+00   -3.6046441998e+00
8.3200000000e+00   -3.6133300894e+00
8.3400000000e+00   -3.6220159791e+00
8.3600000000e+00   -3.6307018687e+00
8.3800000000e+00   -3.6393877583e+00
8.4000000000e+00   -3.6480736480e+00
8.4200000000e+00   -3.6567595376e+00
8.4400000000e+00   -3.6654454273e+00
8.4600000000e+00   -3.6741313169e+00
8.4800000000e+00   -3.6828172065e+00
8.5000000000e+00   -3.6915030962e+00
8.5200000000e+00   -3.7001889858e+00
8.5400000000e+00   -3.7088748755e+00
8.5600000000e+00   -3.7175607651e+00
8.5800000000e+00   -3.7262466547e+00
8.6000000000e+00   -3.7349325444e+00
8.6200000000e+00   -3.7436184340e+00
8.6400000000e+00   -3.7523043236e+00
8.6600000000e+00   -3.7609902133e+00
8.6800000000e+00   -3.7696761029e+00
8.7000000000e+00   -3.7783619926e+00
8.7200000000e+00   -3.7870478822e+00
8.7400000000e+00   -3.7957337718e+00
8.7600000000e+00   -3.8044196615e+00
8.7800000000e+00   -3.8131055511e+00
8.8000000000e+00   -3.8217914407e+00
8.8200000000e+00   -3.8304773304e+00
8.8400000000e+00   -3.8391632200e+00
8.8600000000e+00   -3.8478491097e+00
8.8800000000e+00   -3.8565349993e+00
8.9000000000e+00   -3.8652208889e+00
8.9200000000e+00   -3.8739067786e+00
8.9400000000e+00   -3.8825926682e+00
8.9600000000e+00   -3.8912785579e+00
8.9800000000e+00   -3.8999644475e+00
9.0000000000e+00   -3.9086503371e+00
9.0200000000e+00   -3.9173362268e+00
9.0400000000e+00   -3.9260221164e+00
9.0600000000e+00   -3.9347080060e+00
9.0800000000e+00   -3.9433938957e+00
9.1000000000e+00   -3.9520797853e+00
9.1200000000e+00   -3.9607656750e+00
9.1400000000e+00   -3.9694515646e+00
9.1600000000e+00   -3.9781374542e+00
9.1800000000e+00   -3.9868233439e+00
9.2000000000e+00   -3.9955092335e+00
9.2200000000e+00   -4.0041951231e+00
9.2400000000e+00   -4.0128810128e+00
9.2600000000e+00   -4.0215669024e+00
9.2800000000e+00   -4.0302527921e+00
9.3000000000e+00   -4.0389386817e+00
9.3200000000e+00   -4.0476245713e+00
9.3400000000e+00   -4.0563104610e+00
9.3600000000e+00   -4.0649963506e+00
9.3800000000e+00   -4.0736822403e+00
9.4000000000e+00   -4.0823681299e+00
9.4200000000e+00   -4.0910540195e+00
9.4400000000e+00   -4.0997399092e+00
9.4600000000e+00   -4.1084257988e+00
9.4800000000e+00   -4.1171116884e+00
9.5000000000e+00   -4.1257975781e+00
9.5200000000e+00   -4.1344834677e+00
9.5400000000e+00   -4.1431693574e+00
9.5600000000e+00   -4.1518552470e+00
9.5800000000e+00   -4.1605411366e+00
9.6000000000e+00   -4.1692270263e+00
9.6200000000e+00   -4.1779129159e+00
9.6400000000e+00   -4.1865988055e+00
9.6600000000e+00   -4.1952846952e+00
9.6800000000e+00   -4.2039705848e+00
9.7000000000e+00   -4.2126564745e+00
9.7200000000e+00   -4.2213423641e+00
9.7400000000e+00   -4.2300282537e+00
9.7600000000e+00   -4.2387141434e+00
9.7800000000e+00   -4.2474000330e+00
9.8000000000e+00   -4.2560859227e+00
9.8200000000e+00   -4.2647718123e+00
9.8400000000e+00   -4.2734577019e+00
9.8600000000e+00   -4.2821435916e+00
9.8800000000e+00   -4.2908294812e+00
9.9000000000e+00   -4.2995153708e+00
9.9200000000e+00   -4.3082012605e+00
9.9400000000e+00   -4.3168871501e+00
9.9600000000e+00   -4.3255730398e+00
9.9800000000e+00   -4.3342589294e+00
1.0000000000e+01   -4.3429448190e+00
1.0020000000e+01   -4.3516307087e+00
1.0040000000e+01   -4.3603165983e+00
1.0060000000e+01   -4.3690024879e+00
1.0080000000e+01   -4.3776883776e+00
1.0100000000e+01   -4.3863742672e+00
1.0120000000e+01   -4.3950601569e+00
1.0140000000e+01   -4.4037460465e+00
1.0160000000e+01   -4.4124319361e+00
1.0180000000e+01   -4.4211178258e+00
1.0200000000e+01   -4.4298037154e+00
1.0220000000e+01   -4.4384896051e+00
1.0240000000e+01   -4.4471754947e+00
1.0260000000e+01   -4.4558613843e+00
1.0280000000e+01   -4.4645472740e+00
1.0300000000e+01   -4.4732331636e+00
1.0320000000e+01   -4.4819190532e+00
1.0340000000e+01   -4.4906049429e+00
1.0360000000e+01   -4.4992908325e+00
1.0380000000e+01   -4.5079767222e+00
1.0400000000e+01   -4.5166626118e+00
1.0420000000e+01   -4.5253485014e+00
1.0440000000e+01   -4.5340343911e+00
1.0460000000e+01   -4.5427202807e+00
1.0480000000e+01   -4.5514061703e+00
1.0500000000e+01   -4.5600920600e+00
1.0520000000e+01   -4.5687779496e+00
1.0540000000e+01   -4.5774638393e+00
1.0560000000e+01   -4.5861497289e+00
1.0580000000e+01   -4.5948356185e+00
1.0600000000e+01   -4.6035215082e+00
1.0620000000e+01   -4.6122073978e+00
1.0640000000e+01   -4.6208932875e+00
1.0660000000e+01   -4.6295791771e+00
1.0680000000e+01   -4.6382650667e+00
1.0700000000e+01   -4.6469509564e+00
1.0720000000e+01   -4.6556368460e+00
1.0740000000e+01   -4.6643227356e+00
1.0760000000e+01   -4.6730086253e+00
1.0780000000e+01   -4.6816945149e+00
1.0800000000e+01   -4.6903804046e+00
1.0820000000e+01   -4.6990662942e+00
1.0840000000e+01   -4.7077521838e+00
1.0860000000e+01   -4.7164380735e+00
1.0880000000e+01   -4.7251239631e+00
1.0900000000e+01   -4.7338098527e+00
1.0920000000e+01   -4.7424957424e+00
1.0940000000e+01   -4.7511816320e+00
1.0960000000e+01   -4.7598675217e+00
1.0980000000e+01   -4.7685534113e+00
1.1000000000e+01   -4.7772393009e+00
1.1020000000e+01   -4.7859251906e+00
1.1040000000e+01   -4.7946110802e+00
1.1060000000e+01   -4.8032969698e+00
1.1080000000e+01   -4.8119828595e+00
1.1100000000e+01   -4.8206687491e+00
1.1120000000e+01   -4.8293546388e+00
1.1140000000e+01   -4.8380405284e+00
1.1160000000e+01   -4.8467264180e+00
1.1180000000e+01   -4.8554123077e+00
1.1200000000e+01   -4.8640981973e+00
1.1220000000e+01   -4.8727840870e+00
1.1240000000e+01   -4.8814699766e+00
1.1260000000e+01   -4.8901558662e+00
1.1280000000e+01   -4.8988417559e+00
1.1300000000e+01   -4.9075276455e+00
1.1320000000e+01   -4.9162135351e+00
1.1340000000e+01   -4.9248994248e+00
1.1360000000e+01   -4.9335853144e+00
1.1380000000e+01   -4.9422712041e+00
1.1400000000e+01   -4.9509570937e+00
1.1420000000e+01   -4.9596429833e+00
1.1440000000e+01   -4.9683288730e+00
1.1460000000e+01   -4.9770147626e+00
1.1480000000e+01   -4.9857006522e+00
1.1500000000e+01   -4.9943865419e+00
1.1520000000e+01   -5.0030724315e+00
1.1540000000e+01   -5.0117583212e+00
1.1560000000e+01   -5.0204442108e+00
1.1580000000e+01   -5.0291301004e+00
1.1600000000e+01   -5.0378159901e+00
1.1620000000e+01   -5.0465018797e+00
1.1640000000e+01   -5.0551877694e+00
1.1660000000e+01   -5.0638736590e+00
1.1680000000e+01   -5.0725595486e+00
1.1700000000e+01   -5.0812454383e+00
1.1720000000e+01   -5.0899313279e+00
1.1740000000e+01   -5.0986172175e+00
1.1760000000e+01   -5.1073031072e+00
1.1780000000e+01   -5.1159889968e+00
1.1800000000e+01   -5.1246748865e+00
1.1820000000e+01   -5.1333607761e+00
1.1840000000e+01   -5.1420466657e+00
1.1860000000e+01   -5.1507325554e+00
1.1880000000e+01   -5.1594184450e+00
1.1900000000e+01   -5.1681043346e+00
1.1920000000e+01   -5.1767902243e+00
1.1940000000e+01   -5.1854761139e+00
1.1960000000e+01   -5.1941620036e+00
1.1980000000e+01   -5.2028478932e+00
1.2000000000e+01   -5.2115337828e+00
1.2020000000e+01   -5.2202196725e+00
1.2040000000e+01   -5.2289055621e+00
1.2060000000e+01   -5.2375914518e+00
1.2080000000e+01   -5.2462773414e+00
1.2100000000e+01   -5.2549632310e+00
1.2120000000e+01   -5.2636491207e+00
1.2140000000e+01   -5.2723350103e+00
1.2160000000e+01   -5.2810208999e+00
1.2180000000e+01   -5.2897067896e+00
1.2200000000e+01   -5.2983926792e+00
1.2220000000e+01   -5.3070785689e+00
1.2240000000e+01   -5.3157644585e+00
1.2260000000e+01   -5.3244503481e+00
1.2280000000e+01   -5.3331362378e+00
1.2300000000e+01   -5.3418221274e+00
1.2320000000e+01   -5.3505080170e+00
1.2340000000e+01   -5.3591939067e+00
1.2360000000e+01   -5.3678797963e+00
1.2380000000e+01   -5.3765656860e+00
1.2400000000e+01   -5.3852515756e+00
1.2420000000e+01   -5.3939374652e+00
1.2440000000e+01   -5.4026233549e+00
1.2460000000e+01   -5.4113092445e+00
1.2480000000e+01   -5.4199951342e+00
1.2500000000e+01   -5.4286810238e+00
1.2520000000e+01   -5.4373669134e+00
1.2540000000e+01   -5.4460528031e+00
1.2560000000e+01   -5.4547386927e+00
1.2580000000e+01   -5.4634245823e+00
1.2600000000e+01   -5.4721104720e+00
1.2620000000e+01   -5.4807963616e+00
1.2640000000e+01   -5.4894822513e+00
1.2660000000e+01   -5.4981681409e+00
1.2680000000e+01   -5.5068540305e+00
1.2700000000e+01   -5.5155399202e+00
1.2720000000e+01   -5.5242258098e+00
1.2740000000e+01   -5.5329116994e+00
1.2760000000e+01   -5.5415975891e+00
1.2780000000e+01   -5.5502834787e+00
1.2800000000e+01   -5.5589693684e+00
1.2820000000e+01   -5.5676552580e+00
1.2840000000e+01   -5.5763411476e+00
1.2860000000e+01   -5.5850270373e+00
1.2880000000e+01   -5.5937129269e+00
1.2900000000e+01   -5.6023988166e+00
1.2920000000e+01   -5.6110847062e+00
1.2940000000e+01   -5.6197705958e+00
1.2960000000e+01   -5.6284564855e+00
1.2980000000e+01   -5.6371423751e+00
1.3000000000e+01   -5.6458282647e+00
1.3020000000e+01   -5.6545141544e+00
1.3040000000e+01   -5.6632000440e+00
1.3060000000e+01   -5.6718859337e+00
1.3080000000e+01   -5.6805718233e+00
1.3100000000e+01   -5.6892577129e+00
1.3120000000e+01   -5.6979436026e+00
1.3140000000e+01   -5.7066294922e+00
1.3160000000e+01   -5.7153153818e+00
1.3180000000e+01   -5.7240012715e+00
1.3200000000e+01   -5.7326871611e+00
1.3220000000e+01   -5.7413730508e+00
1.3240000000e+01   -5.7500589404e+00
1.3260000000e+01   -5.7587448300e+00
1.3280000000e+01   -5.7674307197e+00
1.3300000000e+01   -5.7761166093e+00
1.3320000000e+01   -5.7848024990e+00
1.3340000000e+01   -5.7934883886e+00
1.3360000000e+01   -5.8021742782e+00
1.3380000000e+01   -5.8108601679e+00
1.3400000000e+01   -5.8195460575e+00
1.3420000000e+01   -5.8282319471e+00
1.3440000000e+01   -5.8369178368e+00
1.3460000000e+01   -5.8456037264e+00
1.3480000000e+01   -5.8542896161e+00
1.3500000000e+01   -5.8629755057e+00
1.3520000000e+01   -5.8716613953e+00
1.3540000000e+01   -5.8803472850e+00
1.3560000000e+01   -5.8890331746e+00
1.3580000000e+01   -5.8977190642e+00
1.3600000000e+01   -5.9064049539e+00
1.3620000000e+01   -5.9150908435e+00
1.3640000000e+01   -5.9237767332e+00
1.3660000000e+01   -5.9324626228e+00
1.3680000000e+01   -5.9411485124e+00
1.3700000000e+01   -5.9498344021e+00
1.3720000000e+01   -5.9585202917e+00
1.3740000000e+01   -5.9672061814e+00
1.3760000000e+01   -5.9758920710e+00
1.3780000000e+01   -5.9845779606e+00
1.3800000000e+01   -5.9932638503e+00
1.3820000000e+01   -6.0019497399e+00
1.3840000000e+01   -6.0106356295e+00
1.3860000000e+01   -6.0193215192e+00
1.3880000000e+01   -6.0280074088e+00
1.3900000000e+01   -6.0366932985e+00
1.3920000000e+01   -6.0453791881e+00
1.3940000000e+01   -6.0540650777e+00
1.3960000000e+01   -6.0627509674e+00
1.3980000000e+01   -6.0714368570e+00
1.4000000000e+01   -6.0801227466e+00
1.4020000000e+01   -6.0888086363e+00
1.4040000000e+01   -6.0974945259e+00
1.4060000000e+01   -6.1061804156e+00
1.4080000000e+01   -6.1148663052e+00
1.4100000000e+01   -6.1235521948e+00
1.4120000000e+01   -6.1322380845e+00
1.4140000000e+01   -6.1409239741e+00
1.4160000000e+01   -6.1496098638e+00
1.4180000000e+01   -6.1582957534e+00
1.4200000000e+01   -6.1669816430e+00
1.4220000000e+01   -6.1756675327e+00
1.4240000000e+01   -6.1843534223e+00
1.4260000000e+01   -6.1930393119e+00
1.4280000000e+01   -6.2017252016e+00
1.4300000000e+01   -6.2104110912e+00
1.4320000000e+01   -6.2190969809e+00
1.4340000000e+01   -6.2277828705e+00
1.4360000000e+01   -6.2364687601e+00
1.4380000000e+01   -6.2451546498e+00
1.4400000000e+01   -6.2538405394e+00
1.4420000000e+01   -6.2625264290e+00
1.4440000000e+01   -6.2712123187e+00
1.4460000000e+01   -6.2798982083e+00
1.4480000000e+01   -6.2885840980e+00
1.4500000000e+01   -6.2972699876e+00
1.4520000000e+01   -6.3059558772e+00
1.4540000000e+01   -6.3146417669e+00
1.4560000000e+01   -6.3233276565e+00
1.4580000000e+01   -6.3320135461e+00
1.4600000000e+01   -6.3406994358e+00
1.4620000000e+01   -6.3493853254e+00
1.4640000000e+01   -6.3580712151e+00
1.4660000000e+01   -6.3667571047e+00
1.4680000000e+01   -6.3754429943e+00
1.4700000000e+01   -6.3841288840e+00
1.4720000000e+01   -6.3928147736e+00
1.4740000000e+01   -6.4015006633e+00
1.4760000000e+01   -6.4101865529e+00
1.4780000000e+01   -6.4188724425e+00
1.4800000000e+01   -6.4275583322e+00
1.4820000000e+01   -6.4362442218e+00
1.4840000000e+01   -6.4449301114e+00
1.4860000000e+01   -6.4536160011e+00
1.4880000000e+01   -6.4623018907e+00
1.4900000000e+01   -6.4709877804e+00
1.4920000000e+01   -6.4796736700e+00
1.4940000000e+01   -6.4883595596e+00
1.4960000000e+01   -6.4970454493e+00
1.4980000000e+01   -6.5057313389e+00
1.5000000000e+01   -6.5144172285e+00
1.5020000000e+01   -6.5231031182e+00
1.5040000000e+01   -6.5317890078e+00
1.5060000000e+01   -6.5404748975e+00
1.5080000000e+01   -6.5491607871e+00
1.5100000000e+01   -6.5578466767e+00
1.5120000000e+01   -6.5665325664e+00
1.5140000000e+01   -6.5752184560e+00
1.5160000000e+01   -6.5839043457e+00
1.5180000000e+01   -6.5925902353e+00
1.5200000000e+01   -6.6012761249e+00
1.5220000000e+01   -6.6099620146e+00
1.5240000000e+01   -6.6186479042e+00
1.5260000000e+01   -6.6273337938e+00
1.5280000000e+01   -6.6360196835e+00
1.5300000000e+01   -6.6447055731e+00
1.5320000000e+01   -6.6533914628e+00
1.5340000000e+01   -6.6620773524e+00
1.5360000000e+01   -6.6707632420e+00
1.5380000000e+01   -6.6794491317e+00
1.5400000000e+01   -6.6881350213e+00
1.5420000000e+01   -6.6968209109e+00
1.5440000000e+01   -6.7055068006e+00
1.5460000000e+01   -6.7141926902e+00
1.5480000000e+01   -6.7228785799e+00
1.5500000000e+01   -6.7315644695e+00
1.5520000000e+01   -6.7402503591e+00
1.5540000000e+01   -6.7489362488e+00
1.5560000000e+01   -6.7576221384e+00
1.5580000000e+01   -6.7663080281e+00
1.5600000000e+01   -6.7749939177e+00
1.5620000000e+01   -6.7836798073e+00
1.5640000000e+01   -6.7923656970e+00
1.5660000000e+01   -6.8010515866e+00
1.5680000000e+01   -6.8097374762e+00
1.5700000000e+01   -6.8184233659e+00
1.5720000000e+01   -6.8271092555e+00
1.5740000000e+01   -6.8357951452e+00
1.5760000000e+01   -6.8444810348e+00
1.5780000000e+01   -6.8531669244e+00
1.5800000000e+01   -6.8618528141e+00
1.5820000000e+01   -6.8705387037e+00
1.5840000000e+01   -6.8792245933e+00
1.5860000000e+01   -6.8879104830e+00
1.5880000000e+01   -6.8965963726e+00
1.5900000000e+01   -6.9052822623e+00
1.5920000000e+01   -6.9139681519e+00
1.5940000000e+01   -6.9226540415e+00
1.5960000000e+01   -6.9313399312e+00
1.5980000000e+01   -6.9400258208e+00
1.6000000000e+01   -6.9487117105e+00
1.6020000000e+01   -6.9573976001e+00
1.6040000000e+01   -6.9660834897e+00
1.6060000000e+01   -6.9747693794e+00
1.6080000000e+01   -6.9834552690e+00
1.6100000000e+01   -6.9921411586e+00
1.6120000000e+01   -7.0008270483e+00
1.6140000000e+01   -7.0095129379e+00
1.6160000000e+01   -7.0181988276e+00
1.6180000000e+01   -7.0268847172e+00
1.6200000000e+01   -7.0355706068e+00
1.6220000000e+01   -7.0442564965e+00
1.6240000000e+01   -7.0529423861e+00
1.6260000000e+01   -7.0616282757e+00
1.6280000000e+01   -7.0703141654e+00
1.6300000000e+01   -7.0790000550e+00
1.6320000000e+01   -7.0876859447e+00
1.6340000000e+01   -7.0963718343e+00
1.6360000000e+01   -7.1050577239e+00
1.6380000000e+01   -7.1137436136e+00
1.6400000000e+01   -7.1224295032e+00
1.6420000000e+01   -7.1311153929e+00
1.6440000000e+01   -7.1398012825e+00
1.6460000000e+01   -7.1484871721e+00
1.6480000000e+01   -7.1571730618e+00
1.6500000000e+01   -7.1658589514e+00
1.6520000000e+01   -7.1745448410e+00
1.6540000000e+01   -7.1832307307e+00
1.6560000000e+01   -7.1919166203e+00
1.6580000000e+01   -7.2006025100e+00
1.6600000000e+01   -7.2092883996e+00
1.6620000000e+01   -7.2179742892e+00
1.6640000000e+01   -7.2266601789e+00
1.6660000000e+01   -7.2353460685e+00
1.6680000000e+01   -7.2440319581e+00
1.6700000000e+01   -7.2527178478e+00
1.6720000000e+01   -7.2614037374e+00
1.6740000000e+01   -7.2700896271e+00
1.6760000000e+01   -7.2787755167e+00
1.6780000000e+01   -7.2874614063e+00
1.6800000000e+01   -7.2961472960e+00
1.6820000000e+01   -7.3048331856e+00
1.6840000000e+01   -7.3135190753e+00
1.6860000000e+01   -7.3222049649e+00
1.6880000000e+01   -7.3308908545e+00
1.6900000000e+01   -7.3395767442e+00
1.6920000000e+01   -7.3482626338e+00
1.6940000000e+01   -7.3569485234e+00
1.6960000000e+01   -7.3656344131e+00
1.6980000000e+01   -7.3743203027e+00
1.7000000000e+01   -7.3830061924e+00
1.7020000000e+01   -7.3916920820e+00
1.7040000000e+01   -7.4003779716e+00
1.7060000000e+01   -7.4090638613e+00
1.7080000000e+01   -7.4177497509e+00
1.7100000000e+01   -7.4264356405e+00
1.7120000000e+01   -7.4351215302e+00
1.7140000000e+01   -7.4438074198e+00
1.7160000000e+01   -7.4524933095e+00
1.7180000000e+01   -7.4611791991e+00
1.7200000000e+01   -7.4698650887e+00
1.7220000000e+01   -7.4785509784e+00
1.7240000000e+01   -7.4872368680e+00
1.7260000000e+01   -7.4959227577e+00
1.7280000000e+01   -7.5046086473e+00
1.7300000000e+01   -7.5132945369e+00
1.7320000000e+01   -7.5219804266e+00
1.7340000000e+01   -7.5306663162e+00
1.7360000000e+01   -7.5393522058e+00
1.7380000000e+01   -7.5480380955e+00
1.7400000000e+01   -7.5567239851e+00
1.7420000000e+01   -7.5654098748e+00
1.7440000000e+01   -7.5740957644e+00
1.7460000000e+01   -7.5827816540e+00
1.7480000000e+01   -7.5914675437e+00
1.7500000000e+01   -7.6001534333e+00
1.7520000000e+01   -7.6088393229e+00
1.7540000000e+01   -7.6175252126e+00
1.7560000000e+01   -7.6262111022e+00
1.7580000000e+01   -7.6348969919e+00
1.7600000000e+01   -7.6435828815e+00
1.7620000000e+01   -7.6522687711e+00
1.7640000000e+01   -7.6609546608e+00
1.7660000000e+01   -7.6696405504e+00
1.7680000000e+01   -7.6783264400e+00
1.7700000000e+01   -7.6870123297e+00
1.7720000000e+01   -7.6956982193e+00
1.7740000000e+01   -7.7043841090e+00
1.7760000000e+01   -7.7130699986e+00
1.7780000000e+01   -7.7217558882e+00
1.7800000000e+01   -7.7304417779e+00
1.7820000000e+01   -7.7391276675e+00
1.7840000000e+01   -7.7478135572e+00
1.7860000000e+01   -7.7564994468e+00
1.7880000000e+01   -7.7651853364e+00
1.7900000000e+01   -7.7738712261e+00
1.7920000000e+01   -7.7825571157e+00
1.7940000000e+01   -7.7912430053e+00
1.7960000000e+01   -7.7999288950e+00
1.7980000000e+01   -7.8086147846e+00
1.8000000000e+01   -7.8173006743e+00
1.8020000000e+01   -7.8259865639e+00
1.8040000000e+01   -7.8346724535e+00
1.8060000000e+01   -7.8433583432e+00
1.8080000000e+01   -7.8520442328e+00
1.8100000000e+01   -7.8607301224e+00
1.8120000000e+01   -7.8694160121e+00
1.8140000000e+01   -7.8781019017e+00
1.8160000000e+01   -7.8867877914e+00
1.8180000000e+01   -7.8954736810e+00
1.8200000000e+01   -7.9041595706e+00
1.8220000000e+01   -7.9128454603e+00
1.8240000000e+01   -7.9215313499e+00
1.8260000000e+01   -7.9302172396e+00
1.8280000000e+01   -7.9389031292e+00
1.8300000000e+01   -7.9475890188e+00
1.8320000000e+01   -7.9562749085e+00
1.8340000000e+01   -7.9649607981e+00
1.8360000000e+01   -7.9736466877e+00
1.8380000000e+01   -7.9823325774e+00
1.8400000000e+01   -7.9910184670e+00
1.8420000000e+01   -7.9997043567e+00
1.8440000000e+01   -8.0083902463e+00
1.8460000000e+01   -8.0170761359e+00
1.8480000000e+01   -8.0257620256e+00
1.8500000000e+01   -8.0344479152e+00
1.8520000000e+01   -8.0431338048e+00
1.8540000000e+01   -8.0518196945e+00
1.8560000000e+01   -8.0605055841e+00
1.8580000000e+01   -8.0691914738e+00
1.8600000000e+01   -8.0778773634e+00
1.8620000000e+01   -8.0865632530e+00
1.8640000000e+01   -8.0952491427e+00
1.8660000000e+01   -8.1039350323e+00
1.8680000000e+01   -8.1126209220e+00
1.8700000000e+01   -8.1213068116e+00
1.8720000000e+01   -8.1299927012e+00
1.8740000000e+01   -8.1386785909e+00
1.8760000000e+01   -8.1473644805e+00
1.8780000000e+01   -8.1560503701e+00
1.8800000000e+01   -8.1647362598e+00
1.8820000000e+01   -8.1734221494e+00
1.8840000000e+01   -8.1821080391e+00
1.8860000000e+01   -8.1907939287e+00
1.8880000000e+01   -8.1994798183e+00
1.8900000000e+01   -8.2081657080e+00
1.8920000000e+01   -8.2168515976e+00
1.8940000000e+01   -8.2255374872e+00
1.8960000000e+01   -8.2342233769e+00
1.8980000000e+01   -8.2429092665e+00
1.9000000000e+01   -8.2515951562e+00
1.9020000000e+01   -8.2602810458e+00
1.9040000000e+01   -8.2689669354e+00
1.9060000000e+01   -8.2776528251e+00
1.9080000000e+01   -8.2863387147e+00
1.9100000000e+01   -8.2950246044e+00
1.9120000000e+01   -8.3037104940e+00
1.9140000000e+01   -8.3123963836e+00
1.9160000000e+01   -8.3210822733e+00
1.9180000000e+01   -8.3297681629e+00
1.9200000000e+01   -8.3384540525e+00
1.9220000000e+01   -8.3471399422e+00
1.9240000000e+01   -8.3558258318e+00
1.9260000000e+01   -8.3645117215e+00
1.9280000000e+01   -8.3731976111e+00
1.9300000000e+01   -8.3818835007e+00
1.9320000000e+01   -8.3905693904e+00
1.9340000000e+01   -8.3992552800e+00
1.9360000000e+01   -8.4079411696e+00
1.9380000000e+01   -8.4166270593e+00
1.9400000000e+01   -8.4253129489e+00
1.9420000000e+01   -8.4339988386e+00
1.9440000000e+01   -8.4426847282e+00
1.9460000000e+01   -8.4513706178e+00
1.9480000000e+01   -8.4600565075e+00
1.9500000000e+01   -8.4687423971e+00
1.9520000000e+01   -8.4774282868e+00
1.9540000000e+01   -8.4861141764e+00
1.9560000000e+01   -8.4948000660e+00
1.9580000000e+01   -8.5034859557e+00
1.9600000000e+01   -8.5121718453e+00
1.9620000000e+01   -8.5208577349e+00
1.9640000000e+01   -8.5295436246e+00
1.9660000000e+01   -8.5382295142e+00
1.9680000000e+01   -8.5469154039e+00
1.9700000000e+01   -8.5556012935e+00
1.9720000000e+01   -8.5642871831e+00
1.9740000000e+01   -8.5729730728e+00
1.9760000000e+01   -8.5816589624e+00
1.9780000000e+01   -8.5903448520e+00
1.9800000000e+01   -8.5990307417e+00
1.9820000000e+01   -8.6077166313e+00
1.9840000000e+01   -8.6164025210e+00
1.9860000000e+01   -8.6250884106e+00
1.9880000000e+01   -8.6337743002e+00
1.9900000000e+01   -8.6424601899e+00
1.9920000000e+01   -8.6511460795e+00
1.9940000000e+01   -8.6598319692e+00
1.9960000000e+01   -8.6685178588e+00
1.9980000000e+01   -8.6772037484e+00
2.0000000000e+01   -8.6858896381e+00
2.0020000000e+01   -8.6945755277e+00
2.0040000000e+01   -8.7032614173e+00
2.0060000000e+01   -8.7119473070e+00
2.0080000000e+01   -8.7206331966e+00
2.0100000000e+01   -8.7293190863e+00
2.0120000000e+01   -8.7380049759e+00
2.0140000000e+01   -8.7466908655e+00
2.0160000000e+01   -8.7553767552e+00
2.0180000000e+01   -8.7640626448e+00
2.0200000000e+01   -8.7727485344e+00
2.0220000000e+01   -8.7814344241e+00
2.0240000000e+01   -8.7901203137e+00
2.0260000000e+01   -8.7988062034e+00
2.0280000000e+01   -8.8074920930e+00
2.0300000000e+01   -8.8161779826e+00
2.0320000000e+01   -8.8248638723e+00
2.0340000000e+01   -8.8335497619e+00
2.0360000000e+01   -8.8422356516e+00
2.0380000000e+01   -8.8509215412e+00
2.0400000000e+01   -8.8596074308e+00
2.0420000000e+01   -8.8682933205e+00
2.0440000000e+01   -8.8769792101e+00
2.0460000000e+01   -8.8856650997e+00
2.0480000000e+01   -8.8943509894e+00
2.0500000000e+01   -8.9030368790e+00
2.0520000000e+01   -8.9117227687e+00
2.0540000000e+01   -8.9204086583e+00
2.0560000000e+01   -8.9290945479e+00
2.0580000000e+01   -8.9377804376e+00
2.0600000000e+01   -8.9464663272e+00
2.0620000000e+01   -8.9551522168e+00
2.0640000000e+01   -8.9638381065e+00
2.0660000000e+01   -8.9725239961e+00
2.0680000000e+01   -8.9812098858e+00
2.0700000000e+01   -8.9898957754e+00
2.0720000000e+01   -8.9985816650e+00
2.0740000000e+01   -9.0072675547e+00
2.0760000000e+01   -9.0159534443e+00
2.0780000000e+01   -9.0246393339e+00
2.0800000000e+01   -9.0333252236e+00
2.0820000000e+01   -9.0420111132e+00
2.0840000000e+01   -9.0506970029e+00
2.0860000000e+01   -9.0593828925e+00
2.0880000000e+01   -9.0680687821e+00
2.0900000000e+01   -9.0767546718e+00
2.0920000000e+01   -9.0854405614e+00
2.0940000000e+01   -9.0941264511e+00
2.0960000000e+01   -9.1028123407e+00
2.0980000000e+01   -9.1114982303e+00
2.1000000000e+01   -9.1201841200e+00
2.1020000000e+01   -9.1288700096e+00
2.1040000000e+01   -9.1375558992e+00
2.1060000000e+01   -9.1462417889e+00
2.1080000000e+01   -9.1549276785e+00
2.1100000000e+01   -9.1636135682e+00
2.1120000000e+01   -9.1722994578e+00
2.1140000000e+01   -9.1809853474e+00
2.1160000000e+01   -9.1896712371e+00
2.1180000000e+01   -9.1983571267e+00
2.1200000000e+01   -9.2070430163e+00
2.1220000000e+01   -9.2157289060e+00
2.1240000000e+01   -9.2244147956e+00
2.1260000000e+01   -9.2331006853e+00
2.1280000000e+01   -9.2417865749e+00
2.1300000000e+01   -9.2504724645e+00
2.1320000000e+01   -9.2591583542e+00
2.1340000000e+01   -9.2678442438e+00
2.1360000000e+01   -9.2765301335e+00
2.1380000000e+01   -9.2852160231e+00
2.1400000000e+01   -9.2939019127e+00
2.1420000000e+01   -9.3025878024e+00
2.1440000000e+01   -9.3112736920e+00
2.1460000000e+01   -9.3199595816e+00
2.1480000000e+01   -9.3286454713e+00
2.1500000000e+01   -9.3373313609e+00
2.1520000000e+01   -9.3460172506e+00
2.1540000000e+01   -9.3547031402e+00
2.1560000000e+01   -9.3633890298e+00
2.1580000000e+01   -9.3720749195e+00
2.1600000000e+01   -9.3807608091e+00
2.1620000000e+01   -9.3894466987e+00
2.1640000000e+01   -9.3981325884e+00
2.1660000000e+01   -9.4068184780e+00
2.1680000000e+01   -9.4155043677e+00
2.1700000000e+01   -9.4241902573e+00
2.1720000000e+01   -9.4328761469e+00
2.1740000000e+01   -9.4415620366e+00
2.1760000000e+01   -9.4502479262e+00
2.1780000000e+01   -9.4589338159e+00
2.1800000000e+01   -9.4676197055e+00
2.1820000000e+01   -9.4763055951e+00
2.1840000000e+01   -9.4849914848e+00
2.1860000000e+01   -9.4936773744e+00
2.1880000000e+01   -9.5023632640e+00
2.1900000000e+01   -9.5110491537e+00
2.1920000000e+01   -9.5197350433e+00
2.1940000000e+01   -9.5284209330e+00
2.1960000000e+01   -9.5371068226e+00
2.1980000000e+01   -9.5457927122e+00
2.2000000000e+01   -9.5544786019e+00
2.2020000000e+01   -9.5631644915e+00
2.2040000000e+01   -9.5718503811e+00
2.2060000000e+01   -9.5805362708e+00
2.2080000000e+01   -9.5892221604e+00
2.2100000000e+01   -9.5979080501e+00
2.2120000000e+01   -9.6065939397e+00
2.2140000000e+01   -9.6152798293e+00
2.2160000000e+01   -9.6239657190e+00
2.2180000000e+01   -9.6326516086e+00
2.2200000000e+01   -9.6413374983e+00
2.2220000000e+01   -9.6500233879e+00
2.2240000000e+01   -9.6587092775e+00
2.2260000000e+01   -9.6673951672e+00
2.2280000000e+01   -9.6760810568e+00
2.2300000000e+01   -9.6847669464e+00
2.2320000000e+01   -9.6934528361e+00
2.2340000000e+01   -9.7021387257e+00
2.2360000000e+01   -9.7108246154e+00
2.2380000000e+01   -9.7195105050e+00
2.2400000000e+01   -9.7281963946e+00
2.2420000000e+01   -9.7368822843e+00
2.2440000000e+01   -9.7455681739e+00
2.2460000000e+01   -9.7542540635e+00
2.2480000000e+01   -9.7629399532e+00
2.2500000000e+01   -9.7716258428e+00
2.2520000000e+01   -9.7803117325e+00
2.2540000000e+01   -9.7889976221e+00
2.2560000000e+01   -9.7976835117e+00
2.2580000000e+01   -9.8063694014e+00
2.2600000000e+01   -9.8150552910e+00
2.2620000000e+01   -9.8237411807e+00
2.2640000000e+01   -9.8324270703e+00
2.2660000000e+01   -9.8411129599e+00
2.2680000000e+01   -9.8497988496e+00
2.2700000000e+01   -9.8584847392e+00
2.2720000000e+01   -9.8671706288e+00
2.2740000000e+01   -9.8758565185e+00
2.2760000000e+01   -9.8845424081e+00
2.2780000000e+01   -9.8932282978e+00
2.2800000000e+01   -9.9019141874e+00
2.2820000000e+01   -9.9106000770e+00
2.2840000000e+01   -9.9192859667e+00
2.2860000000e+01   -9.9279718563e+00
2.2880000000e+01   -9.9366577459e+00
2.2900000000e+01   -9.9453436356e+00
2.2920000000e+01   -9.9540295252e+00
2.2940000000e+01   -9.9627154149e+00
2.2960000000e+01   -9.9714013045e+00
2.2980000000e+01   -9.9800871941e+00
2.3000000000e+01   -9.9887730838e+00
2.3020000000e+01   -9.9974589734e+00
2.3040000000e+01   -1.0006144863e+01
2.3060000000e+01   -1.0014830753e+01
2.3080000000e+01   -1.0023516642e+01
2.3100000000e+01   -1.0032202532e+01
2.3120000000e+01   -1.0040888422e+01
2.3140000000e+01   -1.0049574311e+01
2.3160000000e+01   -1.0058260201e+01
2.3180000000e+01   -1.0066946091e+01
2.3200000000e+01   -1.0075631980e+01
2.3220000000e+01   -1.0084317870e+01
2.3240000000e+01   -1.0093003759e+01
2.3260000000e+01   -1.0101689649e+01
2.3280000000e+01   -1.0110375539e+01
2.3300000000e+01   -1.0119061428e+01
2.3320000000e+01   -1.0127747318e+01
2.3340000000e+01   -1.0136433208e+01
2.3360000000e+01   -1.0145119097e+01
2.3380000000e+01   -1.0153804987e+01
2.3400000000e+01   -1.0162490877e+01
2.3420000000e+01   -1.0171176766e+01
2.3440000000e+01   -1.0179862656e+01
2.3460000000e+01   -1.0188548545e+01
2.3480000000e+01   -1.0197234435e+01
2.3500000000e+01   -1.0205920325e+01
2.3520000000e+01   -1.0214606214e+01
2.3540000000e+01   -1.0223292104e+01
2.3560000000e+01   -1.0231977994e+01
2.3580000000e+01   -1.0240663883e+01
2.3600000000e+01   -1.0249349773e+01
2.3620000000e+01   -1.0258035663e+01
2.3640000000e+01   -1.0266721552e+01
2.3660000000e+01   -1.0275407442e+01
2.3680000000e+01   -1.0284093331e+01
2.3700000000e+01   -1.0292779221e+01
2.3720000000e+01   -1.0301465111e+01
2.3740000000e+01   -1.0310151000e+01
2.3760000000e+01   -1.0318836890e+01
2.3780000000e+01   -1.0327522780e+01
2.3800000000e+01   -1.0336208669e+01
2.3820000000e+01   -1.0344894559e+01
2.3840000000e+01   -1.0353580449e+01
2.3860000000e+01   -1.0362266338e+01
2.3880000000e+01   -1.0370952228e+01
2.3900000000e+01   -1.0379638117e+01
2.3920000000e+01   -1.0388324007e+01
2.3940000000e+01   -1.0397009897e+01
2.3960000000e+01   -1.0405695786e+01
2.3980000000e+01   -1.0414381676e+01
2.4000000000e+01   -1.0423067566e+01
2.4020000000e+01   -1.0431753455e+01
2.4040000000e+01   -1.0440439345e+01
2.4060000000e+01   -1.0449125235e+01
2.4080000000e+01   -1.0457811124e+01
2.4100000000e+01   -1.0466497014e+01
2.4120000000e+01   -1.0475182904e+01
2.4140000000e+01   -1.0483868793e+01
2.4160000000e+01   -1.0492554683e+01
2.4180000000e+01   -1.0501240572e+01
2.4200000000e+01   -1.0509926462e+01
2.4220000000e+01   -1.0518612352e+01
2.4240000000e+01   -1.0527298241e+01
2.4260000000e+01   -1.0535984131e+01
2.4280000000e+01   -1.0544670021e+01
2.4300000000e+01   -1.0553355910e+01
2.4320000000e+01   -1.0562041800e+01
2.4340000000e+01   -1.0570727690e+01
2.4360000000e+01   -1.0579413579e+01
2.4380000000e+01   -1.0588099469e+01
2.4400000000e+01   -1.0596785358e+01
2.4420000000e+01   -1.0605471248e+01
2.4440000000e+01   -1.0614157138e+01
2.4460000000e+01   -1.0622843027e+01
2.4480000000e+01   -1.0631528917e+01
2.4500000000e+01   -1.0640214807e+01
2.4520000000e+01   -1.0648900696e+01
2.4540000000e+01   -1.0657586586e+01
2.4560000000e+01   -1.0666272476e+01
2.4580000000e+01   -1.0674958365e+01
2.4600000000e+01   -1.0683644255e+01
2.4620000000e+01   -1.0692330144e+01
2.4640000000e+01   -1.0701016034e+01
2.4660000000e+01   -1.0709701924e+01
2.4680000000e+01   -1.0718387813e+01
2.4700000000e+01   -1.0727073703e+01
2.4720000000e+01   -1.0735759593e+01
2.4740000000e+01   -1.0744445482e+01
2.4760000000e+01   -1.0753131372e+01
2.4780000000e+01   -1.0761817262e+01
2.4800000000e+01   -1.0770503151e+01
2.4820000000e+01   -1.0779189041e+01
2.4840000000e+01   -1.0787874930e+01
2.4860000000e+01   -1.0796560820e+01
2.4880000000e+01   -1.0805246710e+01
2.4900000000e+01   -1.0813932599e+01
2.4920000000e+01   -1.0822618489e+01
2.4940000000e+01   -1.0831304379e+01
2.4960000000e+01   -1.0839990268e+01
2.4980000000e+01   -1.0848676158e+01
2.5000000000e+01   -1.0857362048e+01
2.5020000000e+01   -1.0866047937e+01
2.5040000000e+01   -1.0874733827e+01
2.5060000000e+01   -1.0883419716e+01
2.5080000000e+01   -1.0892105606e+01
2.5100000000e+01   -1.0900791496e+01
2.5120000000e+01   -1.0909477385e+01
2.5140000000e+01   -1.0918163275e+01
2.5160000000e+01   -1.0926849165e+01
2.5180000000e+01   -1.0935535054e+01
2.5200000000e+01   -1.0944220944e+01
2.5220000000e+01   -1.0952906834e+01
2.5240000000e+01   -1.0961592723e+01
2.5260000000e+01   -1.0970278613e+01
2.5280000000e+01   -1.0978964503e+01
2.5300000000e+01   -1.0987650392e+01
2.5320000000e+01   -1.0996336282e+01
2.5340000000e+01   -1.1005022171e+01
2.5360000000e+01   -1.1013708061e+01
2.5380000000e+01   -1.1022393951e+01
2.5400000000e+01   -1.1031079840e+01
2.5420000000e+01   -1.1039765730e+01
2.5440000000e+01   -1.1048451620e+01
2.5460000000e+01   -1.1057137509e+01
2.5480000000e+01   -1.1065823399e+01
2.5500000000e+01   -1.1074509289e+01
2.5520000000e+01   -1.1083195178e+01
2.5540000000e+01   -1.1091881068e+01
2.5560000000e+01   -1.1100566957e+01
2.5580000000e+01   -1.1109252847e+01
2.5600000000e+01   -1.1117938737e+01
2.5620000000e+01   -1.1126624626e+01
2.5640000000e+01   -1.1135310516e+01
2.5660000000e+01   -1.1143996406e+01
2.5680000000e+01   -1.1152682295e+01
2.5700000000e+01   -1.1161368185e+01
2.5720000000e+01   -1.1170054075e+01
2.5740000000e+01   -1.1178739964e+01
2.5760000000e+01   -1.1187425854e+01
2.5780000000e+01   -1.1196111743e+01
2.5800000000e+01   -1.1204797633e+01
2.5820000000e+01   -1.1213483523e+01
2.5840000000e+01   -1.1222169412e+01
2.5860000000e+01   -1.1230855302e+01
2.5880000000e+01   -1.1239541192e+01
2.5900000000e+01   -1.1248227081e+01
2.5920000000e+01   -1.1256912971e+01
2.5940000000e+01   -1.1265598861e+01
2.5960000000e+01   -1.1274284750e+01
2.5980000000e+01   -1.1282970640e+01
2.6000000000e+01   -1.1291656529e+01
2.6020000000e+01   -1.1300342419e+01
2.6040000000e+01   -1.1309028309e+01
2.6060000000e+01   -1.1317714198e+01
2.6080000000e+01   -1.1326400088e+01
2.6100000000e+01   -1.1335085978e+01
2.6120000000e+01   -1.1343771867e+01
2.6140000000e+01   -1.1352457757e+01
2.6160000000e+01   -1.1361143647e+01
2.6180000000e+01   -1.1369829536e+01
2.6200000000e+01   -1.1378515426e+01
2.6220000000e+01   -1.1387201316e+01
2.6240000000e+01   -1.1395887205e+01
2.6260000000e+01   -1.1404573095e+01
2.6280000000e+01   -1.1413258984e+01
2.6300000000e+01   -1.1421944874e+01
2.6320000000e+01   -1.1430630764e+01
2.6340000000e+01   -1.1439316653e+01
2.6360000000e+01   -1.1448002543e+01
2.6380000000e+01   -1.1456688433e+01
2.6400000000e+01   -1.1465374322e+01
2.6420000000e+01   -1.1474060212e+01
2.6440000000e+01   -1.1482746102e+01
2.6460000000e+01   -1.1491431991e+01
2.6480000000e+01   -1.1500117881e+01
2.6500000000e+01   -1.1508803770e+01
2.6520000000e+01   -1.1517489660e+01
2.6540000000e+01   -1.1526175550e+01
2.6560000000e+01   -1.1534861439e+01
2.6580000000e+01   -1.1543547329e+01
2.6600000000e+01   -1.1552233219e+01
2.6620000000e+01   -1.1560919108e+01
2.6640000000e+01   -1.1569604998e+01
2.6660000000e+01   -1.1578290888e+01
2.6680000000e+01   -1.1586976777e+01
2.6700000000e+01   -1.1595662667e+01
2.6720000000e+01   -1.1604348556e+01
2.6740000000e+01   -1.1613034446e+01
2.6760000000e+01   -1.1621720336e+01
2.6780000000e+01   -1.1630406225e+01
2.6800000000e+01   -1.1639092115e+01
2.6820000000e+01   -1.1647778005e+01
2.6840000000e+01   -1.1656463894e+01
2.6860000000e+01   -1.1665149784e+01
2.6880000000e+01   -1.1673835674e+01
2.6900000000e+01   -1.1682521563e+01
2.6920000000e+01   -1.1691207453e+01
2.6940000000e+01   -1.1699893342e+01
2.6960000000e+01   -1.1708579232e+01
2.6980000000e+01   -1.1717265122e+01
2.7000000000e+01   -1.1725951011e+01
2.7020000000e+01   -1.1734636901e+01
2.7040000000e+01   -1.1743322791e+01
2.7060000000e+01   -1.1752008680e+01
2.7080000000e+01   -1.1760694570e+01
2.7100000000e+01   -1.1769380460e+01
2.7120000000e+01   -1.1778066349e+01
2.7140000000e+01   -1.1786752239e+01
2.7160000000e+01   -1.1795438128e+01
2.7180000000e+01   -1.1804124018e+01
2.7200000000e+01   -1.1812809908e+01
2.7220000000e+01   -1.1821495797e+01
2.7240000000e+01   -1.1830181687e+01
2.7260000000e+01   -1.1838867577e+01
2.7280000000e+01   -1.1847553466e+01
2.7300000000e+01   -1.1856239356e+01
2.7320000000e+01   -1.1864925246e+01
2.7340000000e+01   -1.1873611135e+01
2.7360000000e+01   -1.1882297025e+01
2.7380000000e+01   -1.1890982915e+01
2.7400000000e+01   -1.1899668804e+01
2.7420000000e+01   -1.1908354694e+01
2.7440000000e+01   -1.1917040583e+01
2.7460000000e+01   -1.1925726473e+01
2.7480000000e+01   -1.1934412363e+01
2.7500000000e+01   -1.1943098252e+01
2.7520000000e+01   -1.1951784142e+01
2.7540000000e+01   -1.1960470032e+01
2.7560000000e+01   -1.1969155921e+01
2.7580000000e+01   -1.1977841811e+01
2.7600000000e+01   -1.1986527701e+01
2.7620000000e+01   -1.1995213590e+01
2.7640000000e+01   -1.2003899480e+01
2.7660000000e+01   -1.2012585369e+01
2.7680000000e+01   -1.2021271259e+01
2.7700000000e+01   -1.2029957149e+01
2.7720000000e+01   -1.2038643038e+01
2.7740000000e+01   -1.2047328928e+01
2.7760000000e+01   -1.2056014818e+01
2.7780000000e+01   -1.2064700707e+01
2.7800000000e+01   -1.2073386597e+01
2.7820000000e+01   -1.2082072487e+01
2.7840000000e+01   -1.2090758376e+01
2.7860000000e+01   -1.2099444266e+01
2.7880000000e+01   -1.2108130155e+01
2.7900000000e+01   -1.2116816045e+01
2.7920000000e+01   -1.2125501935e+01
2.7940000000e+01   -1.2134187824e+01
2.7960000000e+01   -1.2142873714e+01
2.7980000000e+01   -1.2151559604e+01
2.8000000000e+01   -1.2160245493e+01
2.8020000000e+01   -1.2168931383e+01
2.8040000000e+01   -1.2177617273e+01
2.8060000000e+01   -1.2186303162e+01
2.8080000000e+01   -1.2194989052e+01
2.8100000000e+01   -1.2203674941e+01
2.8120000000e+01   -1.2212360831e+01
2.8140000000e+01   -1.2221046721e+01
2.8160000000e+01   -1.2229732610e+01
2.8180000000e+01   -1.2238418500e+01
2.8200000000e+01   -1.2247104390e+01
2.8220000000e+01   -1.2255790279e+01
2.8240000000e+01   -1.2264476169e+01
2.8260000000e+01   -1.2273162059e+01
2.8280000000e+01   -1.2281847948e+01
2.8300000000e+01   -1.2290533838e+01
2.8320000000e+01   -1.2299219728e+01
2.8340000000e+01   -1.2307905617e+01
2.8360000000e+01   -1.2316591507e+01
2.8380000000e+01   -1.2325277396e+01
2.8400000000e+01   -1.2333963286e+01
2.8420000000e+01   -1.2342649176e+01
2.8440000000e+01   -1.2351335065e+01
2.8460000000e+01   -1.2360020955e+01
2.8480000000e+01   -1.2368706845e+01
2.8500000000e+01   -1.2377392734e+01
2.8520000000e+01   -1.2386078624e+01
2.8540000000e+01   -1.2394764514e+01
2.8560000000e+01   -1.2403450403e+01
2.8580000000e+01   -1.2412136293e+01
2.8600000000e+01   -1.2420822182e+01
2.8620000000e+01   -1.2429508072e+01
2.8640000000e+01   -1.2438193962e+01
2.8660000000e+01   -1.2446879851e+01
2.8680000000e+01   -1.2455565741e+01
2.8700000000e+01   -1.2464251631e+01
2.8720000000e+01   -1.2472937520e+01
2.8740000000e+01   -1.2481623410e+01
2.8760000000e+01   -1.2490309300e+01
2.8780000000e+01   -1.2498995189e+01
2.8800000000e+01   -1.2507681079e+01
2.8820000000e+01   -1.2516366968e+01
2.8840000000e+01   -1.2525052858e+01
2.8860000000e+01   -1.2533738748e+01
2.8880000000e+01   -1.2542424637e+01
2.8900000000e+01   -1.2551110527e+01
2.8920000000e+01   -1.2559796417e+01
2.8940000000e+01   -1.2568482306e+01
2.8960000000e+01   -1.2577168196e+01
2.8980000000e+01   -1.2585854086e+01
2.9000000000e+01   -1.2594539975e+01
2.9020000000e+01   -1.2603225865e+01
2.9040000000e+01   -1.2611911754e+01
2.9060000000e+01   -1.2620597644e+01
2.9080000000e+01   -1.2629283534e+01
2.9100000000e+01   -1.2637969423e+01
2.9120000000e+01   -1.2646655313e+01
2.9140000000e+01   -1.2655341203e+01
2.9160000000e+01   -1.2664027092e+01
2.9180000000e+01   -1.2672712982e+01
2.9200000000e+01   -1.2681398872e+01
2.9220000000e+01   -1.2690084761e+01
2.9240000000e+01   -1.2698770651e+01
2.9260000000e+01   -1.2707456540e+01
2.9280000000e+01   -1.2716142430e+01
2.9300000000e+01   -1.2724828320e+01
2.9320000000e+01   -1.2733514209e+01
2.9340000000e+01   -1.2742200099e+01
2.9360000000e+01   -1.2750885989e+01
2.9380000000e+01   -1.2759571878e+01
2.9400000000e+01   -1.2768257768e+01
2.9420000000e+01   -1.2776943658e+01
2.9440000000e+01   -1.2785629547e+01
2.9460000000e+01   -1.2794315437e+01
2.9480000000e+01   -1.2803001327e+01
2.9500000000e+01   -1.2811687216e+01
2.9520000000e+01   -1.2820373106e+01
2.9540000000e+01   -1.2829058995e+01
2.9560000000e+01   -1.2837744885e+01
2.9580000000e+01   -1.2846430775e+01
2.9600000000e+01   -1.2855116664e+01
2.9620000000e+01   -1.2863802554e+01
2.9640000000e+01   -1.2872488444e+01
2.9660000000e+01   -1.2881174333e+01
2.9680000000e+01   -1.2889860223e+01
2.9700000000e+01   -1.2898546113e+01
2.9720000000e+01   -1.2907232002e+01
2.9740000000e+01   -1.2915917892e+01
2.9760000000e+01   -1.2924603781e+01
2.9780000000e+01   -1.2933289671e+01
2.9800000000e+01   -1.2941975561e+01
2.9820000000e+01   -1.2950661450e+01
2.9840000000e+01   -1.2959347340e+01
2.9860000000e+01   -1.2968033230e+01
2.9880000000e+01   -1.2976719119e+01
2.9900000000e+01   -1.2985405009e+01
2.9920000000e+01   -1.2994090899e+01
2.9940000000e+01   -1.3002776788e+01
2.9960000000e+01   -1.3011462678e+01
2.9980000000e+01   -1.3020148567e+01
3.0000000000e+01   -1.3028834457e+01
3.0020000000e+01   -1.3037520347e+01
3.0040000000e+01   -1.3046206236e+01
3.0060000000e+01   -1.3054892126e+01
3.0080000000e+01   -1.3063578016e+01
3.0100000000e+01   -1.3072263905e+01
3.0120000000e+01   -1.3080949795e+01
3.0140000000e+01   -1.3089635685e+01
3.0160000000e+01   -1.3098321574e+01
3.0180000000e+01   -1.3107007464e+01
3.0200000000e+01   -1.3115693353e+01
3.0220000000e+01   -1.3124379243e+01
3.0240000000e+01   -1.3133065133e+01
3.0260000000e+01   -1.3141751022e+01
3.0280000000e+01   -1.3150436912e+01
3.0300000000e+01   -1.3159122802e+01
3.0320000000e+01   -1.3167808691e+01
3.0340000000e+01   -1.3176494581e+01
3.0360000000e+01   -1.3185180471e+01
3.0380000000e+01   -1.3193866360e+01
3.0400000000e+01   -1.3202552250e+01
3.0420000000e+01   -1.3211238139e+01
3.0440000000e+01   -1.3219924029e+01
3.0460000000e+01   -1.3228609919e+01
3.0480000000e+01   -1.3237295808e+01
3.0500000000e+01   -1.3245981698e+01
3.0520000000e+01   -1.3254667588e+01
3.0540000000e+01   -1.3263353477e+01
3.0560000000e+01   -1.3272039367e+01
3.0580000000e+01   -1.3280725257e+01
3.0600000000e+01   -1.3289411146e+01
3.0620000000e+01   -1.3298097036e+01
3.0640000000e+01   -1.3306782926e+01
3.0660000000e+01   -1.3315468815e+01
3.0680000000e+01   -1.3324154705e+01
3.0700000000e+01   -1.3332840594e+01
3.0720000000e+01   -1.3341526484e+01
3.0740000000e+01   -1.3350212374e+01
3.0760000000e+01   -1.3358898263e+01
3.0780000000e+01   -1.3367584153e+01
3.0800000000e+01   -1.3376270043e+01
3.0820000000e+01   -1.3384955932e+01
3.0840000000e+01   -1.3393641822e+01
3.0860000000e+01   -1.3402327712e+01
3.0880000000e+01   -1.3411013601e+01
3.0900000000e+01   -1.3419699491e+01
3.0920000000e+01   -1.3428385380e+01
3.0940000000e+01   -1.3437071270e+01
3.0960000000e+01   -1.3445757160e+01
3.0980000000e+01   -1.3454443049e+01
3.1000000000e+01   -1.3463128939e+01
3.1020000000e+01   -1.3471814829e+01
3.1040000000e+01   -1.3480500718e+01
3.1060000000e+01   -1.3489186608e+01
3.1080000000e+01   -1.3497872498e+01
3.1100000000e+01   -1.3506558387e+01
3.1120000000e+01   -1.3515244277e+01
3.1140000000e+01   -1.3523930166e+01
3.1160000000e+01   -1.3532616056e+01
3.1180000000e+01   -1.3541301946e+01
3.1200000000e+01   -1.3549987835e+01
3.1220000000e+01   -1.3558673725e+01
3.1240000000e+01   -1.3567359615e+01
3.1260000000e+01   -1.3576045504e+01
3.1280000000e+01   -1.3584731394e+01
3.1300000000e+01   -1.3593417284e+01
3.1320000000e+01   -1.3602103173e+01
3.1340000000e+01   -1.3610789063e+01
3.1360000000e+01   -1.3619474952e+01
3.1380000000e+01   -1.3628160842e+01
3.1400000000e+01   -1.3636846732e+01
3.1420000000e+01   -1.3645532621e+01
3.1440000000e+01   -1.3654218511e+01
3.1460000000e+01   -1.3662904401e+01
3.1480000000e+01   -1.3671590290e+01
3.1500000000e+01   -1.3680276180e+01
3.1520000000e+01   -1.3688962070e+01
3.1540000000e+01   -1.3697647959e+01
3.1560000000e+01   -1.3706333849e+01
3.1580000000e+01   -1.3715019739e+01
3.1600000000e+01   -1.3723705628e+01
3.1620000000e+01   -1.3732391518e+01
3.1640000000e+01   -1.3741077407e+01
3.1660000000e+01   -1.3749763297e+01
3.1680000000e+01   -1.3758449187e+01
3.1700000000e+01   -1.3767135076e+01
3.1720000000e+01   -1.3775820966e+01
3.1740000000e+01   -1.3784506856e+01
3.1760000000e+01   -1.3793192745e+01
3.1780000000e+01   -1.3801878635e+01
3.1800000000e+01   -1.3810564525e+01
3.1820000000e+01   -1.3819250414e+01
3.1840000000e+01   -1.3827936304e+01
3.1860000000e+01   -1.3836622193e+01
3.1880000000e+01   -1.3845308083e+01
3.1900000000e+01   -1.3853993973e+01
3.1920000000e+01   -1.3862679862e+01
3.1940000000e+01   -1.3871365752e+01
3.1960000000e+01   -1.3880051642e+01
3.1980000000e+01   -1.3888737531e+01
3.2000000000e+01   -1.3897423421e+01
3.2020000000e+01   -1.3906109311e+01
3.2040000000e+01   -1.3914795200e+01
3.2060000000e+01   -1.3923481090e+01
3.2080000000e+01   -1.3932166979e+01
3.2100000000e+01   -1.3940852869e+01
3.2120000000e+01   -1.3949538759e+01
3.2140000000e+01   -1.3958224648e+01
3.2160000000e+01   -1.3966910538e+01
3.2180000000e+01   -1.3975596428e+01
3.2200000000e+01   -1.3984282317e+01
3.2220000000e+01   -1.3992968207e+01
3.2240000000e+01   -1.4001654097e+01
3.2260000000e+01   -1.4010339986e+01
3.2280000000e+01   -1.4019025876e+01
3.2300000000e+01   -1.4027711765e+01
3.2320000000e+01   -1.4036397655e+01
3.2340000000e+01   -1.4045083545e+01
3.2360000000e+01   -1.4053769434e+01
3.2380000000e+01   -1.4062455324e+01
3.2400000000e+01   -1.4071141214e+01
3.2420000000e+01   -1.4079827103e+01
3.2440000000e+01   -1.4088512993e+01
3.2460000000e+01   -1.4097198883e+01
3.2480000000e+01   -1.4105884772e+01
3.2500000000e+01   -1.4114570662e+01
3.2520000000e+01   -1.4123256551e+01
3.2540000000e+01   -1.4131942441e+01
3.2560000000e+01   -1.4140628331e+01
3.2580000000e+01   -1.4149314220e+01
3.2600000000e+01   -1.4158000110e+01
3.2620000000e+01   -1.4166686000e+01
3.2640000000e+01   -1.4175371889e+01
3.2660000000e+01   -1.4184057779e+01
3.2680000000e+01   -1.4192743669e+01
3.2700000000e+01   -1.4201429558e+01
3.2720000000e+01   -1.4210115448e+01
3.2740000000e+01   -1.4218801338e+01
3.2760000000e+01   -1.4227487227e+01
3.2780000000e+01   -1.4236173117e+01
3.2800000000e+01   -1.4244859006e+01
3.2820000000e+01   -1.4253544896e+01
3.2840000000e+01   -1.4262230786e+01
3.2860000000e+01   -1.4270916675e+01
3.2880000000e+01   -1.4279602565e+01
3.2900000000e+01   -1.4288288455e+01
3.2920000000e+01   -1.4296974344e+01
3.2940000000e+01   -1.4305660234e+01
3.2960000000e+01   -1.4314346124e+01
3.2980000000e+01   -1.4323032013e+01
3.3000000000e+01   -1.4331717903e+01
3.3020000000e+01   -1.4340403792e+01
3.3040000000e+01   -1.4349089682e+01
3.3060000000e+01   -1.4357775572e+01
3.3080000000e+01   -1.4366461461e+01
3.3100000000e+01   -1.4375147351e+01
3.3120000000e+01   -1.4383833241e+01
3.3140000000e+01   -1.4392519130e+01
3.3160000000e+01   -1.4401205020e+01
3.3180000000e+01   -1.4409890910e+01
3.3200000000e+01   -1.4418576799e+01
3.3220000000e+01   -1.4427262689e+01
3.3240000000e+01   -1.4435948578e+01
3.3260000000e+01   -1.4444634468e+01
3.3280000000e+01   -1.4453320358e+01
3.3300000000e+01   -1.4462006247e+01
3.3320000000e+01   -1.4470692137e+01
3.3340000000e+01   -1.4479378027e+01
3.3360000000e+01   -1.4488063916e+01
3.3380000000e+01   -1.4496749806e+01
3.3400000000e+01   -1.4505435696e+01
3.3420000000e+01   -1.4514121585e+01
3.3440000000e+01   -1.4522807475e+01
3.3460000000e+01   -1.4531493364e+01
3.3480000000e+01   -1.4540179254e+01
3.3500000000e+01   -1.4548865144e+01
3.3520000000e+01   -1.4557551033e+01
3.3540000000e+01   -1.4566236923e+01
3.3560000000e+01   -1.4574922813e+01
3.3580000000e+01   -1.4583608702e+01
3.3600000000e+01   -1.4592294592e+01
3.3620000000e+01   -1.4600980482e+01
3.3640000000e+01   -1.4609666371e+01
3.3660000000e+01   -1.4618352261e+01
3.3680000000e+01   -1.4627038151e+01
3.3700000000e+01   -1.4635724040e+01
3.3720000000e+01   -1.4644409930e+01
3.3740000000e+01   -1.4653095819e+01
3.3760000000e+01   -1.4661781709e+01
3.3780000000e+01   -1.4670467599e+01
3.3800000000e+01   -1.4679153488e+01
3.3820000000e+01   -1.4687839378e+01
3.3840000000e+01   -1.4696525268e+01
3.3860000000e+01   -1.4705211157e+01
3.3880000000e+01   -1.4713897047e+01
3.3900000000e+01   -1.4722582937e+01
3.3920000000e+01   -1.4731268826e+01
3.3940000000e+01   -1.4739954716e+01
3.3960000000e+01   -1.4748640605e+01
3.3980000000e+01   -1.4757326495e+01
3.4000000000e+01   -1.4766012385e+01
3.4020000000e+01   -1.4774698274e+01
3.4040000000e+01   -1.4783384164e+01
3.4060000000e+01   -1.4792070054e+01
3.4080000000e+01   -1.4800755943e+01
3.4100000000e+01   -1.4809441833e+01
3.4120000000e+01   -1.4818127723e+01
3.4140000000e+01   -1.4826813612e+01
3.4160000000e+01   -1.4835499502e+01
3.4180000000e+01   -1.4844185391e+01
3.4200000000e+01   -1.4852871281e+01
3.4220000000e+01   -1.4861557171e+01
3.4240000000e+01   -1.4870243060e+01
3.4260000000e+01   -1.4878928950e+01
3.4280000000e+01   -1.4887614840e+01
3.4300000000e+01   -1.4896300729e+01
3.4320000000e+01   -1.4904986619e+01
3.4340000000e+01   -1.4913672509e+01
3.4360000000e+01   -1.4922358398e+01
3.4380000000e+01   -1.4931044288e+01
3.4400000000e+01   -1.4939730177e+01
3.4420000000e+01   -1.4948416067e+01
3.4440000000e+01   -1.4957101957e+01
3.4460000000e+01   -1.4965787846e+01
3.4480000000e+01   -1.4974473736e+01
3.4500000000e+01   -1.4983159626e+01
3.4520000000e+01   -1.4991845515e+01
3.4540000000e+01   -1.5000531405e+01
3.4560000000e+01   -1.5009217295e+01
3.4580000000e+01   -1.5017903184e+01
3.4600000000e+01   -1.5026589074e+01
3.4620000000e+01   -1.5035274963e+01
3.4640000000e+01   -1.5043960853e+01
3.4660000000e+01   -1.5052646743e+01
3.4680000000e+01   -1.5061332632e+01
3.4700000000e+01   -1.5070018522e+01
3.4720000000e+01   -1.5078704412e+01
3.4740000000e+01   -1.5087390301e+01
3.4760000000e+01   -1.5096076191e+01
3.4780000000e+01   -1.5104762081e+01
3.4800000000e+01   -1.5113447970e+01
3.4820000000e+01   -1.5122133860e+01
3.4840000000e+01   -1.5130819750e+01
3.4860000000e+01   -1.5139505639e+01
3.4880000000e+01   -1.5148191529e+01
3.4900000000e+01   -1.5156877418e+01
3.4920000000e+01   -1.5165563308e+01
3.4940000000e+01   -1.5174249198e+01
3.4960000000e+01   -1.5182935087e+01
3.4980000000e+01   -1.5191620977e+01
3.5000000000e+01   -1.5200306867e+01
3.5020000000e+01   -1.5208992756e+01
3.5040000000e+01   -1.5217678646e+01
3.5060000000e+01   -1.5226364536e+01
3.5080000000e+01   -1.5235050425e+01
3.5100000000e+01   -1.5243736315e+01
3.5120000000e+01   -1.5252422204e+01
3.5140000000e+01   -1.5261108094e+01
3.5160000000e+01   -1.5269793984e+01
3.5180000000e+01   -1.5278479873e+01
3.5200000000e+01   -1.5287165763e+01
3.5220000000e+01   -1.5295851653e+01
3.5240000000e+01   -1.5304537542e+01
3.5260000000e+01   -1.5313223432e+01
3.5280000000e+01   -1.5321909322e+01
3.5300000000e+01   -1.5330595211e+01
3.5320000000e+01   -1.5339281101e+01
3.5340000000e+01   -1.5347966990e+01
3.5360000000e+01   -1.5356652880e+01
3.5380000000e+01   -1.5365338770e+01
3.5400000000e+01   -1.5374024659e+01
3.5420000000e+01   -1.5382710549e+01
3.5440000000e+01   -1.5391396439e+01
3.5460000000e+01   -1.5400082328e+01
3.5480000000e+01   -1.5408768218e+01
3.5500000000e+01   -1.5417454108e+01
3.5520000000e+01   -1.5426139997e+01
3.5540000000e+01   -1.5434825887e+01
3.5560000000e+01   -1.5443511776e+01
3.5580000000e+01   -1.5452197666e+01
3.5600000000e+01   -1.5460883556e+01
3.5620000000e+01   -1.5469569445e+01
3.5640000000e+01   -1.5478255335e+01
3.5660000000e+01   -1.5486941225e+01
3.5680000000e+01   -1.5495627114e+01
3.5700000000e+01   -1.5504313004e+01
3.5720000000e+01   -1.5512998894e+01
3.5740000000e+01   -1.5521684783e+01
3.5760000000e+01   -1.5530370673e+01
3.5780000000e+01   -1.5539056562e+01
3.5800000000e+01   -1.5547742452e+01
3.5820000000e+01   -1.5556428342e+01
3.5840000000e+01   -1.5565114231e+01
3.5860000000e+01   -1.5573800121e+01
3.5880000000e+01   -1.5582486011e+01
3.5900000000e+01   -1.5591171900e+01
3.5920000000e+01   -1.5599857790e+01
3.5940000000e+01   -1.5608543680e+01
3.5960000000e+01   -1.5617229569e+01
3.5980000000e+01   -1.5625915459e+01
3.6000000000e+01   -1.5634601349e+01
3.6020000000e+01   -1.5643287238e+01
3.6040000000e+01   -1.5651973128e+01
3.6060000000e+01   -1.5660659017e+01
3.6080000000e+01   -1.5669344907e+01
3.6100000000e+01   -1.5678030797e+01
3.6120000000e+01   -1.5686716686e+01
3.6140000000e+01   -1.5695402576e+01
3.6160000000e+01   -1.5704088466e+01
3.6180000000e+01   -1.5712774355e+01
3.6200000000e+01   -1.5721460245e+01
3.6220000000e+01   -1.5730146135e+01
3.6240000000e+01   -1.5738832024e+01
3.6260000000e+01   -1.5747517914e+01
3.6280000000e+01   -1.5756203803e+01
3.6300000000e+01   -1.5764889693e+01
3.6320000000e+01   -1.5773575583e+01
3.6340000000e+01   -1.5782261472e+01
3.6360000000e+01   -1.5790947362e+01
3.6380000000e+01   -1.5799633252e+01
3.6400000000e+01   -1.5808319141e+01
3.6420000000e+01   -1.5817005031e+01
3.6440000000e+01   -1.5825690921e+01
3.6460000000e+01   -1.5834376810e+01
3.6480000000e+01   -1.5843062700e+01
3.6500000000e+01   -1.5851748589e+01
3.6520000000e+01   -1.5860434479e+01
3.6540000000e+01   -1.5869120369e+01
3.6560000000e+01   -1.5877806258e+01
3.6580000000e+01   -1.5886492148e+01
3.6600000000e+01   -1.5895178038e+01
3.6620000000e+01   -1.5903863927e+01
3.6640000000e+01   -1.5912549817e+01
3.6660000000e+01   -1.5921235707e+01
3.6680000000e+01   -1.5929921596e+01
3.6700000000e+01   -1.5938607486e+01
3.6720000000e+01   -1.5947293375e+01
3.6740000000e+01   -1.5955979265e+01
3.6760000000e+01   -1.5964665155e+01
3.6780000000e+01   -1.5973351044e+01
3.6800000000e+01   -1.5982036934e+01
3.6820000000e+01   -1.5990722824e+01
3.6840000000e+01   -1.5999408713e+01
3.6860000000e+01   -1.6008094603e+01
3.6880000000e+01   -1.6016780493e+01
3.6900000000e+01   -1.6025466382e+01
3.6920000000e+01   -1.6034152272e+01
3.6940000000e+01   -1.6042838162e+01
3.6960000000e+01   -1.6051524051e+01
3.6980000000e+01   -1.6060209941e+01
3.7000000000e+01   -1.6068895830e+01
3.7020000000e+01   -1.6077581720e+01
3.7040000000e+01   -1.6086267610e+01
3.7060000000e+01   -1.6094953499e+01
3.7080000000e+01   -1.6103639389e+01
3.7100000000e+01   -1.6112325279e+01
3.7120000000e+01   -1.6121011168e+01
3.7140000000e+01   -1.6129697058e+01
3.7160000000e+01   -1.6138382948e+01
3.7180000000e+01   -1.6147068837e+01
3.7200000000e+01   -1.6155754727e+01
3.7220000000e+01   -1.6164440616e+01
3.7240000000e+01   -1.6173126506e+01
3.7260000000e+01   -1.6181812396e+01
3.7280000000e+01   -1.6190498285e+01
3.7300000000e+01   -1.6199184175e+01
3.7320000000e+01   -1.6207870065e+01
3.7340000000e+01   -1.6216555954e+01
3.7360000000e+01   -1.6225241844e+01
3.7380000000e+01   -1.6233927734e+01
3.7400000000e+01   -1.6242613623e+01
3.7420000000e+01   -1.6251299513e+01
3.7440000000e+01   -1.6259985402e+01
3.7460000000e+01   -1.6268671292e+01
3.7480000000e+01   -1.6277357182e+01
3.7500000000e+01   -1.6286043071e+01
3.7520000000e+01   -1.6294728961e+01
3.7540000000e+01   -1.6303414851e+01
3.7560000000e+01   -1.6312100740e+01
3.7580000000e+01   -1.6320786630e+01
3.7600000000e+01   -1.6329472520e+01
3.7620000000e+01   -1.6338158409e+01
3.7640000000e+01   -1.6346844299e+01
3.7660000000e+01   -1.6355530188e+01
3.7680000000e+01   -1.6364216078e+01
3.7700000000e+01   -1.6372901968e+01
3.7720000000e+01   -1.6381587857e+01
3.7740000000e+01   -1.6390273747e+01
3.7760000000e+01   -1.6398959637e+01
3.7780000000e+01   -1.6407645526e+01
3.7800000000e+01   -1.6416331416e+01
3.7820000000e+01   -1.6425017306e+01
3.7840000000e+01   -1.6433703195e+01
3.7860000000e+01   -1.6442389085e+01
3.7880000000e+01   -1.6451074974e+01
3.7900000000e+01   -1.6459760864e+01
3.7920000000e+01   -1.6468446754e+01
3.7940000000e+01   -1.6477132643e+01
3.7960000000e+01   -1.6485818533e+01
3.7980000000e+01   -1.6494504423e+01
3.8000000000e+01   -1.6503190312e+01
3.8020000000e+01   -1.6511876202e+01
3.8040000000e+01   -1.6520562092e+01
3.8060000000e+01   -1.6529247981e+01
3.8080000000e+01   -1.6537933871e+01
3.8100000000e+01   -1.6546619761e+01
3.8120000000e+01   -1.6555305650e+01
3.8140000000e+01   -1.6563991540e+01
3.8160000000e+01   -1.6572677429e+01
3.8180000000e+01   -1.6581363319e+01
3.8200000000e+01   -1.6590049209e+01
3.8220000000e+01   -1.6598735098e+01
3.8240000000e+01   -1.6607420988e+01
3.8260000000e+01   -1.6616106878e+01
3.8280000000e+01   -1.6624792767e+01
3.8300000000e+01   -1.6633478657e+01
3.8320000000e+01   -1.6642164547e+01
3.8340000000e+01   -1.6650850436e+01
3.8360000000e+01   -1.6659536326e+01
3.8380000000e+01   -1.6668222215e+01
3.8400000000e+01   -1.6676908105e+01
3.8420000000e+01   -1.6685593995e+01
3.8440000000e+01   -1.6694279884e+01
3.8460000000e+01   -1.6702965774e+01
3.8480000000e+01   -1.6711651664e+01
3.8500000000e+01   -1.6720337553e+01
3.8520000000e+01   -1.6729023443e+01
3.8540000000e+01   -1.6737709333e+01
3.8560000000e+01   -1.6746395222e+01
3.8580000000e+01   -1.6755081112e+01
3.8600000000e+01   -1.6763767001e+01
3.8620000000e+01   -1.6772452891e+01
3.8640000000e+01   -1.6781138781e+01
3.8660000000e+01   -1.6789824670e+01
3.8680000000e+01   -1.6798510560e+01
3.8700000000e+01   -1.6807196450e+01
3.8720000000e+01   -1.6815882339e+01
3.8740000000e+01   -1.6824568229e+01
3.8760000000e+01   -1.6833254119e+01
3.8780000000e+01   -1.6841940008e+01
3.8800000000e+01   -1.6850625898e+01
3.8820000000e+01   -1.6859311787e+01
3.8840000000e+01   -1.6867997677e+01
3.8860000000e+01   -1.6876683567e+01
3.8880000000e+01   -1.6885369456e+01
3.8900000000e+01   -1.6894055346e+01
3.8920000000e+01   -1.6902741236e+01
3.8940000000e+01   -1.6911427125e+01
3.8960000000e+01   -1.6920113015e+01
3.8980000000e+01   -1.6928798905e+01
3.9000000000e+01   -1.6937484794e+01
3.9020000000e+01   -1.6946170684e+01
3.9040000000e+01   -1.6954856574e+01
3.9060000000e+01   -1.6963542463e+01
3.9080000000e+01   -1.6972228353e+01
3.9100000000e+01   -1.6980914242e+01
3.9120000000e+01   -1.6989600132e+01
3.9140000000e+01   -1.6998286022e+01
3.9160000000e+01   -1.7006971911e+01
3.9180000000e+01   -1.7015657801e+01
3.9200000000e+01   -1.7024343691e+01
3.9220000000e+01   -1.7033029580e+01
3.9240000000e+01   -1.7041715470e+01
3.9260000000e+01   -1.7050401360e+01
3.9280000000e+01   -1.7059087249e+01
3.9300000000e+01   -1.7067773139e+01
3.9320000000e+01   -1.7076459028e+01
3.9340000000e+01   -1.7085144918e+01
3.9360000000e+01   -1.7093830808e+01
3.9380000000e+01   -1.7102516697e+01
3.9400000000e+01   -1.7111202587e+01
3.9420000000e+01   -1.7119888477e+01
3.9440000000e+01   -1.7128574366e+01
3.9460000000e+01   -1.7137260256e+01
3.9480000000e+01   -1.7145946146e+01
3.9500000000e+01   -1.7154632035e+01
3.9520000000e+01   -1.7163317925e+01
3.9540000000e+01   -1.7172003814e+01
3.9560000000e+01   -1.7180689704e+01
3.9580000000e+01   -1.7189375594e+01
3.9600000000e+01   -1.7198061483e+01
3.9620000000e+01   -1.7206747373e+01
3.9640000000e+01   -1.7215433263e+01
3.9660000000e+01   -1.7224119152e+01
3.9680000000e+01   -1.7232805042e+01
3.9700000000e+01   -1.7241490932e+01
3.9720000000e+01   -1.7250176821e+01
3.9740000000e+01   -1.7258862711e+01
3.9760000000e+01   -1.7267548600e+01
3.9780000000e+01   -1.7276234490e+01
3.9800000000e+01   -1.7284920380e+01
3.9820000000e+01   -1.7293606269e+01
3.9840000000e+01   -1.7302292159e+01
3.9860000000e+01   -1.7310978049e+01
3.9880000000e+01   -1.7319663938e+01
3.9900000000e+01   -1.7328349828e+01
3.9920000000e+01   -1.7337035718e+01
3.9940000000e+01   -1.7345721607e+01
3.9960000000e+01   -1.7354407497e+01
3.9980000000e+01   -1.7363093386e+01
4.0000000000e+01   -1.7371779276e+01
