X    Y
0.0000000000e+00   -1.2000000000e+01
2.0000000000e-02   -2.0706862647e+00
4.0000000000e-02   -2.2568491368e+00
6.0000000000e-02   -2.2597416542e+00
8.0000000000e-02   -2.1759319706e+00
1.0000000000e-01   -2.2550799769e+00
1.2000000000e-01   -2.2727429176e+00
1.4000000000e-01   -2.2218806562e+00
1.6000000000e-01   -2.2686676436e+00
1.8000000000e-01   -2.2955930302e+00
2.0000000000e-01   -2.2580908838e+00
2.2000000000e-01   -2.2874289395e+00
2.4000000000e-01   -2.3196607758e+00
2.6000000000e-01   -2.2912607983e+00
2.8000000000e-01   -2.3085978856e+00
3.0000000000e-01   -2.3436531092e+00
3.2000000000e-01   -2.3231204585e+00
3.4000000000e-01   -2.3312771033e+00
3.6000000000e-01   -2.3672613862e+00
3.8000000000e-01   -2.3542293604e+00
4.0000000000e-01   -2.3551216264e+00
4.2000000000e-01   -2.3904347867e+00
4.4000000000e-01   -2.3847536409e+00
4.6000000000e-01   -2.3799798746e+00
4.8000000000e-01   -2.4132273187e+00
5.0000000000e-01   -2.4146986704e+00
5.2000000000e-01   -2.4057685175e+00
5.4000000000e-01   -2.4357498732e+00
5.6000000000e-01   -2.4440004930e+00
5.8000000000e-01   -2.4324200774e+00
6.0000000000e-01   -2.4581479946e+00
6.2000000000e-01   -2.4725715092e+00
6.4000000000e-01   -2.4598579502e+00
6.6000000000e-01   -2.4805870309e+00
6.8000000000e-01   -2.5003284613e+00
7.0000000000e-01   -2.4879837449e+00
7.2000000000e-01   -2.5032397462e+00
7.4000000000e-01   -2.5272118876e+00
7.6000000000e-01   -2.5166713536e+00
7.8000000000e-01   -2.5262751033e+00
8.0000000000e-01   -2.5531999227e+00
8.2000000000e-01   -2.5457656057e+00
8.4000000000e-01   -2.5498479999e+00
8.6000000000e-01   -2.5783170879e+00
8.8000000000e-01   -2.5750847349e+00
9.0000000000e-01   -2.5740900323e+00
9.2000000000e-01   -2.6026380516e+00
9.4000000000e-01   -2.6044264071e+00
9.6000000000e-01   -2.5991014040e+00
9.8000000000e-01   -2.6262863972e+00
1.0000000000e+00   -2.6335771487e+00
1.0200000000e+00   -2.6249440856e+00
1.0400000000e+00   -2.6494287960e+00
1.0600000000e+00   -2.6623248122e+00
1.0800000000e+00   -2.6516363410e+00
1.1000000000e+00   -2.6722654050e+00
1.1200000000e+00   -2.6904733312e+00
1.1400000000e+00   -2.6791487967e+00
1.1600000000e+00   -2.6950176079e+00
1.1800000000e+00   -2.7178585206e+00
1.2000000000e+00   -2.7074023383e+00
1.2200000000e+00   -2.7179143318e+00
1.2400000000e+00   -2.7443632403e+00
1.2600000000e+00   -2.7362682543e+00
1.2800000000e+00   -2.7411780733e+00
1.3000000000e+00   -2.7699299931e+00
1.3200000000e+00   -2.7655711800e+00
1.3400000000e+00   -2.7650115345e+00
1.3600000000e+00   -2.7945691286e+00
1.3800000000e+00   -2.7950954475e+00
1.4000000000e+00   -2.7895854749e+00
1.4200000000e+00   -2.8183613097e+00
1.4400000000e+00   -2.8245953766e+00
1.4600000000e+00   -2.8150281242e+00
1.4800000000e+00   -2.8414536978e+00
1.5000000000e+00   -2.8538097464e+00
1.5200000000e+00   -2.8414163296e+00
1.5400000000e+00   -2.8640502327e+00
1.5600000000e+00   -2.8824801524e+00
1.5800000000e+00   -2.8687685631e+00
1.6000000000e+00   -2.8863971870e+00
1.6200000000e+00   -2.9103721909e+00
1.6400000000e+00   -2.8970400031e+00
1.6600000000e+00   -2.9087656643e+00
1.6800000000e+00   -2.9372975591e+00
1.7000000000e+00   -2.9261200934e+00
1.7200000000e+00   -2.9314328178e+00
1.7400000000e+00   -2.9631344483e+00
1.7600000000e+00   -2.9558332389e+00
1.7800000000e+00   -2.9546633214e+00
1.8000000000e+00   -2.9878433241e+00
1.8200000000e+00   -2.9859435350e+00
1.8400000000e+00   -2.9786921859e+00
1.8600000000e+00   -3.0114755268e+00
1.8800000000e+00   -3.0161645428e+00
1.9000000000e+00   -3.0037095272e+00
1.9200000000e+00   -3.0341731266e+00
1.9400000000e+00   -3.0461749662e+00
1.9600000000e+00   -3.0298475102e+00
1.9800000000e+00   -3.0561598823e+00
2.0000000000e+00   -3.0756405396e+00
2.0200000000e+00   -3.0571694969e+00
2.0400000000e+00   -3.0777245879e+00
2.0600000000e+00   -3.1042414182e+00
2.0800000000e+00   -3.0856614543e+00
2.1000000000e+00   -3.0991991294e+00
2.1200000000e+00   -3.1317029884e+00
2.1400000000e+00   -3.1152259236e+00
2.1600000000e+00   -3.1209339713e+00
2.1800000000e+00   -3.1578265816e+00
2.2000000000e+00   -3.1456792740e+00
2.2200000000e+00   -3.1432735383e+00
2.2400000000e+00   -3.1825156072e+00
2.2600000000e+00   -3.1767534707e+00
2.2800000000e+00   -3.1665332687e+00
2.3000000000e+00   -3.2057926168e+00
2.3200000000e+00   -3.2081040396e+00
2.3400000000e+00   -3.1909792746e+00
2.3600000000e+00   -3.2278040386e+00
2.3800000000e+00   -3.2393260710e+00
2.4000000000e+00   -3.2168108158e+00
2.4200000000e+00   -3.2488115336e+00
2.4400000000e+00   -3.2699796984e+00
2.4600000000e+00   -3.2441453493e+00
2.4800000000e+00   -3.2691714528e+00
2.5000000000e+00   -3.2996252385e+00
2.5200000000e+00   -3.2730058395e+00
2.5400000000e+00   -3.2893058660e+00
2.5600000000e+00   -3.3278660422e+00
2.5800000000e+00   -3.3033103085e+00
2.6000000000e+00   -3.3096695185e+00
2.6200000000e+00   -3.3543944283e+00
2.6400000000e+00   -3.3348642491e+00
2.6600000000e+00   -3.3307167342e+00
2.6800000000e+00   -3.3790337231e+00
2.7000000000e+00   -3.3673574456e+00
2.7200000000e+00   -3.3528710916e+00
2.7400000000e+00   -3.4017685554e+00
2.7600000000e+00   -3.4003677885e+00
2.7800000000e+00   -3.3764991892e+00
2.8000000000e+00   -3.4227569954e+00
2.8200000000e+00   -3.4333755154e+00
2.8400000000e+00   -3.4018884833e+00
2.8600000000e+00   -3.4423217785e+00
2.8800000000e+00   -3.4657914511e+00
2.9000000000e+00   -3.4292283246e+00
2.9200000000e+00   -3.4609225013e+00
2.9400000000e+00   -3.4970015670e+00
2.9600000000e+00   -3.4585930514e+00
2.9800000000e+00   -3.4791145482e+00
3.0000000000e+00   -3.5264270286e+00
3.0200000000e+00   -3.4899263238e+00
3.0400000000e+00   -3.4975022534e+00
3.0600000000e+00   -3.5535939922e+00
3.0800000000e+00   -3.5230267972e+00
3.1000000000e+00   -3.5166931467e+00
3.1200000000e+00   -3.5782021279e+00
3.1400000000e+00   -3.5575367298e+00
3.1600000000e+00   -3.5372578161e+00
3.1800000000e+00   -3.6001776729e+00
3.2000000000e+00   -3.5929371179e+00
3.2200000000e+00   -3.5596970821e+00
3.2400000000e+00   -3.6196981782e+00
3.2600000000e+00   -3.6285551753e+00
3.2800000000e+00   -3.5844157745e+00
3.3000000000e+00   -3.6371825481e+00
3.3200000000e+00   -3.6635916220e+00
3.3400000000e+00   -3.6117008893e+00
3.3600000000e+00   -3.6532491624e+00
3.3800000000e+00   -3.6971749244e+00
3.4000000000e+00   -3.6417013570e+00
3.4200000000e+00   -3.6686527565e+00
3.4400000000e+00   -3.7284455662e+00
3.4600000000e+00   -3.6744069779e+00
3.4800000000e+00   -3.6842140648e+00
3.5000000000e+00   -3.7566646717e+00
3.5200000000e+00   -3.7096252274e+00
3.5400000000e+00   -3.7007544614e+00
3.5600000000e+00   -3.7813295269e+00
3.5800000000e+00   -3.7469567463e+00
3.6000000000e+00   -3.7190428514e+00
3.6200000000e+00   -3.8022690834e+00
3.6400000000e+00   -3.7857736432e+00
3.6600000000e+00   -3.7397565229e+00
3.6800000000e+00   -3.8196923098e+00
3.7000000000e+00   -3.8252093513e+00
3.7200000000e+00   -3.7634534311e+00
3.7400000000e+00   -3.8341744592e+00
3.7600000000e+00   -3.8641740011e+00
3.7800000000e+00   -3.7905510233e+00
3.8000000000e+00   -3.8465862362e+00
3.8200000000e+00   -3.9014127026e+00
3.8400000000e+00   -3.8213059601e+00
3.8600000000e+00   -3.8579880596e+00
3.8800000000e+00   -3.9356212058e+00
3.9000000000e+00   -3.8557894182e+00
3.9200000000e+00   -3.8695177430e+00
3.9400000000e+00   -3.9656189946e+00
3.9600000000e+00   -3.8938538255e+00
3.9800000000e+00   -3.8822942760e+00
4.0000000000e+00   -3.9905535671e+00
4.0200000000e+00   -3.9350891753e+00
4.0400000000e+00   -3.8973487036e+00
4.0600000000e+00   -4.0100821564e+00
4.0800000000e+00   -3.9787714208e+00
4.1000000000e+00   -3.9155820024e+00
4.1200000000e+00   -4.0244688062e+00
4.1400000000e+00   -4.0238132787e+00
4.1600000000e+00   -3.9377428413e+00
4.1800000000e+00   -4.0345597071e+00
4.2000000000e+00   -4.0687399897e+00
4.2200000000e+00   -3.9644153043e+00
4.2400000000e+00   -4.0416479360e+00
4.2600000000e+00   -4.1117270999e+00
4.2800000000e+00   -3.9960064177e+00
4.3000000000e+00   -4.0472797857e+00
4.3200000000e+00   -4.1507449305e+00
4.3400000000e+00   -4.0327240042e+00
4.3600000000e+00   -4.0530647557e+00
4.3800000000e+00   -4.1838372677e+00
4.4000000000e+00   -4.0745360895e+00
4.4200000000e+00   -4.0605318125e+00
4.4400000000e+00   -4.2095045037e+00
4.4600000000e+00   -4.1211040517e+00
4.4800000000e+00   -4.0710451888e+00
4.5000000000e+00   -4.2270790894e+00
4.5200000000e+00   -4.1716846847e+00
4.5400000000e+00   -4.0857709638e+00
4.5600000000e+00   -4.2369357913e+00
4.5800000000e+00   -4.2250053292e+00
4.6000000000e+00   -4.1056761338e+00
4.6200000000e+00   -4.2404341018e+00
4.6400000000e+00   -4.2791377179e+00
4.6600000000e+00   -4.1315413490e+00
4.6800000000e+00   -4.2396246734e+00
4.7000000000e+00   -4.3314360489e+00
4.7200000000e+00   -4.1639713992e+00
4.7400000000e+00   -4.2368606682e+00
4.7600000000e+00   -4.3786552252e+00
4.7800000000e+00   -4.2033898599e+00
4.8000000000e+00   -4.2344614194e+00
4.8200000000e+00   -4.4173805331e+00
4.8400000000e+00   -4.2500040915e+00
4.8600000000e+00   -4.2345043373e+00
4.8800000000e+00   -4.4447941960e+00
4.9000000000e+00   -4.3037235239e+00
4.9200000000e+00   -4.2387445738e+00
4.9400000000e+00   -4.4595461618e+00
4.9600000000e+00   -4.3640089938e+00
4.9800000000e+00   -4.2486229005e+00
5.0000000000e+00   -4.4622723268e+00
5.0200000000e+00   -4.4296290074e+00
5.0400000000e+00   -4.2653181385e+00
5.0600000000e+00   -4.4554260325e+00
5.0800000000e+00   -4.4983155972e+00
5.1000000000e+00   -4.2898119874e+00
5.1200000000e+00   -4.4425408306e+00
5.1400000000e+00   -4.5663827991e+00
5.1600000000e+00   -4.3229464770e+00
5.1800000000e+00   -4.4273737383e+00
5.2000000000e+00   -4.6285411576e+00
5.2200000000e+00   -4.3654611741e+00
5.2400000000e+00   -4.4133041459e+00
5.2600000000e+00   -4.6783797447e+00
5.2800000000e+00   -4.4179969015e+00
5.3000000000e+00   -4.4030840328e+00
5.3200000000e+00   -4.7099718030e+00
5.3400000000e+00   -4.4810435920e+00
5.3600000000e+00   -4.3988436811e+00
5.3800000000e+00   -4.7202567623e+00
5.4000000000e+00   -4.5547883258e+00
5.4200000000e+00   -4.4022209538e+00
5.4400000000e+00   -4.7106187122e+00
5.4600000000e+00   -4.6387795080e+00
5.4800000000e+00   -4.4145236682e+00
5.5000000000e+00   -4.6862601953e+00
5.5200000000e+00   -4.7312644502e+00
5.5400000000e+00   -4.4368829999e+00
5.5600000000e+00   -4.6539618756e+00
5.5800000000e+00   -4.8280293272e+00
5.6000000000e+00   -4.4703867294e+00
5.6200000000e+00   -4.6200099920e+00
5.6400000000e+00   -4.9208067168e+00
5.6600000000e+00   -4.5161954688e+00
5.6800000000e+00   -4.5892458893e+00
5.7000000000e+00   -4.9963879304e+00
5.7200000000e+00   -4.5756488749e+00
5.7400000000e+00   -4.5650366636e+00
5.7600000000e+00   -5.0394735123e+00
5.7800000000e+00   -4.6503650450e+00
5.8000000000e+00   -4.5496391515e+00
5.8200000000e+00   -5.0410453187e+00
5.8400000000e+00   -4.7423197438e+00
5.8600000000e+00   -4.5446159677e+00
5.8800000000e+00   -5.0054393552e+00
5.9000000000e+00   -4.8538389300e+00
5.9200000000e+00   -4.5511815614e+00
5.9400000000e+00   -4.9469379426e+00
5.9600000000e+00   -4.9872668987e+00
5.9800000000e+00   -4.5704709365e+00
6.0000000000e+00   -4.8805694355e+00
6.0200000000e+00   -5.1435225061e+00
6.0400000000e+00   -4.6037649544e+00
6.0600000000e+00   -4.8169424828e+00
6.0800000000e+00   -5.3171484722e+00
6.1000000000e+00   -4.6527208512e+00
6.1200000000e+00   -4.7621078887e+00
6.1400000000e+00   -5.4828361107e+00
6.1600000000e+00   -4.7196753468e+00
6.1800000000e+00   -4.7191359956e+00
6.2000000000e+00   -5.5791041020e+00
6.2200000000e+00   -4.8081392642e+00
6.2400000000e+00   -4.6895278826e+00
6.2600000000e+00   -5.5488477846e+00
6.2800000000e+00   -4.9237523978e+00
6.3000000000e+00   -4.6741120191e+00
6.3200000000e+00   -5.4236754856e+00
6.3400000000e+00   -5.0764509289e+00
6.3600000000e+00   -4.6735690623e+00
6.3800000000e+00   -5.2737265487e+00
6.4000000000e+00   -5.2865444594e+00
6.4200000000e+00   -4.6887661201e+00
6.4400000000e+00   -5.1363599138e+00
6.4600000000e+00   -5.6090370723e+00
6.4800000000e+00   -4.7210384279e+00
6.5000000000e+00   -5.0221894596e+00
6.5200000000e+00   -6.3892024651e+00
6.5400000000e+00   -4.7725411619e+00
6.5600000000e+00   -4.9320531170e+00
6.5800000000e+00   -6.0523915783e+00
6.6000000000e+00   -4.8468491488e+00
6.6200000000e+00   -4.8643344142e+00
6.6400000000e+00   -5.8599649127e+00
6.6600000000e+00   -4.9502082170e+00
6.6800000000e+00   -4.8172698156e+00
6.7000000000e+00   -5.9620658856e+00
6.7200000000e+00   -5.0946744446e+00
6.7400000000e+00   -4.7895948362e+00
6.7600000000e+00   -7.0301995138e+00
6.7800000000e+00   -5.3082875486e+00
6.8000000000e+00   -4.7807233124e+00
6.8200000000e+00   -5.8274377439e+00
6.8400000000e+00   -5.6889494437e+00
6.8600000000e+00   -4.7908503950e+00
6.8800000000e+00   -5.4576869009e+00
6.9000000000e+00   -6.4126860158e+00
6.9200000000e+00   -4.8211393243e+00
6.9400000000e+00   -5.2435764858e+00
6.9600000000e+00   -5.6508835263e+00
6.9800000000e+00   -4.8741382997e+00
7.0000000000e+00   -5.0998441609e+00
7.0200000000e+00   -5.4694242037e+00
7.0400000000e+00   -4.9547303567e+00
7.0600000000e+00   -4.9999662072e+00
7.0800000000e+00   -5.4187349085e+00
7.1000000000e+00   -5.0725078381e+00
7.1200000000e+00   -4.9322447482e+00
7.1400000000e+00   -5.4558779064e+00
7.1600000000e+00   -5.2490015385e+00
7.1800000000e+00   -4.8907901599e+00
7.2000000000e+00   -5.5992528615e+00
7.2200000000e+00   -5.5501769539e+00
7.2400000000e+00   -4.8726820664e+00
7.2600000000e+00   -6.0129740000e+00
7.2800000000e+00   -6.7002108483e+00
7.3000000000e+00   -4.8769396004e+00
7.3200000000e+00   -6.0060870433e+00
7.3400000000e+00   -5.6903979367e+00
7.3600000000e+00   -4.9042705090e+00
7.3800000000e+00   -5.4982166864e+00
7.4000000000e+00   -5.4254897008e+00
7.4200000000e+00   -4.9574107104e+00
7.4400000000e+00   -5.2672315267e+00
7.4600000000e+00   -5.3152972363e+00
7.4800000000e+00   -5.0423834301e+00
7.5000000000e+00   -5.1259352965e+00
7.5200000000e+00   -5.2809362210e+00
7.5400000000e+00   -5.1721691518e+00
7.5600000000e+00   -5.0346099642e+00
7.5800000000e+00   -5.3057462194e+00
7.6000000000e+00   -5.3797416514e+00
7.6200000000e+00   -4.9783395963e+00
7.6400000000e+00   -5.3963090567e+00
7.6600000000e+00   -5.7993967416e+00
7.6800000000e+00   -4.9504780262e+00
7.7000000000e+00   -5.5950617396e+00
7.7200000000e+00   -6.0757554773e+00
7.7400000000e+00   -4.9483266920e+00
7.7600000000e+00   -6.1811354585e+00
7.7800000000e+00   -5.5318394127e+00
7.8000000000e+00   -4.9718480805e+00
7.8200000000e+00   -5.8341594838e+00
7.8400000000e+00   -5.3405451945e+00
7.8600000000e+00   -5.0237056682e+00
7.8800000000e+00   -5.4375955324e+00
7.9000000000e+00   -5.2508226123e+00
7.9200000000e+00   -5.1106909890e+00
7.9400000000e+00   -5.2428323473e+00
7.9600000000e+00   -5.2203541454e+00
7.9800000000e+00   -5.2485315032e+00
8.0000000000e+00   -5.1252921662e+00
8.0200000000e+00   -5.2382587530e+00
8.0400000000e+00   -5.4810421774e+00
8.0600000000e+00   -5.0536580060e+00
8.0800000000e+00   -5.3078871056e+00
8.1000000000e+00   -6.0425156969e+00
8.1200000000e+00   -5.0158899613e+00
8.1400000000e+00   -5.4512777013e+00
8.1600000000e+00   -5.8629750641e+00
8.1800000000e+00   -5.0070560473e+00
8.2000000000e+00   -5.7571595137e+00
8.2200000000e+00   -5.4731009749e+00
8.2400000000e+00   -5.0261230759e+00
8.2600000000e+00   -6.5356978929e+00
8.2800000000e+00   -5.3070055299e+00
8.3000000000e+00   -5.0754261692e+00
8.3200000000e+00   -5.6172102003e+00
8.3400000000e+00   -5.2243443131e+00
8.3600000000e+00   -5.1620641688e+00
8.3800000000e+00   -5.3519504574e+00
8.4000000000e+00   -5.1937531421e+00
8.4200000000e+00   -5.3034113477e+00
8.4400000000e+00   -5.2058190001e+00
8.4600000000e+00   -5.2062621088e+00
8.4800000000e+00   -5.5507743837e+00
8.5000000000e+00   -5.1186401170e+00
8.5200000000e+00   -5.2636523764e+00
8.5400000000e+00   -6.2431208665e+00
8.5600000000e+00   -5.0710700442e+00
8.5800000000e+00   -5.3803811781e+00
8.6000000000e+00   -5.7999304303e+00
8.6200000000e+00   -5.0554887555e+00
8.6400000000e+00   -5.6058554138e+00
8.6600000000e+00   -5.4564075996e+00
8.6800000000e+00   -5.0696776015e+00
8.7000000000e+00   -6.2754328925e+00
8.7200000000e+00   -5.2990735422e+00
8.7400000000e+00   -5.1154340950e+00
8.7600000000e+00   -5.8183632938e+00
8.7800000000e+00   -5.2177863405e+00
8.8000000000e+00   -5.1997345677e+00
8.8200000000e+00   -5.4552161889e+00
8.8400000000e+00   -5.1851685431e+00
8.8600000000e+00   -5.3404275423e+00
8.8800000000e+00   -5.2780637009e+00
8.9000000000e+00   -5.1928121106e+00
8.9200000000e+00   -5.5916799767e+00
8.9400000000e+00   -5.1753377044e+00
8.9600000000e+00   -5.2414523191e+00
8.9800000000e+00   -6.3468593774e+00
9.0000000000e+00   -5.1181943500e+00
9.0200000000e+00   -5.3416591009e+00
9.0400000000e+00   -5.7946308473e+00
9.0600000000e+00   -5.0959274465e+00
9.0800000000e+00   -5.5270713646e+00
9.1000000000e+00   -5.4623613290e+00
9.1200000000e+00   -5.1049991660e+00
9.1400000000e+00   -5.9510274931e+00
9.1600000000e+00   -5.3058036838e+00
9.1800000000e+00   -5.1465208901e+00
9.2000000000e+00   -6.0695894393e+00
9.2200000000e+00   -5.2228179322e+00
9.2400000000e+00   -5.2270175323e+00
9.2600000000e+00   -5.5550980458e+00
9.2800000000e+00   -5.1870570450e+00
9.3000000000e+00   -5.3638623997e+00
9.3200000000e+00   -5.3439960048e+00
9.3400000000e+00   -5.1900170121e+00
9.3600000000e+00   -5.6099912074e+00
9.3800000000e+00   -5.2257062106e+00
9.4000000000e+00   -5.2315839608e+00
9.4200000000e+00   -6.3380595307e+00
9.4400000000e+00   -5.1592262531e+00
9.4600000000e+00   -5.3199134655e+00
9.4800000000e+00   -5.8218974246e+00
9.5000000000e+00   -5.1303856943e+00
9.5200000000e+00   -5.4803193032e+00
9.5400000000e+00   -5.4822678645e+00
9.5600000000e+00   -5.1342300076e+00
9.5800000000e+00   -5.8087414044e+00
9.6000000000e+00   -5.3216510068e+00
9.6200000000e+00   -5.1710891887e+00
9.6400000000e+00   -6.4709598443e+00
9.6600000000e+00   -5.2350184368e+00
9.6800000000e+00   -5.2468221905e+00
9.7000000000e+00   -5.6545794033e+00
9.7200000000e+00   -5.1953621152e+00
9.7400000000e+00   -5.3777053108e+00
9.7600000000e+00   -5.4055031282e+00
9.7800000000e+00   -5.1936734988e+00
9.8000000000e+00   -5.6128157839e+00
9.8200000000e+00   -5.2714590238e+00
9.8400000000e+00   -5.2290614233e+00
9.8600000000e+00   -6.2628331357e+00
9.8800000000e+00   -5.1958063419e+00
9.9000000000e+00   -5.3079695869e+00
9.9200000000e+00   -5.8724673846e+00
9.9400000000e+00   -5.1604989847e+00
9.9600000000e+00   -5.4505413328e+00
9.9800000000e+00   -5.5116682742e+00
1.0000000000e+01   -5.1590807012e+00
1.0020000000e+01   -5.7252315211e+00
1.0040000000e+01   -5.3435221092e+00
1.0060000000e+01   -5.1910414912e+00
1.0080000000e+01   -7.1503215548e+00
1.0100000000e+01   -5.2518459447e+00
1.0120000000e+01   -5.2614544794e+00
1.0140000000e+01   -5.7572985561e+00
1.0160000000e+01   -5.2077331483e+00
1.0180000000e+01   -5.3851707455e+00
1.0200000000e+01   -5.4642995515e+00
1.0220000000e+01   -5.2013631829e+00
1.0240000000e+01   -5.6062054418e+00
1.0260000000e+01   -5.3140174257e+00
1.0280000000e+01   -5.2310818516e+00
1.0300000000e+01   -6.1694485479e+00
1.0320000000e+01   -5.2292367529e+00
1.0340000000e+01   -5.3019960409e+00
1.0360000000e+01   -5.9436440302e+00
1.0380000000e+01   -5.1875311935e+00
1.0400000000e+01   -5.4306668652e+00
1.0420000000e+01   -5.5481514358e+00
1.0440000000e+01   -5.1808492936e+00
1.0460000000e+01   -5.6695253228e+00
1.0480000000e+01   -5.3696006577e+00
1.0500000000e+01   -5.2078022103e+00
1.0520000000e+01   -6.3910609568e+00
1.0540000000e+01   -5.2717706281e+00
1.0560000000e+01   -5.2726226220e+00
1.0580000000e+01   -5.8680131688e+00
1.0600000000e+01   -5.2227475618e+00
1.0620000000e+01   -5.3886161980e+00
1.0640000000e+01   -5.5219128259e+00
1.0660000000e+01   -5.2116299268e+00
1.0680000000e+01   -5.5945025640e+00
1.0700000000e+01   -5.3545233393e+00
1.0720000000e+01   -5.2359835472e+00
1.0740000000e+01   -6.0803752621e+00
1.0760000000e+01   -5.2605179926e+00
1.0780000000e+01   -5.2997944756e+00
1.0800000000e+01   -6.0371938441e+00
1.0820000000e+01   -5.2124280947e+00
1.0840000000e+01   -5.4169407218e+00
1.0860000000e+01   -5.5904506499e+00
1.0880000000e+01   -5.2004885367e+00
1.0900000000e+01   -5.6293273508e+00
1.0920000000e+01   -5.3988013112e+00
1.0940000000e+01   -5.2223991720e+00
1.0960000000e+01   -6.1612537499e+00
1.0980000000e+01   -5.2938514294e+00
1.1000000000e+01   -5.2815365402e+00
1.1020000000e+01   -5.9937602969e+00
1.1040000000e+01   -5.2395244088e+00
1.1060000000e+01   -5.3896664108e+00
1.1080000000e+01   -5.5797223535e+00
1.1100000000e+01   -5.2235743334e+00
1.1120000000e+01   -5.5805023511e+00
1.1140000000e+01   -5.3938833490e+00
1.1160000000e+01   -5.2427499919e+00
1.1180000000e+01   -6.0020812130e+00
1.1200000000e+01   -5.2904057845e+00
1.1220000000e+01   -5.3000471951e+00
1.1240000000e+01   -6.1603685009e+00
1.1260000000e+01   -5.2358843889e+00
1.1280000000e+01   -5.4072164955e+00
1.1300000000e+01   -5.6380285577e+00
1.1320000000e+01   -5.2186837942e+00
1.1340000000e+01   -5.5986753501e+00
1.1360000000e+01   -5.4304876015e+00
1.1380000000e+01   -5.2355570359e+00
1.1400000000e+01   -6.0291606516e+00
1.1420000000e+01   -5.3175086377e+00
1.1440000000e+01   -5.2890284985e+00
1.1460000000e+01   -6.1468900383e+00
1.1480000000e+01   -5.2575142274e+00
1.1500000000e+01   -5.3893951004e+00
1.1520000000e+01   -5.6390325800e+00
1.1540000000e+01   -5.2366345717e+00
1.1560000000e+01   -5.5658737566e+00
1.1580000000e+01   -5.4328225285e+00
1.1600000000e+01   -5.2507486630e+00
1.1620000000e+01   -5.9349939825e+00
1.1640000000e+01   -5.3194689439e+00
1.1660000000e+01   -5.3019427681e+00
1.1680000000e+01   -6.3319267460e+00
1.1700000000e+01   -5.2584066044e+00
1.1720000000e+01   -5.4002077322e+00
1.1740000000e+01   -5.6908866802e+00
1.1760000000e+01   -5.2359232564e+00
1.1780000000e+01   -5.5743292845e+00
1.1800000000e+01   -5.4643155340e+00
1.1820000000e+01   -5.2477801264e+00
1.1840000000e+01   -5.9387610700e+00
1.1860000000e+01   -5.3423931542e+00
1.1880000000e+01   -5.2956604998e+00
1.1900000000e+01   -6.3549310142e+00
1.1920000000e+01   -5.2763771143e+00
1.1940000000e+01   -5.3884910035e+00
1.1960000000e+01   -5.7011731375e+00
1.1980000000e+01   -5.2504599409e+00
1.2000000000e+01   -5.5515525245e+00
1.2020000000e+01   -5.4719367025e+00
1.2040000000e+01   -5.2595834165e+00
1.2060000000e+01   -5.8777882312e+00
1.2080000000e+01   -5.3481397118e+00
1.2100000000e+01   -5.3049732757e+00
1.2120000000e+01   -6.6101901955e+00
1.2140000000e+01   -5.2803650696e+00
1.2160000000e+01   -5.3951175170e+00
1.2180000000e+01   -5.7495038208e+00
1.2200000000e+01   -5.2525542765e+00
1.2220000000e+01   -5.5543918693e+00
1.2240000000e+01   -5.5001434436e+00
1.2260000000e+01   -5.2594177086e+00
1.2280000000e+01   -5.8711704403e+00
1.2300000000e+01   -5.3683077591e+00
1.2320000000e+01   -5.3018079590e+00
1.2340000000e+01   -6.7122455005e+00
1.2360000000e+01   -5.2959087124e+00
1.2380000000e+01   -5.3873856649e+00
1.2400000000e+01   -5.7676325687e+00
1.2420000000e+01   -5.2648345372e+00
1.2440000000e+01   -5.5380268937e+00
1.2460000000e+01   -5.5117388226e+00
1.2480000000e+01   -5.2690068590e+00
1.2500000000e+01   -5.8288553142e+00
1.2520000000e+01   -5.3767541701e+00
1.2540000000e+01   -5.3088178901e+00
1.2560000000e+01   -7.4859013556e+00
1.2580000000e+01   -5.3020339712e+00
1.2600000000e+01   -5.3914396895e+00
1.2620000000e+01   -5.8148768673e+00
1.2640000000e+01   -5.2688257354e+00
1.2660000000e+01   -5.5376895769e+00
1.2680000000e+01   -5.5379800894e+00
1.2700000000e+01   -5.2707121795e+00
1.2720000000e+01   -5.8178272620e+00
1.2740000000e+01   -5.3951583127e+00
1.2760000000e+01   -5.3077203940e+00
1.2780000000e+01   -7.4639475119e+00
1.2800000000e+01   -5.3159938995e+00
1.2820000000e+01   -5.3863436585e+00
1.2840000000e+01   -5.8402518192e+00
1.2860000000e+01   -5.2796297250e+00
1.2880000000e+01   -5.5255234031e+00
1.2900000000e+01   -5.5526992255e+00
1.2920000000e+01   -5.2788665563e+00
1.2940000000e+01   -5.7867414325e+00
1.2960000000e+01   -5.4055833528e+00
1.2980000000e+01   -5.3132732849e+00
1.3000000000e+01   -6.7663700538e+00
1.3020000000e+01   -5.3236209997e+00
1.3040000000e+01   -5.3888460069e+00
1.3060000000e+01   -5.8886838810e+00
1.3080000000e+01   -5.2849186877e+00
1.3100000000e+01   -5.5234638020e+00
1.3120000000e+01   -5.5779570331e+00
1.3140000000e+01   -5.2818332870e+00
1.3160000000e+01   -5.7741785667e+00
1.3180000000e+01   -5.4229231471e+00
1.3200000000e+01   -5.3135636458e+00
1.3220000000e+01   -6.6081557118e+00
1.3240000000e+01   -5.3365772631e+00
1.3260000000e+01   -5.3855232815e+00
1.3280000000e+01   -5.9215399040e+00
1.3300000000e+01   -5.2947739416e+00
1.3320000000e+01   -5.5141209390e+00
1.3340000000e+01   -5.5952816784e+00
1.3360000000e+01   -5.2890712705e+00
1.3380000000e+01   -5.7502416519e+00
1.3400000000e+01   -5.4348567874e+00
1.3420000000e+01   -5.3182108913e+00
1.3440000000e+01   -6.4366281194e+00
1.3460000000e+01   -5.3452887832e+00
1.3480000000e+01   -5.3871195490e+00
1.3500000000e+01   -5.9736532291e+00
1.3520000000e+01   -5.3009680132e+00
1.3540000000e+01   -5.5112050346e+00
1.3560000000e+01   -5.6203184238e+00
1.3580000000e+01   -5.2929018544e+00
1.3600000000e+01   -5.7375402015e+00
1.3620000000e+01   -5.4516340434e+00
1.3640000000e+01   -5.3194485106e+00
1.3660000000e+01   -6.3518603235e+00
1.3680000000e+01   -5.3576441175e+00
1.3700000000e+01   -5.3850162300e+00
1.3720000000e+01   -6.0152600830e+00
1.3740000000e+01   -5.3102332855e+00
1.3760000000e+01   -5.5038184321e+00
1.3780000000e+01   -5.6399783003e+00
1.3800000000e+01   -5.2995694680e+00
1.3820000000e+01   -5.7183875990e+00
1.3840000000e+01   -5.4647803883e+00
1.3860000000e+01   -5.3235501586e+00
1.3880000000e+01   -6.2586513774e+00
1.3900000000e+01   -5.3671702158e+00
1.3920000000e+01   -5.3861143205e+00
1.3940000000e+01   -6.0743706850e+00
1.3960000000e+01   -5.3170775068e+00
1.3980000000e+01   -5.5005589736e+00
1.4000000000e+01   -5.6654255070e+00
1.4020000000e+01   -5.3040059911e+00
1.4040000000e+01   -5.7062085779e+00
1.4060000000e+01   -5.4813649219e+00
1.4080000000e+01   -5.3254498575e+00
1.4100000000e+01   -6.2000792012e+00
1.4120000000e+01   -5.3792083172e+00
1.4140000000e+01   -5.3848730768e+00
1.4160000000e+01   -6.1276809332e+00
1.4180000000e+01   -5.3259989732e+00
1.4200000000e+01   -5.4945741384e+00
1.4220000000e+01   -5.6873475056e+00
1.4240000000e+01   -5.3103355246e+00
1.4260000000e+01   -5.6904084848e+00
1.4280000000e+01   -5.4955504511e+00
1.4300000000e+01   -5.3292416263e+00
1.4320000000e+01   -6.1381921258e+00
1.4340000000e+01   -5.3893794202e+00
1.4360000000e+01   -5.3857302531e+00
1.4380000000e+01   -6.1992117305e+00
1.4400000000e+01   -5.3333303273e+00
1.4420000000e+01   -5.4912712021e+00
1.4440000000e+01   -5.7137764139e+00
1.4460000000e+01   -5.3152120792e+00
1.4480000000e+01   -5.6790398039e+00
1.4500000000e+01   -5.5122259511e+00
1.4520000000e+01   -5.3316192716e+00
1.4540000000e+01   -6.0936514301e+00
1.4560000000e+01   -5.4013045533e+00
1.4580000000e+01   -5.3851194425e+00
1.4600000000e+01   -6.2707484978e+00
1.4620000000e+01   -5.3420792414e+00
1.4640000000e+01   -5.4863279751e+00
1.4660000000e+01   -5.7380607520e+00
1.4680000000e+01   -5.3213608405e+00
1.4700000000e+01   -5.6656909739e+00
1.4720000000e+01   -5.5273652330e+00
1.4740000000e+01   -5.3352561237e+00
1.4760000000e+01   -6.0482528031e+00
1.4780000000e+01   -5.4120196822e+00
1.4800000000e+01   -5.3858975028e+00
1.4820000000e+01   -6.3658977752e+00
1.4840000000e+01   -5.3497962352e+00
1.4860000000e+01   -5.4831535252e+00
1.4880000000e+01   -5.7660453647e+00
1.4900000000e+01   -5.3265721931e+00
1.4920000000e+01   -5.6552306327e+00
1.4940000000e+01   -5.5443617544e+00
1.4960000000e+01   -5.3379933701e+00
1.4980000000e+01   -6.0126254775e+00
1.5000000000e+01   -5.4239836694e+00
1.5020000000e+01   -5.3857661705e+00
1.5040000000e+01   -6.4724866918e+00
1.5060000000e+01   -5.3584941634e+00
1.5080000000e+01   -5.4790139155e+00
1.5100000000e+01   -5.7929670373e+00
1.5120000000e+01   -5.3326481209e+00
1.5140000000e+01   -5.6437450057e+00
1.5160000000e+01   -5.5604353866e+00
1.5180000000e+01   -5.3415778478e+00
1.5200000000e+01   -5.9772493428e+00
1.5220000000e+01   -5.4351893514e+00
1.5240000000e+01   -5.3865664658e+00
1.5260000000e+01   -6.6238616787e+00
1.5280000000e+01   -5.3665366415e+00
1.5300000000e+01   -5.4760629275e+00
1.5320000000e+01   -5.8231508390e+00
1.5340000000e+01   -5.3381291159e+00
1.5360000000e+01   -5.6341960723e+00
1.5380000000e+01   -5.5779530643e+00
1.5400000000e+01   -5.3445992607e+00
1.5420000000e+01   -5.9478325472e+00
1.5440000000e+01   -5.4473100671e+00
1.5460000000e+01   -5.3868156825e+00
1.5480000000e+01   -6.8331552789e+00
1.5500000000e+01   -5.3752723966e+00
1.5520000000e+01   -5.4725666222e+00
1.5540000000e+01   -5.8531905864e+00
1.5560000000e+01   -5.3442077135e+00
1.5580000000e+01   -5.6241765661e+00
1.5600000000e+01   -5.5949944026e+00
1.5620000000e+01   -5.3481999180e+00
1.5640000000e+01   -5.9191328407e+00
1.5660000000e+01   -5.4589864349e+00
1.5680000000e+01   -5.3877013636e+00
1.5700000000e+01   -7.2752355497e+00
1.5720000000e+01   -5.3836081854e+00
1.5740000000e+01   -5.4698880925e+00
1.5760000000e+01   -5.8863723460e+00
1.5780000000e+01   -5.3499197479e+00
1.5800000000e+01   -5.6154970500e+00
1.5820000000e+01   -5.6132217032e+00
1.5840000000e+01   -5.3514581221e+00
1.5860000000e+01   -5.8943004413e+00
1.5880000000e+01   -5.4713606202e+00
1.5900000000e+01   -5.3882659192e+00
1.5920000000e+01   -7.4584109872e+00
1.5940000000e+01   -5.3924492237e+00
1.5960000000e+01   -5.4669247800e+00
1.5980000000e+01   -5.9202911036e+00
1.6000000000e+01   -5.3560552915e+00
1.6020000000e+01   -5.6066665763e+00
1.6040000000e+01   -5.6313102366e+00
1.6060000000e+01   -5.3551215239e+00
1.6080000000e+01   -5.8703443871e+00
1.6100000000e+01   -5.4835124234e+00
1.6120000000e+01   -5.3892760815e+00
1.6140000000e+01   -6.9069253634e+00
1.6160000000e+01   -5.4010653405e+00
1.6180000000e+01   -5.4645405683e+00
1.6200000000e+01   -5.9575567780e+00
1.6220000000e+01   -5.3619774491e+00
1.6240000000e+01   -5.5987956387e+00
1.6260000000e+01   -5.6504392790e+00
1.6280000000e+01   -5.3585875613e+00
1.6300000000e+01   -5.8490332929e+00
1.6320000000e+01   -5.4962247442e+00
1.6340000000e+01   -5.3901127603e+00
1.6360000000e+01   -6.6806826117e+00
1.6380000000e+01   -5.4100654768e+00
1.6400000000e+01   -5.4620325691e+00
1.6420000000e+01   -5.9965479690e+00
1.6440000000e+01   -5.3682104226e+00
1.6460000000e+01   -5.5909546917e+00
1.6480000000e+01   -5.6696995137e+00
1.6500000000e+01   -5.3623461023e+00
1.6520000000e+01   -5.8286138120e+00
1.6540000000e+01   -5.5088757613e+00
1.6560000000e+01   -5.3912714442e+00
1.6580000000e+01   -6.5323497338e+00
1.6600000000e+01   -5.4189623954e+00
1.6620000000e+01   -5.4599488441e+00
1.6640000000e+01   -6.0395058420e+00
1.6660000000e+01   -5.3743336781e+00
1.6680000000e+01   -5.5838262352e+00
1.6700000000e+01   -5.6899405943e+00
1.6720000000e+01   -5.3660031747e+00
1.6740000000e+01   -5.8100883823e+00
1.6760000000e+01   -5.5220054397e+00
1.6780000000e+01   -5.3923514951e+00
1.6800000000e+01   -6.4258943569e+00
1.6820000000e+01   -5.4281670788e+00
1.6840000000e+01   -5.4578401140e+00
1.6860000000e+01   -6.0855106898e+00
1.6880000000e+01   -5.3806957238e+00
1.6900000000e+01   -5.5768268958e+00
1.6920000000e+01   -5.7105461870e+00
1.6940000000e+01   -5.3698801833e+00
1.6960000000e+01   -5.7924057243e+00
1.6980000000e+01   -5.5351953013e+00
1.7000000000e+01   -5.3936734136e+00
1.7020000000e+01   -6.3408432867e+00
1.7040000000e+01   -5.4373550517e+00
1.7060000000e+01   -5.4560542901e+00
1.7080000000e+01   -6.1367711825e+00
1.7100000000e+01   -5.3870191756e+00
1.7120000000e+01   -5.5703763656e+00
1.7140000000e+01   -5.7321436305e+00
1.7160000000e+01   -5.3737195945e+00
1.7180000000e+01   -5.7761355311e+00
1.7200000000e+01   -5.5488212511e+00
1.7220000000e+01   -5.3949777029e+00
1.7240000000e+01   -6.2719522757e+00
1.7260000000e+01   -5.4468050366e+00
1.7280000000e+01   -5.4543033944e+00
1.7300000000e+01   -6.1931914259e+00
1.7320000000e+01   -5.3935364111e+00
1.7340000000e+01   -5.5641059820e+00
1.7360000000e+01   -5.7543274605e+00
1.7380000000e+01   -5.3777326725e+00
1.7400000000e+01   -5.7606345487e+00
1.7420000000e+01   -5.5626040548e+00
1.7440000000e+01   -5.3964718871e+00
1.7460000000e+01   -6.2130580155e+00
1.7480000000e+01   -5.4563018113e+00
1.7500000000e+01   -5.4528083116e+00
1.7520000000e+01   -6.2575075544e+00
1.7540000000e+01   -5.4000648539e+00
1.7560000000e+01   -5.5582735161e+00
1.7580000000e+01   -5.7775793762e+00
1.7600000000e+01   -5.3817512045e+00
1.7620000000e+01   -5.7462250013e+00
1.7640000000e+01   -5.5768092016e+00
1.7660000000e+01   -5.3979877694e+00
1.7680000000e+01   -6.1626280940e+00
1.7700000000e+01   -5.4660357876e+00
1.7720000000e+01   -5.4513838918e+00
1.7740000000e+01   -6.3310869750e+00
1.7760000000e+01   -5.4067601186e+00
1.7780000000e+01   -5.5526442169e+00
1.7800000000e+01   -5.8016515220e+00
1.7820000000e+01   -5.3859144212e+00
1.7840000000e+01   -5.7325055263e+00
1.7860000000e+01   -5.5912535594e+00
1.7880000000e+01   -5.3996598881e+00
1.7900000000e+01   -6.1180173742e+00
1.7920000000e+01   -5.4758652856e+00
1.7940000000e+01   -5.4501703113e+00
1.7960000000e+01   -6.4187037694e+00
1.7980000000e+01   -5.4135025076e+00
1.8000000000e+01   -5.5473758555e+00
1.8020000000e+01   -5.8269372278e+00
1.8040000000e+01   -5.3901126457e+00
1.8060000000e+01   -5.7196557580e+00
1.8080000000e+01   -5.6061288798e+00
1.8100000000e+01   -5.4013791826e+00
1.8120000000e+01   -6.0785738978e+00
1.8140000000e+01   -5.4859218507e+00
1.8160000000e+01   -5.4490481274e+00
1.8180000000e+01   -6.5259715597e+00
1.8200000000e+01   -5.4203969107e+00
1.8220000000e+01   -5.5423176551e+00
1.8240000000e+01   -5.8533149116e+00
1.8260000000e+01   -5.3944379897e+00
1.8280000000e+01   -5.7074202348e+00
1.8300000000e+01   -5.6213192475e+00
1.8320000000e+01   -5.4032330186e+00
1.8340000000e+01   -6.0429526221e+00
1.8360000000e+01   -5.4961135271e+00
1.8380000000e+01   -5.4481061982e+00
1.8400000000e+01   -6.6666986028e+00
1.8420000000e+01   -5.4273654192e+00
1.8440000000e+01   -5.5375655447e+00
1.8460000000e+01   -5.8811363386e+00
1.8480000000e+01   -5.3988191898e+00
1.8500000000e+01   -5.6958961814e+00
1.8520000000e+01   -5.6369679957e+00
1.8540000000e+01   -5.4051506963e+00
1.8560000000e+01   -6.0107968388e+00
1.8580000000e+01   -5.5065327673e+00
1.8600000000e+01   -5.4472671758e+00
1.8620000000e+01   -6.8710903755e+00
1.8640000000e+01   -5.4344794388e+00
1.8660000000e+01   -5.5330217033e+00
1.8680000000e+01   -5.9103938302e+00
1.8700000000e+01   -5.4033175406e+00
1.8720000000e+01   -5.6849175514e+00
1.8740000000e+01   -5.6530073161e+00
1.8760000000e+01   -5.4071890870e+00
1.8780000000e+01   -5.9813491743e+00
1.8800000000e+01   -5.5171214783e+00
1.8820000000e+01   -5.4465872773e+00
1.8840000000e+01   -7.2615739790e+00
1.8860000000e+01   -5.4416889192e+00
1.8880000000e+01   -5.5287438105e+00
1.8900000000e+01   -5.9414426245e+00
1.8920000000e+01   -5.4078870339e+00
1.8940000000e+01   -5.6745340289e+00
1.8960000000e+01   -5.6695499178e+00
1.8980000000e+01   -5.4093024193e+00
1.9000000000e+01   -5.9543802483e+00
1.9020000000e+01   -5.5279463510e+00
1.9040000000e+01   -5.4460161993e+00
1.9060000000e+01   -7.6266059126e+00
1.9080000000e+01   -5.4490432150e+00
1.9100000000e+01   -5.5246676402e+00
1.9120000000e+01   -5.9743972754e+00
1.9140000000e+01   -5.4125688245e+00
1.9160000000e+01   -5.6646352179e+00
1.9180000000e+01   -5.6865638008e+00
1.9200000000e+01   -5.4115278566e+00
1.9220000000e+01   -5.9294321812e+00
1.9240000000e+01   -5.5389726293e+00
1.9260000000e+01   -5.4455894050e+00
1.9280000000e+01   -6.9960201022e+00
1.9300000000e+01   -5.4565109382e+00
1.9320000000e+01   -5.5208272486e+00
1.9340000000e+01   -6.0096713970e+00
1.9360000000e+01   -5.4173335516e+00
1.9380000000e+01   -5.6552435950e+00
1.9400000000e+01   -5.7041439905e+00
1.9420000000e+01   -5.4138358636e+00
1.9440000000e+01   -5.9063426061e+00
1.9460000000e+01   -5.5502502923e+00
1.9480000000e+01   -5.4452740235e+00
1.9500000000e+01   -6.7522552067e+00
1.9520000000e+01   -5.4641269923e+00
1.9540000000e+01   -5.5171798645e+00
1.9560000000e+01   -6.0475406876e+00
1.9580000000e+01   -5.4222092336e+00
1.9600000000e+01   -5.6462839469e+00
1.9620000000e+01   -5.7222869021e+00
1.9640000000e+01   -5.4162508796e+00
1.9660000000e+01   -5.8848191135e+00
1.9680000000e+01   -5.5617609876e+00
1.9700000000e+01   -5.4450923393e+00
1.9720000000e+01   -6.5989319599e+00
1.9740000000e+01   -5.4718725887e+00
1.9760000000e+01   -5.5137450047e+00
1.9780000000e+01   -6.0885636802e+00
1.9800000000e+01   -5.4271775261e+00
1.9820000000e+01   -5.6377634354e+00
1.9840000000e+01   -5.7410798873e+00
1.9860000000e+01   -5.4187539759e+00
1.9880000000e+01   -5.8647402359e+00
1.9900000000e+01   -5.5735441979e+00
1.9920000000e+01   -5.4450227635e+00
1.9940000000e+01   -6.4874683983e+00
1.9960000000e+01   -5.4797732491e+00
1.9980000000e+01   -5.5104937067e+00
2.0000000000e+01   -6.1332759871e+00
2.0020000000e+01   -5.4322579104e+00
2.0040000000e+01   -5.6296294632e+00
2.0060000000e+01   -5.7605441692e+00
2.0080000000e+01   -5.4213613934e+00
2.0100000000e+01   -5.8459106175e+00
2.0120000000e+01   -5.5855934827e+00
2.0140000000e+01   -5.4450792329e+00
2.0160000000e+01   -6.4000175785e+00
2.0180000000e+01   -5.4878188016e+00
2.0200000000e+01   -5.5074365943e+00
2.0220000000e+01   -6.1825523940e+00
2.0240000000e+01   -5.4374393785e+00
2.0260000000e+01   -5.6218808290e+00
2.0280000000e+01   -5.7807680130e+00
2.0300000000e+01   -5.4240611627e+00
2.0320000000e+01   -5.8282363676e+00
2.0340000000e+01   -5.5979421865e+00
2.0360000000e+01   -5.4452474989e+00
2.0380000000e+01   -6.3283252962e+00
2.0400000000e+01   -5.4960287878e+00
2.0420000000e+01   -5.5045536761e+00
2.0440000000e+01   -6.2374347142e+00
2.0460000000e+01   -5.4427359028e+00
2.0480000000e+01   -5.6144797370e+00
2.0500000000e+01   -5.8017971337e+00
2.0520000000e+01   -5.4268642637e+00
2.0540000000e+01   -5.8115818314e+00
2.0560000000e+01   -5.6105929706e+00
2.0580000000e+01   -5.4455362345e+00
2.0600000000e+01   -6.2676538949e+00
2.0620000000e+01   -5.5043990527e+00
2.0640000000e+01   -5.5018501937e+00
2.0660000000e+01   -6.2995329187e+00
2.0680000000e+01   -5.4481414095e+00
2.0700000000e+01   -5.6074206702e+00
2.0720000000e+01   -5.8237292573e+00
2.0740000000e+01   -5.4297633223e+00
2.0760000000e+01   -5.7958729156e+00
2.0780000000e+01   -5.6235762118e+00
2.0800000000e+01   -5.4459359995e+00
2.0820000000e+01   -6.2152121841e+00
2.0840000000e+01   -5.5129454631e+00
2.0860000000e+01   -5.4993120504e+00
2.0880000000e+01   -6.3710999273e+00
2.0900000000e+01   -5.4536663633e+00
2.0920000000e+01   -5.6006757122e+00
2.0940000000e+01   -5.8466377113e+00
2.0960000000e+01   -5.4327659661e+00
2.0980000000e+01   -5.7810121920e+00
2.1000000000e+01   -5.6369020573e+00
2.1020000000e+01   -5.4464521730e+00
2.1040000000e+01   -6.1690855917e+00
2.1060000000e+01   -5.5216682075e+00
2.1080000000e+01   -5.4969412862e+00
2.1100000000e+01   -6.4558005524e+00
2.1120000000e+01   -5.4593080629e+00
2.1140000000e+01   -5.5942373622e+00
2.1160000000e+01   -5.8706397656e+00
2.1180000000e+01   -5.4358678850e+00
2.1200000000e+01   -5.7669403381e+00
2.1220000000e+01   -5.6506003670e+00
2.1240000000e+01   -5.4470784950e+00
2.1260000000e+01   -6.1280061432e+00
2.1280000000e+01   -5.5305810673e+00
2.1300000000e+01   -5.4947277323e+00
2.1320000000e+01   -6.5597706111e+00
2.1340000000e+01   -5.4650747953e+00
2.1360000000e+01   -5.5880844421e+00
2.1380000000e+01   -5.8958438968e+00
2.1400000000e+01   -5.4390745989e+00
2.1420000000e+01   -5.7535852769e+00
2.1440000000e+01   -5.6646880507e+00
2.1460000000e+01   -5.4478183091e+00
2.1480000000e+01   -6.0910169351e+00
2.1500000000e+01   -5.5396875263e+00
2.1520000000e+01   -5.4926715793e+00
2.1540000000e+01   -6.6949878312e+00
2.1560000000e+01   -5.4709662221e+00
2.1580000000e+01   -5.5822087883e+00
2.1600000000e+01   -5.9224008381e+00
2.1620000000e+01   -5.4423838704e+00
2.1640000000e+01   -5.7408989802e+00
2.1660000000e+01   -5.6791965307e+00
2.1680000000e+01   -5.4486674858e+00
2.1700000000e+01   -6.0574365738e+00
2.1720000000e+01   -5.5490004090e+00
2.1740000000e+01   -5.4907653205e+00
2.1760000000e+01   -6.8896105490e+00
2.1780000000e+01   -5.4769893468e+00
2.1800000000e+01   -5.5765939265e+00
2.1820000000e+01   -5.9504685604e+00
2.1840000000e+01   -5.4457999251e+00
2.1860000000e+01   -5.7288267209e+00
2.1880000000e+01   -5.6941494876e+00
2.1900000000e+01   -5.4496281388e+00
2.1920000000e+01   -6.0267205081e+00
2.1940000000e+01   -5.5585258757e+00
2.1960000000e+01   -5.4890081313e+00
2.1980000000e+01   -7.2454197721e+00
2.2000000000e+01   -5.4831455506e+00
2.2020000000e+01   -5.5712317553e+00
2.2040000000e+01   -5.9802530575e+00
2.2060000000e+01   -5.4493219600e+00
2.2080000000e+01   -5.7173292502e+00
2.2100000000e+01   -5.7095818932e+00
2.2120000000e+01   -5.4506975916e+00
2.2140000000e+01   -5.9984604777e+00
2.2160000000e+01   -5.5682766337e+00
2.2180000000e+01   -5.4873943487e+00
2.2200000000e+01   -7.8391360423e+00
2.2220000000e+01   -5.4894411629e+00
2.2240000000e+01   -5.5661091679e+00
2.2260000000e+01   -6.0119882195e+00
2.2280000000e+01   -5.4529534415e+00
2.2300000000e+01   -5.7063640617e+00
2.2320000000e+01   -5.7255248937e+00
2.2340000000e+01   -5.4518772425e+00
2.2360000000e+01   -5.9723180575e+00
2.2380000000e+01   -5.5782612086e+00
2.2400000000e+01   -5.4859226435e+00
2.2420000000e+01   -7.0704578265e+00
2.2440000000e+01   -5.4958788868e+00
2.2460000000e+01   -5.5612185003e+00
2.2480000000e+01   -6.0459731732e+00
2.2500000000e+01   -5.4566945929e+00
2.2520000000e+01   -5.6958988124e+00
2.2540000000e+01   -5.7420191686e+00
2.2560000000e+01   -5.4531654318e+00
2.2580000000e+01   -5.9480292987e+00
2.2600000000e+01   -5.5884928589e+00
2.2620000000e+01   -5.4845886631e+00
2.2640000000e+01   -6.8102513251e+00
2.2660000000e+01   -5.5024648041e+00
2.2680000000e+01   -5.5565491209e+00
2.2700000000e+01   -6.0825681721e+00
2.2720000000e+01   -5.4605484762e+00
2.2740000000e+01   -5.6858998340e+00
2.2760000000e+01   -5.7591047764e+00
2.2780000000e+01   -5.4545631718e+00
2.2800000000e+01   -5.9253699880e+00
2.2820000000e+01   -5.5989823941e+00
2.2840000000e+01   -5.4833908829e+00
2.2860000000e+01   -6.6501299246e+00
2.2880000000e+01   -5.5092027078e+00
2.2900000000e+01   -5.5520939772e+00
2.2920000000e+01   -6.1222381844e+00
2.2940000000e+01   -5.4645160838e+00
2.2960000000e+01   -5.6763402694e+00
2.2980000000e+01   -5.7768307356e+00
2.3000000000e+01   -5.4560695378e+00
2.3020000000e+01   -5.9041596375e+00
2.3040000000e+01   -5.6097442111e+00
2.3060000000e+01   -5.4823259093e+00
2.3080000000e+01   -6.5345195117e+00
2.3100000000e+01   -5.5160987452e+00
2.3120000000e+01   -5.5478443046e+00
2.3140000000e+01   -6.1655738697e+00
2.3160000000e+01   -5.4686003140e+00
2.3180000000e+01   -5.6671929950e+00
2.3200000000e+01   -5.7952484124e+00
2.3220000000e+01   -5.4576853688e+00
2.3240000000e+01   -5.8842422900e+00
2.3260000000e+01   -5.6207915078e+00
2.3280000000e+01   -5.4813922092e+00
2.3300000000e+01   -6.4441952858e+00
2.3320000000e+01   -5.5231576793e+00
2.3340000000e+01   -5.5437937253e+00
2.3360000000e+01   -6.2133625952e+00
2.3380000000e+01   -5.4728027689e+00
2.3400000000e+01   -5.6584355524e+00
2.3420000000e+01   -5.8144186776e+00
2.3440000000e+01   -5.4594102926e+00
2.3460000000e+01   -5.8654891193e+00
2.3480000000e+01   -5.6321403955e+00
2.3500000000e+01   -5.4805871123e+00
2.3520000000e+01   -6.3702085820e+00
2.3540000000e+01   -5.5303859703e+00
2.3560000000e+01   -5.5399349161e+00
2.3580000000e+01   -6.2666670568e+00
2.3600000000e+01   -5.4771263529e+00
2.3620000000e+01   -5.6500457673e+00
2.3640000000e+01   -5.8344079447e+00
2.3660000000e+01   -5.4612451146e+00
2.3680000000e+01   -5.8477874009e+00
2.3700000000e+01   -5.6438067347e+00
2.3720000000e+01   -5.4799091876e+00
2.3740000000e+01   -6.3076484363e+00
2.3760000000e+01   -5.5377893131e+00
2.3780000000e+01   -5.5362621760e+00
2.3800000000e+01   -6.3269892804e+00
2.3820000000e+01   -5.4815731847e+00
2.3840000000e+01   -5.6420047383e+00
2.3860000000e+01   -5.8552939504e+00
2.3880000000e+01   -5.4631898982e+00
2.3900000000e+01   -5.8310420188e+00
2.3920000000e+01   -5.6558089732e+00
2.3940000000e+01   -5.4793563298e+00
2.3960000000e+01   -6.2535355970e+00
2.3980000000e+01   -5.5453746895e+00
2.4000000000e+01   -5.5327693229e+00
2.4020000000e+01   -6.3965343722e+00
2.4040000000e+01   -5.4861462972e+00
2.4060000000e+01   -5.6342941088e+00
2.4080000000e+01   -5.8771639812e+00
2.4100000000e+01   -5.4652455066e+00
2.4120000000e+01   -5.8151689334e+00
2.4140000000e+01   -5.6681660903e+00
2.4160000000e+01   -5.4789272726e+00
2.4180000000e+01   -6.2059197678e+00
2.4200000000e+01   -5.5531487541e+00
2.4220000000e+01   -5.5294513006e+00
2.4240000000e+01   -6.4787498783e+00
2.4260000000e+01   -5.4908482797e+00
2.4280000000e+01   -5.6268978744e+00
2.4300000000e+01   -5.9001201931e+00
2.4320000000e+01   -5.4674123660e+00
2.4340000000e+01   -5.8000959697e+00
2.4360000000e+01   -5.6808995997e+00
2.4380000000e+01   -5.4786203681e+00
2.4400000000e+01   -6.1634590193e+00
2.4420000000e+01   -5.5611192058e+00
2.4440000000e+01   -5.5263028506e+00
2.4460000000e+01   -6.5794615383e+00
2.4480000000e+01   -5.4956823898e+00
2.4500000000e+01   -5.6198006750e+00
2.4520000000e+01   -5.9242800024e+00
2.4540000000e+01   -5.4696914608e+00
2.4560000000e+01   -5.7857588524e+00
2.4580000000e+01   -5.6940322650e+00
2.4600000000e+01   -5.4784345502e+00
2.4620000000e+01   -6.1251870249e+00
2.4640000000e+01   -5.5692937379e+00
2.4660000000e+01   -5.5233195165e+00
2.4680000000e+01   -6.7097565499e+00
2.4700000000e+01   -5.5006516723e+00
2.4720000000e+01   -5.6129888848e+00
2.4740000000e+01   -5.9497819784e+00
2.4760000000e+01   -5.4720835353e+00
2.4780000000e+01   -5.7721015671e+00
2.4800000000e+01   -5.7075895773e+00
2.4820000000e+01   -5.4783685534e+00
2.4840000000e+01   -6.0903874218e+00
2.4860000000e+01   -5.5776809671e+00
2.4880000000e+01   -5.5204968019e+00
2.4900000000e+01   -6.8951541589e+00
2.4920000000e+01   -5.5057596910e+00
2.4940000000e+01   -5.6064495334e+00
2.4960000000e+01   -5.9767889433e+00
2.4980000000e+01   -5.4745897398e+00
2.5000000000e+01   -5.7590738937e+00
2.5020000000e+01   -5.7215990233e+00
2.5040000000e+01   -5.4784215292e+00
2.5060000000e+01   -6.0585124759e+00
2.5080000000e+01   -5.5862897575e+00
2.5100000000e+01   -5.5178307995e+00
2.5120000000e+01   -7.2219729047e+00
2.5140000000e+01   -5.5110099567e+00
2.5160000000e+01   -5.6001709610e+00
2.5180000000e+01   -6.0054959842e+00
2.5200000000e+01   -5.4772111141e+00
2.5220000000e+01   -5.7466315296e+00
2.5240000000e+01   -5.7360912575e+00
2.5260000000e+01   -5.4785925447e+00
2.5280000000e+01   -6.0291355057e+00
2.5300000000e+01   -5.5951298624e+00
2.5320000000e+01   -5.5153176548e+00
2.5340000000e+01   -8.1627034580e+00
2.5360000000e+01   -5.5164064133e+00
2.5380000000e+01   -5.5941421312e+00
2.5400000000e+01   -6.0361378823e+00
2.5420000000e+01   -5.4799490078e+00
2.5440000000e+01   -5.7347345221e+00
2.5460000000e+01   -5.7510998008e+00
2.5480000000e+01   -5.4788809765e+00
2.5500000000e+01   -6.0019165449e+00
2.5520000000e+01   -5.6042115021e+00
2.5540000000e+01   -5.5129539592e+00
2.5560000000e+01   -7.1350564446e+00
2.5580000000e+01   -5.5219530690e+00
2.5600000000e+01   -5.5883530209e+00
2.5620000000e+01   -6.0690021851e+00
2.5640000000e+01   -5.4828047477e+00
2.5660000000e+01   -5.7233472644e+00
2.5680000000e+01   -5.7666620747e+00
2.5700000000e+01   -5.4792861893e+00
2.5720000000e+01   -5.9765812102e+00
2.5740000000e+01   -5.6135458215e+00
2.5760000000e+01   -5.5107364079e+00
2.5780000000e+01   -6.8563236047e+00
2.5800000000e+01   -5.5276543219e+00
2.5820000000e+01   -5.5827941791e+00
2.5840000000e+01   -6.1044450264e+00
2.5860000000e+01   -5.4857799115e+00
2.5880000000e+01   -5.7124374785e+00
2.5900000000e+01   -5.7828194780e+00
2.5920000000e+01   -5.4798077879e+00
2.5940000000e+01   -5.9529042133e+00
2.5960000000e+01   -5.6231446444e+00
2.5980000000e+01   -5.5086620443e+00
2.6000000000e+01   -6.6888928276e+00
2.6020000000e+01   -5.5335147266e+00
2.6040000000e+01   -5.5774569551e+00
2.6060000000e+01   -6.1429160172e+00
2.6080000000e+01   -5.4888761152e+00
2.6100000000e+01   -5.7019761482e+00
2.6120000000e+01   -5.7996184324e+00
2.6140000000e+01   -5.4804454116e+00
2.6160000000e+01   -5.9306988208e+00
2.6180000000e+01   -5.6330208155e+00
2.6200000000e+01   -5.5067280420e+00
2.6220000000e+01   -6.5690805813e+00
2.6240000000e+01   -5.5395392141e+00
2.6260000000e+01   -5.5723332139e+00
2.6280000000e+01   -6.1849931408e+00
2.6300000000e+01   -5.4920951905e+00
2.6320000000e+01   -5.6919368494e+00
2.6340000000e+01   -5.8171108534e+00
2.6360000000e+01   -5.4811988932e+00
2.6380000000e+01   -5.9098081685e+00
2.6400000000e+01   -5.6431880858e+00
2.6420000000e+01   -5.5049318533e+00
2.6440000000e+01   -6.4758626894e+00
2.6460000000e+01   -5.5457329535e+00
2.6480000000e+01   -5.5674154620e+00
2.6500000000e+01   -6.2314377493e+00
2.6520000000e+01   -5.4954390551e+00
2.6540000000e+01   -5.6822956501e+00
2.6560000000e+01   -5.8353553641e+00
2.6580000000e+01   -5.4820681333e+00
2.6600000000e+01   -5.8900995048e+00
2.6620000000e+01   -5.6536613822e+00
2.6640000000e+01   -5.5032710760e+00
2.6660000000e+01   -6.3996513374e+00
2.6680000000e+01   -5.5521014970e+00
2.6700000000e+01   -5.5626966701e+00
2.6720000000e+01   -6.2832806738e+00
2.6740000000e+01   -5.4989098204e+00
2.6760000000e+01   -5.6730306720e+00
2.6780000000e+01   -5.8544182646e+00
2.6800000000e+01   -5.4830531918e+00
2.6820000000e+01   -5.8714593031e+00
2.6840000000e+01   -5.6644568046e+00
2.6860000000e+01   -5.5017435327e+00
2.6880000000e+01   -6.3352603013e+00
2.6900000000e+01   -5.5586507150e+00
2.6920000000e+01   -5.5581703270e+00
2.6940000000e+01   -6.3419673376e+00
2.6960000000e+01   -5.5025097250e+00
2.6980000000e+01   -5.6641219669e+00
2.7000000000e+01   -5.8743751178e+00
2.7020000000e+01   -5.4841542229e+00
2.7040000000e+01   -5.8537898632e+00
2.7060000000e+01   -5.6755918501e+00
2.7080000000e+01   -5.5003472018e+00
2.7100000000e+01   -6.2795652847e+00
2.7120000000e+01   -5.5653868846e+00
2.7140000000e+01   -5.5538303412e+00
2.7160000000e+01   -6.4096145662e+00
2.7180000000e+01   -5.5062411902e+00
2.7200000000e+01   -5.6555512407e+00
2.7220000000e+01   -5.8953124424e+00
2.7240000000e+01   -5.4853715158e+00
2.7260000000e+01   -5.8370064304e+00
2.7280000000e+01   -5.6870855154e+00
2.7300000000e+01   -5.4990802455e+00
2.7320000000e+01   -6.2305376279e+00
2.7340000000e+01   -5.5723166836e+00
2.7360000000e+01   -5.5496710440e+00
2.7380000000e+01   -6.4895044237e+00
2.7400000000e+01   -5.5101067995e+00
2.7420000000e+01   -5.6473017150e+00
2.7440000000e+01   -5.9173300144e+00
2.7460000000e+01   -5.4867054725e+00
2.7480000000e+01   -5.8210350551e+00
2.7500000000e+01   -5.6989585064e+00
2.7520000000e+01   -5.4979409848e+00
2.7540000000e+01   -6.1867853250e+00
2.7560000000e+01   -5.5794472423e+00
2.7580000000e+01   -5.5456871429e+00
2.7600000000e+01   -6.5871358636e+00
2.7620000000e+01   -5.5141093206e+00
2.7640000000e+01   -5.6393579563e+00
2.7660000000e+01   -5.9405436952e+00
2.7680000000e+01   -5.4881566180e+00
2.7700000000e+01   -5.8058108247e+00
2.7720000000e+01   -5.7112334362e+00
2.7740000000e+01   -5.4969278982e+00
2.7760000000e+01   -6.1473116889e+00
2.7780000000e+01   -5.5867861758e+00
2.7800000000e+01   -5.5418736986e+00
2.7820000000e+01   -6.7128193836e+00
2.7840000000e+01   -5.5182517129e+00
2.7860000000e+01   -5.6317057419e+00
2.7880000000e+01   -5.9650890925e+00
2.7900000000e+01   -5.4897256019e+00
2.7920000000e+01   -5.7912764527e+00
2.7940000000e+01   -5.7239350614e+00
2.7960000000e+01   -5.4960396197e+00
2.7980000000e+01   -6.1113785330e+00
2.8000000000e+01   -5.5943416199e+00
2.8020000000e+01   -5.5382261077e+00
2.8040000000e+01   -6.8897101388e+00
2.8060000000e+01   -5.5225371305e+00
2.8080000000e+01   -5.6243319528e+00
2.8100000000e+01   -5.9911263515e+00
2.8120000000e+01   -5.4914131909e+00
2.8140000000e+01   -5.7773811551e+00
2.8160000000e+01   -5.7370905797e+00
2.8180000000e+01   -5.4952749222e+00
2.8200000000e+01   -6.0784239121e+00
2.8220000000e+01   -5.6021222925e+00
2.8240000000e+01   -5.5347400652e+00
2.8260000000e+01   -7.1917500253e+00
2.8280000000e+01   -5.5269689489e+00
2.8300000000e+01   -5.6172244489e+00
2.8320000000e+01   -6.0188464080e+00
2.8340000000e+01   -5.4932202866e+00
2.8360000000e+01   -5.7640796798e+00
2.8380000000e+01   -5.7507299301e+00
2.8400000000e+01   -5.4946327301e+00
2.8420000000e+01   -6.0480100940e+00
2.8440000000e+01   -5.6101375229e+00
2.8460000000e+01   -5.5314115657e+00
2.8480000000e+01   -1.0036144819e+01
2.8500000000e+01   -5.5315507580e+00
2.8520000000e+01   -5.6103720031e+00
2.8540000000e+01   -6.0484795049e+00
2.8560000000e+01   -5.4951479085e+00
2.8580000000e+01   -5.7513315711e+00
2.8600000000e+01   -5.7648862099e+00
2.8620000000e+01   -5.4941120954e+00
2.8640000000e+01   -6.0197895251e+00
2.8660000000e+01   -5.6183973343e+00
2.8680000000e+01   -5.5282368629e+00
2.8700000000e+01   -7.1919145412e+00
2.8720000000e+01   -5.5362863965e+00
2.8740000000e+01   -5.6037641932e+00
2.8760000000e+01   -6.0803067053e+00
2.8780000000e+01   -5.4971972168e+00
2.8800000000e+01   -5.7391004893e+00
2.8820000000e+01   -5.7795960949e+00
2.8840000000e+01   -5.4937122138e+00
2.8860000000e+01   -5.9934816025e+00
2.8880000000e+01   -5.6269124837e+00
2.8900000000e+01   -5.5252124744e+00
2.8920000000e+01   -6.8919039192e+00
2.8940000000e+01   -5.5411799473e+00
2.8960000000e+01   -5.5973913552e+00
2.8980000000e+01   -6.1146761363e+00
2.9000000000e+01   -5.4993694967e+00
2.9020000000e+01   -5.7273537054e+00
2.9040000000e+01   -5.7949004122e+00
2.9060000000e+01   -5.4934324032e+00
2.9080000000e+01   -5.9688565715e+00
2.9100000000e+01   -5.6356945582e+00
2.9120000000e+01   -5.5223351477e+00
2.9140000000e+01   -6.7166289187e+00
2.9160000000e+01   -5.5462357734e+00
2.9180000000e+01   -5.5912444953e+00
2.9200000000e+01   -6.1520261001e+00
2.9220000000e+01   -5.5016661808e+00
2.9240000000e+01   -5.7160616166e+00
2.9260000000e+01   -5.8108447498e+00
2.9280000000e+01   -5.4932721191e+00
2.9300000000e+01   -5.9457239018e+00
2.9320000000e+01   -5.6447560325e+00
2.9340000000e+01   -5.5196018648e+00
2.9360000000e+01   -6.5924585286e+00
2.9380000000e+01   -5.5514585166e+00
2.9400000000e+01   -5.5853152557e+00
2.9420000000e+01   -6.1929192953e+00
2.9440000000e+01   -5.5040888347e+00
2.9460000000e+01   -5.7051973932e+00
2.9480000000e+01   -5.8274802678e+00
2.9500000000e+01   -5.4932309338e+00
2.9520000000e+01   -5.9239238922e+00
2.9540000000e+01   -5.6541103871e+00
2.9560000000e+01   -5.5170098110e+00
2.9580000000e+01   -6.4963002349e+00
2.9600000000e+01   -5.5568531389e+00
2.9620000000e+01   -5.5795958396e+00
2.9640000000e+01   -6.2380947409e+00
2.9660000000e+01   -5.5066391820e+00
2.9680000000e+01   -5.6947366180e+00
2.9700000000e+01   -5.8448645947e+00
2.9720000000e+01   -5.4933085558e+00
2.9740000000e+01   -5.9033213179e+00
2.9760000000e+01   -5.6637721830e+00
2.9780000000e+01   -5.5145563852e+00
2.9800000000e+01   -6.4178645155e+00
2.9820000000e+01   -5.5624249208e+00
2.9840000000e+01   -5.5740789921e+00
2.9860000000e+01   -6.2885502948e+00
2.9880000000e+01   -5.5093190871e+00
2.9900000000e+01   -5.6846570447e+00
2.9920000000e+01   -5.8630630215e+00
2.9940000000e+01   -5.4935048040e+00
2.9960000000e+01   -5.8838007329e+00
2.9980000000e+01   -5.6737572157e+00
3.0000000000e+01   -5.5122391645e+00
3.0020000000e+01   -6.3516617158e+00
3.0040000000e+01   -5.5681795142e+00
3.0060000000e+01   -5.5687579276e+00
3.0080000000e+01   -6.3456794977e+00
3.0100000000e+01   -5.5121305887e+00
3.0120000000e+01   -5.6749383130e+00
3.0140000000e+01   -5.8821498497e+00
3.0160000000e+01   -5.4938196360e+00
3.0180000000e+01   -5.8652627357e+00
3.0200000000e+01   -5.6840826074e+00
3.0220000000e+01   -5.5100559258e+00
3.0240000000e+01   -6.2944145140e+00
3.0260000000e+01   -5.5741229342e+00
3.0280000000e+01   -5.5636263308e+00
3.0300000000e+01   -6.4115134252e+00
3.0320000000e+01   -5.5150758726e+00
3.0340000000e+01   -5.6655617936e+00
3.0360000000e+01   -5.9022102188e+00
3.0380000000e+01   -5.4942531125e+00
3.0400000000e+01   -5.8476212077e+00
3.0420000000e+01   -5.6947670161e+00
3.0440000000e+01   -5.5080045989e+00
3.0460000000e+01   -6.2440089472e+00
3.0480000000e+01   -5.5802616344e+00
3.0500000000e+01   -5.5586782762e+00
3.0520000000e+01   -6.4891802992e+00
3.0540000000e+01   -5.5181573226e+00
3.0560000000e+01   -5.6565103432e+00
3.0580000000e+01   -5.9233421956e+00
3.0600000000e+01   -5.4948054417e+00
3.0620000000e+01   -5.8308009617e+00
3.0640000000e+01   -5.7058307423e+00
3.0660000000e+01   -5.5060833080e+00
3.0680000000e+01   -6.1990014101e+00
3.0700000000e+01   -5.5866024810e+00
3.0720000000e+01   -5.5539082574e+00
3.0740000000e+01   -6.5838738462e+00
3.0760000000e+01   -5.5213774731e+00
3.0780000000e+01   -5.6477682293e+00
3.0800000000e+01   -5.9456596964e+00
3.0820000000e+01   -5.4954769228e+00
3.0840000000e+01   -5.8147360852e+00
3.0860000000e+01   -5.7172960281e+00
3.0880000000e+01   -5.5042903026e+00
3.0900000000e+01   -6.1583623854e+00
3.0920000000e+01   -5.5931528661e+00
3.0940000000e+01   -5.5493110851e+00
3.0960000000e+01   -6.7051985364e+00
3.0980000000e+01   -5.5247390902e+00
3.1000000000e+01   -5.6393208912e+00
3.1020000000e+01   -5.9692958658e+00
3.1040000000e+01   -5.4962680196e+00
3.1060000000e+01   -5.7993683405e+00
3.1080000000e+01   -5.7291871714e+00
3.1100000000e+01   -5.5026240300e+00
3.1120000000e+01   -6.1213315211e+00
3.1140000000e+01   -5.5999206506e+00
3.1160000000e+01   -5.5448819557e+00
3.1180000000e+01   -6.8742261700e+00
3.1200000000e+01   -5.5282450912e+00
3.1220000000e+01   -5.6311549442e+00
3.1240000000e+01   -5.9944079604e+00
3.1260000000e+01   -5.4971792714e+00
3.1280000000e+01   -5.7846461894e+00
3.1300000000e+01   -5.7415309566e+00
3.1320000000e+01   -5.5010830332e+00
3.1340000000e+01   -6.0873316187e+00
3.1360000000e+01   -5.6069143316e+00
3.1380000000e+01   -5.5406163162e+00
3.1400000000e+01   -7.1548598384e+00
3.1420000000e+01   -5.5318986662e+00
3.1440000000e+01   -5.6232579280e+00
3.1460000000e+01   -6.0211831545e+00
3.1480000000e+01   -5.4982114032e+00
3.1500000000e+01   -5.7705236145e+00
3.1520000000e+01   -5.7543567883e+00
3.1540000000e+01   -5.4996660605e+00
3.1560000000e+01   -6.0559137938e+00
3.1580000000e+01   -5.6141429466e+00
3.1600000000e+01   -5.5365099756e+00
3.1620000000e+01   -8.1935254937e+00
3.1640000000e+01   -5.5357031601e+00
3.1660000000e+01   -5.6156183807e+00
3.1680000000e+01   -6.0498471243e+00
3.1700000000e+01   -5.4993652013e+00
3.1720000000e+01   -5.7569595803e+00
3.1740000000e+01   -5.7676972937e+00
3.1760000000e+01   -5.4983719289e+00
3.1780000000e+01   -6.0267224621e+00
3.1800000000e+01   -5.6216163032e+00
3.1820000000e+01   -5.5325589354e+00
3.1840000000e+01   -7.2424893162e+00
3.1860000000e+01   -5.5396622384e+00
3.1880000000e+01   -5.6082255655e+00
3.1900000000e+01   -6.0806747744e+00
3.1920000000e+01   -5.5006416632e+00
3.1940000000e+01   -5.7439170972e+00
3.1960000000e+01   -5.7815885000e+00
3.1980000000e+01   -5.4971996736e+00
3.2000000000e+01   -5.9994707103e+00
3.2020000000e+01   -5.6293448375e+00
3.2040000000e+01   -5.5287595476e+00
3.2060000000e+01   -6.9177536498e+00
3.2080000000e+01   -5.5437797226e+00
3.2100000000e+01   -5.6010696176e+00
3.2120000000e+01   -6.1140064524e+00
3.2140000000e+01   -5.5020418276e+00
3.2160000000e+01   -5.7313629917e+00
3.2180000000e+01   -5.7960706896e+00
3.2200000000e+01   -5.4961483650e+00
3.2220000000e+01   -5.9739241788e+00
3.2240000000e+01   -5.6373399311e+00
3.2260000000e+01   -5.5251082955e+00
3.2280000000e+01   -6.7340089977e+00
3.2300000000e+01   -5.5480598196e+00
3.2320000000e+01   -5.5941412239e+00
3.2340000000e+01   -6.1502695106e+00
3.2360000000e+01   -5.5035669825e+00
3.2380000000e+01   -5.7192670803e+00
3.2400000000e+01   -5.8111886357e+00
3.2420000000e+01   -5.4952173175e+00
3.2440000000e+01   -5.9498884098e+00
3.2460000000e+01   -5.6456136977e+00
3.2480000000e+01   -5.5216020182e+00
3.2500000000e+01   -6.6052734034e+00
3.2520000000e+01   -5.5525068871e+00
3.2540000000e+01   -5.5874318600e+00
3.2560000000e+01   -6.1900120370e+00
3.2580000000e+01   -5.5052184289e+00
3.2600000000e+01   -5.7076021955e+00
3.2620000000e+01   -5.8269928435e+00
3.2640000000e+01   -5.4944058389e+00
3.2660000000e+01   -5.9272008997e+00
3.2680000000e+01   -5.6541794252e+00
3.2700000000e+01   -5.5182376202e+00
3.2720000000e+01   -6.5060885555e+00
3.2740000000e+01   -5.5571257533e+00
3.2760000000e+01   -5.5809333973e+00
3.2780000000e+01   -6.2339513751e+00
3.2800000000e+01   -5.5069977687e+00
3.2820000000e+01   -5.6963433758e+00
3.2840000000e+01   -5.8435398815e+00
3.2860000000e+01   -5.4937135207e+00
3.2880000000e+01   -5.9057237603e+00
3.2900000000e+01   -5.6630512555e+00
3.2920000000e+01   -5.5150123860e+00
3.2940000000e+01   -6.4253883628e+00
3.2960000000e+01   -5.5619213792e+00
3.2980000000e+01   -5.5746384546e+00
3.3000000000e+01   -6.2830541831e+00
3.3020000000e+01   -5.5089065721e+00
3.3040000000e+01   -5.6854681351e+00
3.3060000000e+01   -5.8608942313e+00
3.3080000000e+01   -5.4931398888e+00
3.3100000000e+01   -5.8853397950e+00
3.3120000000e+01   -5.6722448188e+00
3.3140000000e+01   -5.5119235820e+00
3.3160000000e+01   -6.3573548671e+00
3.3180000000e+01   -5.5668993199e+00
3.3200000000e+01   -5.5685398840e+00
3.3220000000e+01   -6.3386640438e+00
3.3240000000e+01   -5.5109467935e+00
3.3260000000e+01   -5.6749555666e+00
3.3280000000e+01   -5.8791287485e+00
3.3300000000e+01   -5.4926848231e+00
3.3320000000e+01   -5.8659476199e+00
3.3340000000e+01   -5.6817767250e+00
3.3360000000e+01   -5.5089689144e+00
3.3380000000e+01   -6.2985460590e+00
3.3400000000e+01   -5.5720652126e+00
3.3420000000e+01   -5.5626313014e+00
3.3440000000e+01   -6.4027317109e+00
3.3460000000e+01   -5.5131202742e+00
3.3480000000e+01   -5.6647869088e+00
3.3500000000e+01   -5.8983275443e+00
3.3520000000e+01   -5.4923480417e+00
3.3540000000e+01   -5.8474600547e+00
3.3560000000e+01   -5.6916655215e+00
3.3580000000e+01   -5.5061459509e+00
3.3600000000e+01   -6.2467584346e+00
3.3620000000e+01   -5.5774254763e+00
3.3640000000e+01   -5.5569063632e+00
3.3660000000e+01   -6.4782399147e+00
3.3680000000e+01   -5.5154293743e+00
3.3700000000e+01   -5.6549444274e+00
3.3720000000e+01   -5.9185866202e+00
3.3740000000e+01   -5.4921297368e+00
3.3760000000e+01   -5.8298002736e+00
3.3780000000e+01   -5.7019308511e+00
3.3800000000e+01   -5.5034528128e+00
3.3820000000e+01   -6.2004929655e+00
3.3840000000e+01   -5.5829865051e+00
3.3860000000e+01   -5.5513595774e+00
3.3880000000e+01   -6.5701013657e+00
3.3900000000e+01   -5.5178762032e+00
3.3920000000e+01   -5.6454123885e+00
3.3940000000e+01   -5.9400185339e+00
3.3960000000e+01   -5.4920297870e+00
3.3980000000e+01   -5.8129018176e+00
3.4000000000e+01   -5.7125949438e+00
3.4020000000e+01   -5.5008873047e+00
3.4040000000e+01   -6.1586869207e+00
3.4060000000e+01   -5.5887557591e+00
3.4080000000e+01   -5.5459852447e+00
3.4100000000e+01   -6.6872756784e+00
3.4120000000e+01   -5.5204635993e+00
3.4140000000e+01   -5.6361755443e+00
3.4160000000e+01   -5.9627533347e+00
3.4180000000e+01   -5.4920487359e+00
3.4200000000e+01   -5.7967049286e+00
3.4220000000e+01   -5.7236812091e+00
3.4240000000e+01   -5.4984479751e+00
3.4260000000e+01   -6.1205554767e+00
3.4280000000e+01   -5.5947404767e+00
3.4300000000e+01   -5.5407786996e+00
3.4320000000e+01   -6.8490039672e+00
3.4340000000e+01   -5.5231939255e+00
3.4360000000e+01   -5.6272206850e+00
3.4380000000e+01   -5.9869463962e+00
3.4400000000e+01   -5.4921865774e+00
3.4420000000e+01   -5.7811579815e+00
3.4440000000e+01   -5.7352166005e+00
3.4460000000e+01   -5.4961327906e+00
3.4480000000e+01   -6.0855071265e+00
3.4500000000e+01   -5.6009493939e+00
3.4520000000e+01   -5.5357347311e+00
3.4540000000e+01   -7.1109604510e+00
3.4560000000e+01   -5.5260706018e+00
3.4580000000e+01   -5.6185344919e+00
3.4600000000e+01   -6.0127800034e+00
3.4620000000e+01   -5.4924442710e+00
3.4640000000e+01   -5.7662133607e+00
3.4660000000e+01   -5.7472292575e+00
3.4680000000e+01   -5.4939407654e+00
3.4700000000e+01   -6.0530796325e+00
3.4720000000e+01   -5.6073906800e+00
3.4740000000e+01   -5.5308494777e+00
3.4760000000e+01   -7.8833630525e+00
3.4780000000e+01   -5.5290962091e+00
3.4800000000e+01   -5.6101059311e+00
3.4820000000e+01   -6.0404770401e+00
3.4840000000e+01   -5.4928218569e+00
3.4860000000e+01   -5.7518304392e+00
3.4880000000e+01   -5.7597522993e+00
3.4900000000e+01   -5.4918699315e+00
3.4920000000e+01   -6.0229111907e+00
3.4940000000e+01   -5.6140746658e+00
3.4960000000e+01   -5.5261180495e+00
3.4980000000e+01   -7.2879119148e+00
3.5000000000e+01   -5.5322748955e+00
3.5020000000e+01   -5.6019231323e+00
3.5040000000e+01   -6.0703042524e+00
3.5060000000e+01   -5.4933208112e+00
3.5080000000e+01   -5.7379703575e+00
3.5100000000e+01   -5.7728198820e+00
3.5120000000e+01   -5.4899198445e+00
3.5140000000e+01   -5.9947059479e+00
3.5160000000e+01   -5.6210105278e+00
3.5180000000e+01   -5.5215374168e+00
3.5200000000e+01   -6.9340659655e+00
3.5220000000e+01   -5.5356093907e+00
3.5240000000e+01   -5.5939770236e+00
3.5260000000e+01   -6.1025973843e+00
3.5280000000e+01   -5.4939411167e+00
3.5300000000e+01   -5.7246009461e+00
3.5320000000e+01   -5.7864733301e+00
3.5340000000e+01   -5.4880884711e+00
3.5360000000e+01   -5.9682276348e+00
3.5380000000e+01   -5.6282106280e+00
3.5400000000e+01   -5.5171028180e+00
3.5420000000e+01   -6.7411334114e+00
3.5440000000e+01   -5.5391047811e+00
3.5460000000e+01   -5.5862567377e+00
3.5480000000e+01   -6.1377692869e+00
3.5500000000e+01   -5.4946849171e+00
3.5520000000e+01   -5.7116896565e+00
3.5540000000e+01   -5.8007545671e+00
3.5560000000e+01   -5.4863760351e+00
3.5580000000e+01   -5.9432744174e+00
3.5600000000e+01   -5.6356852004e+00
3.5620000000e+01   -5.5128121454e+00
3.5640000000e+01   -6.6075754354e+00
3.5660000000e+01   -5.5427638187e+00
3.5680000000e+01   -5.5787550793e+00
3.5700000000e+01   -6.1763593138e+00
3.5720000000e+01   -5.4955519762e+00
3.5740000000e+01   -5.6992111155e+00
3.5760000000e+01   -5.8157160827e+00
3.5780000000e+01   -5.4847802499e+00
3.5800000000e+01   -5.9196848354e+00
3.5820000000e+01   -5.6434492551e+00
3.5840000000e+01   -5.5086605183e+00
3.5860000000e+01   -6.5052461137e+00
3.5880000000e+01   -5.5465928413e+00
3.5900000000e+01   -5.5714617234e+00
3.5920000000e+01   -6.2190567618e+00
3.5940000000e+01   -5.4965453430e+00
3.5960000000e+01   -5.6871371923e+00
3.5980000000e+01   -5.8314099845e+00
3.6000000000e+01   -5.4833022186e+00
3.6020000000e+01   -5.8973136160e+00
3.6040000000e+01   -5.6515140588e+00
3.6060000000e+01   -5.5046469383e+00
3.6080000000e+01   -6.4222009013e+00
3.6100000000e+01   -5.5505943932e+00
3.6120000000e+01   -5.5643714184e+00
3.6140000000e+01   -6.2668084788e+00
3.6160000000e+01   -5.4976643013e+00
3.6180000000e+01   -5.6754483038e+00
3.6200000000e+01   -5.8479043524e+00
3.6220000000e+01   -5.4819391170e+00
3.6240000000e+01   -5.8760472496e+00
3.6260000000e+01   -5.6598981682e+00
3.6280000000e+01   -5.5007660633e+00
3.6300000000e+01   -6.3522874962e+00
3.6320000000e+01   -5.5547765372e+00
3.6340000000e+01   -5.5574738504e+00
3.6360000000e+01   -6.3208967439e+00
3.6380000000e+01   -5.4989131731e+00
3.6400000000e+01   -5.6641191396e+00
3.6420000000e+01   -5.8652649123e+00
3.6440000000e+01   -5.4806932622e+00
3.6460000000e+01   -5.8557757982e+00
3.6480000000e+01   -5.6686137235e+00
3.6500000000e+01   -5.4970183241e+00
3.6520000000e+01   -6.2918662509e+00
3.6540000000e+01   -5.5591412182e+00
3.6560000000e+01   -5.5507659587e+00
3.6580000000e+01   -6.3832160152e+00
3.6600000000e+01   -5.5002903507e+00
3.6620000000e+01   -5.6531354326e+00
3.6640000000e+01   -5.8835821309e+00
3.6660000000e+01   -5.4795608628e+00
3.6680000000e+01   -5.8364187064e+00
3.6700000000e+01   -5.6776841507e+00
3.6720000000e+01   -5.4933974287e+00
3.6740000000e+01   -6.2386622661e+00
3.6760000000e+01   -5.5636989439e+00
3.6780000000e+01   -5.5442367726e+00
3.6800000000e+01   -6.4565849824e+00
3.6820000000e+01   -5.5018019999e+00
3.6840000000e+01   -5.6424731855e+00
3.6860000000e+01   -5.9029403902e+00
3.6880000000e+01   -5.4785459775e+00
3.6900000000e+01   -5.8178882553e+00
3.6920000000e+01   -5.6871220480e+00
3.6940000000e+01   -5.4899057612e+00
3.6960000000e+01   -6.1910927769e+00
3.6980000000e+01   -5.5684503956e+00
3.7000000000e+01   -5.5378859216e+00
3.7020000000e+01   -6.5456977135e+00
3.7040000000e+01   -5.5034449642e+00
3.7060000000e+01   -5.6321234926e+00
3.7080000000e+01   -5.9234633710e+00
3.7100000000e+01   -5.4776431821e+00
3.7120000000e+01   -5.8001283745e+00
3.7140000000e+01   -5.6969577141e+00
3.7160000000e+01   -5.4865353515e+00
3.7180000000e+01   -6.1480886295e+00
3.7200000000e+01   -5.5734096429e+00
3.7220000000e+01   -5.5317008655e+00
3.7240000000e+01   -6.6588654811e+00
3.7260000000e+01   -5.5052281453e+00
3.7280000000e+01   -5.6220620467e+00
3.7300000000e+01   -5.9452618077e+00
3.7320000000e+01   -5.4768591053e+00
3.7340000000e+01   -5.7830646165e+00
3.7360000000e+01   -5.7072033236e+00
3.7380000000e+01   -5.4832913707e+00
3.7400000000e+01   -6.1088077472e+00
3.7420000000e+01   -5.5785749963e+00
3.7440000000e+01   -5.5256847822e+00
3.7460000000e+01   -6.8138178032e+00
3.7480000000e+01   -5.5071457918e+00
3.7500000000e+01   -5.6122859266e+00
3.7520000000e+01   -5.9685105173e+00
3.7540000000e+01   -5.4761856590e+00
3.7560000000e+01   -5.7666609308e+00
3.7580000000e+01   -5.7178991322e+00
3.7600000000e+01   -5.4801630745e+00
3.7620000000e+01   -6.0726797817e+00
3.7640000000e+01   -5.5839658276e+00
3.7660000000e+01   -5.5198222634e+00
3.7680000000e+01   -7.0592496308e+00
3.7700000000e+01   -5.5092109353e+00
3.7720000000e+01   -5.6027685623e+00
3.7740000000e+01   -5.9933590443e+00
3.7760000000e+01   -5.4756333310e+00
3.7780000000e+01   -5.7508492308e+00
3.7800000000e+01   -5.7290551930e+00
3.7820000000e+01   -5.4771597214e+00
3.7840000000e+01   -6.0391875145e+00
3.7860000000e+01   -5.5895762525e+00
3.7880000000e+01   -5.5141214154e+00
3.7900000000e+01   -7.6899964960e+00
3.7920000000e+01   -5.5114135725e+00
3.7940000000e+01   -5.5935143598e+00
3.7960000000e+01   -6.0200643887e+00
3.7980000000e+01   -5.4751897727e+00
3.8000000000e+01   -5.7356118464e+00
3.8020000000e+01   -5.7407265407e+00
3.8040000000e+01   -5.4742661304e+00
3.8060000000e+01   -6.0080100245e+00
3.8080000000e+01   -5.5954336756e+00
3.8100000000e+01   -5.5085620629e+00
3.8120000000e+01   -7.3292642035e+00
3.8140000000e+01   -5.5137730432e+00
3.8160000000e+01   -5.5844919214e+00
3.8180000000e+01   -6.0488366131e+00
3.8200000000e+01   -5.4748713346e+00
3.8220000000e+01   -5.7208808334e+00
3.8240000000e+01   -5.7529179853e+00
3.8260000000e+01   -5.4714976620e+00
3.8280000000e+01   -5.9787874715e+00
3.8300000000e+01   -5.6015250299e+00
3.8320000000e+01   -5.5031594001e+00
3.8340000000e+01   -6.9404054376e+00
3.8360000000e+01   -5.5162724672e+00
3.8380000000e+01   -5.5757153086e+00
3.8400000000e+01   -6.0800718365e+00
3.8420000000e+01   -5.4746589247e+00
3.8440000000e+01   -5.7066576754e+00
3.8460000000e+01   -5.7657070126e+00
3.8480000000e+01   -5.4688321586e+00
3.8500000000e+01   -5.9513452428e+00
3.8520000000e+01   -5.6078900698e+00
3.8540000000e+01   -5.4978856559e+00
3.8560000000e+01   -6.7376020849e+00
3.8580000000e+01   -5.5189409111e+00
3.8600000000e+01   -5.5671447209e+00
3.8620000000e+01   -6.1140822264e+00
3.8640000000e+01   -5.4745778745e+00
3.8660000000e+01   -5.6928679898e+00
3.8680000000e+01   -5.7790875746e+00
3.8700000000e+01   -5.4662941967e+00
3.8720000000e+01   -5.9253995626e+00
3.8740000000e+01   -5.6145036581e+00
3.8760000000e+01   -5.4927664524e+00
3.8780000000e+01   -6.5988006771e+00
3.8800000000e+01   -5.5217504555e+00
3.8820000000e+01   -5.5588076180e+00
3.8840000000e+01   -6.1515153984e+00
3.8860000000e+01   -5.4745984820e+00
3.8880000000e+01   -5.6795356938e+00
3.8900000000e+01   -5.7931720198e+00
3.8920000000e+01   -5.4638507449e+00
3.8940000000e+01   -5.9008771133e+00
3.8960000000e+01   -5.6214247759e+00
3.8980000000e+01   -5.4877621632e+00
3.9000000000e+01   -6.4932810778e+00
3.9020000000e+01   -5.5247452741e+00
3.9040000000e+01   -5.5506506347e+00
3.9060000000e+01   -6.1928756608e+00
3.9080000000e+01   -5.4747599166e+00
3.9100000000e+01   -5.6665719951e+00
3.9120000000e+01   -5.8079334728e+00
3.9140000000e+01   -5.4615404050e+00
3.9160000000e+01   -5.8775225674e+00
3.9180000000e+01   -5.6286082272e+00
3.9200000000e+01   -5.4829139705e+00
3.9220000000e+01   -6.4076614256e+00
3.9240000000e+01   -5.5278798042e+00
3.9260000000e+01   -5.5427204510e+00
3.9280000000e+01   -6.2393073586e+00
3.9300000000e+01   -5.4750158360e+00
3.9320000000e+01   -5.6540295763e+00
3.9340000000e+01   -5.8235395472e+00
3.9360000000e+01   -5.4593132771e+00
3.9380000000e+01   -5.8553469588e+00
3.9400000000e+01   -5.6361432350e+00
3.9420000000e+01   -5.4781639414e+00
3.9440000000e+01   -6.3358946782e+00
3.9460000000e+01   -5.5312218153e+00
3.9480000000e+01   -5.5349425349e+00
3.9500000000e+01   -6.2917354259e+00
3.9520000000e+01   -5.4754268181e+00
3.9540000000e+01   -5.6417946501e+00
3.9560000000e+01   -5.8399249366e+00
3.9580000000e+01   -5.4572294119e+00
3.9600000000e+01   -5.8340886588e+00
3.9620000000e+01   -5.6439514836e+00
3.9640000000e+01   -5.4735766812e+00
3.9660000000e+01   -6.2736471438e+00
3.9680000000e+01   -5.5346976126e+00
3.9700000000e+01   -5.5273917107e+00
3.9720000000e+01   -6.3524212682e+00
3.9740000000e+01   -5.4759204638e+00
3.9760000000e+01   -5.6299591061e+00
3.9780000000e+01   -5.8573466275e+00
3.9800000000e+01   -5.4552128012e+00
3.9820000000e+01   -5.8138432071e+00
3.9840000000e+01   -5.6521701936e+00
3.9860000000e+01   -5.4690661385e+00
3.9880000000e+01   -6.2190847957e+00
3.9900000000e+01   -5.5384119943e+00
3.9920000000e+01   -5.5199609472e+00
3.9940000000e+01   -6.4234308174e+00
3.9960000000e+01   -5.4765905828e+00
3.9980000000e+01   -5.6183693105e+00
4.0000000000e+01   -5.8756697602e+00
