X    Y
-1.0000000000e+00   -1.0000000000e-03
-9.7961224490e-01   -1.0208120664e-03
-9.5922448980e-01   -1.0425088294e-03
-9.3883673469e-01   -1.0651479252e-03
-9.1844897959e-01   -1.0887921074e-03
-8.9806122449e-01   -1.1135098284e-03
-8.7767346939e-01   -1.1393759011e-03
-8.5728571429e-01   -1.1664722546e-03
-8.3689795918e-01   -1.1948888022e-03
-8.1651020408e-01   -1.2247244370e-03
-7.9612244898e-01   -1.2560881825e-03
-7.7573469388e-01   -1.2891005236e-03
-7.5534693878e-01   -1.3238949530e-03
-7.3495918367e-01   -1.3606197762e-03
-7.1457142857e-01   -1.3994402239e-03
-6.9418367347e-01   -1.4405409378e-03
-6.7379591837e-01   -1.4841289072e-03
-6.5340816327e-01   -1.5304369554e-03
-6.3302040816e-01   -1.5797279000e-03
-6.1263265306e-01   -1.6322995436e-03
-5.9224489796e-01   -1.6884906961e-03
-5.7185714286e-01   -1.7486884837e-03
-5.5146938776e-01   -1.8133372808e-03
-5.3108163265e-01   -1.8829496984e-03
-5.1069387755e-01   -1.9581202046e-03
-4.9030612245e-01   -2.0395421436e-03
-4.6991836735e-01   -2.1280291844e-03
-4.4953061224e-01   -2.2245426068e-03
-4.2914285714e-01   -2.3302263649e-03
-4.0875510204e-01   -2.4464526437e-03
-3.8836734694e-01   -2.5748817657e-03
-3.6797959184e-01   -2.7175420110e-03
-3.4759183673e-01   -2.8769375294e-03
-3.2720408163e-01   -3.0561965946e-03
-3.0681632653e-01   -3.2592789677e-03
-2.8642857143e-01   -3.4912718205e-03
-2.6604081633e-01   -3.7588217245e-03
-2.4565306122e-01   -4.0707817563e-03
-2.2526530612e-01   -4.4392100019e-03
-2.0487755102e-01   -4.8809642395e-03
-1.8448979592e-01   -5.4203539824e-03
-1.6410204082e-01   -6.0937694317e-03
-1.4371428571e-01   -6.9582504971e-03
-1.2332653061e-01   -8.1085553534e-03
-1.0293877551e-01   -9.7145122920e-03
-8.2551020408e-02   -1.2113720643e-02
-6.2163265306e-02   -1.6086671044e-02
-4.1775510204e-02   -2.3937469468e-02
-2.1387755102e-02   -4.6755725191e-02
-1.0000000000e-03   -1.0000000000e+00
1.0000000000e-03   1.0000000000e+00
1.9990000000e-03   5.0025012507e-01
2.9980000000e-03   3.3355570381e-01
3.9970000000e-03   2.5018764073e-01
4.9960000000e-03   2.0016012811e-01
5.9950000000e-03   1.6680567140e-01
6.9940000000e-03   1.4297969689e-01
7.9930000000e-03   1.2510947079e-01
8.9920000000e-03   1.1120996441e-01
9.9910000000e-03   1.0009008107e-01
1.0990000000e-02   9.0991810738e-02
1.1989000000e-02   8.3409792311e-02
1.2988000000e-02   7.6994148446e-02
1.3987000000e-02   7.1494959606e-02
1.4986000000e-02   6.6728947018e-02
1.5985000000e-02   6.2558648734e-02
1.6984000000e-02   5.8878944890e-02
1.7983000000e-02   5.5608074293e-02
1.8982000000e-02   5.2681487726e-02
1.9981000000e-02   5.0047545169e-02
2.0980000000e-02   4.7664442327e-02
2.1979000000e-02   4.5497975341e-02
2.2978000000e-02   4.3519888590e-02
2.3977000000e-02   4.1706635526e-02
2.4976000000e-02   4.0038436900e-02
2.5975000000e-02   3.8498556305e-02
2.6974000000e-02   3.7072736710e-02
2.7973000000e-02   3.5748757731e-02
2.8972000000e-02   3.4516084496e-02
2.9971000000e-02   3.3365586734e-02
3.0970000000e-02   3.2289312238e-02
3.1969000000e-02   3.1280302794e-02
3.2968000000e-02   3.0332443582e-02
3.3967000000e-02   2.9440339153e-02
3.4966000000e-02   2.8599210662e-02
3.5965000000e-02   2.7804810233e-02
3.6964000000e-02   2.7053349205e-02
3.7963000000e-02   2.6341437716e-02
3.8962000000e-02   2.5666033572e-02
3.9961000000e-02   2.5024398789e-02
4.0960000000e-02   2.4414062500e-02
4.1959000000e-02   2.3832789152e-02
4.2958000000e-02   2.3278551143e-02
4.3957000000e-02   2.2749505199e-02
4.4956000000e-02   2.2243971884e-02
4.5955000000e-02   2.1760417800e-02
4.6954000000e-02   2.1297440048e-02
4.7953000000e-02   2.0853752633e-02
4.8952000000e-02   2.0428174539e-02
4.9951000000e-02   2.0019619227e-02
5.0950000000e-02   1.9627085378e-02
5.1949000000e-02   1.9249648694e-02
5.2948000000e-02   1.8886454635e-02
5.3947000000e-02   1.8536711958e-02
5.4946000000e-02   1.8199686966e-02
5.5945000000e-02   1.7874698365e-02
5.6944000000e-02   1.7561112672e-02
5.7943000000e-02   1.7258340093e-02
5.8942000000e-02   1.6965830817e-02
5.9941000000e-02   1.6683071687e-02
6.0940000000e-02   1.6409583197e-02
6.1939000000e-02   1.6144916773e-02
6.2938000000e-02   1.5888652325e-02
6.3937000000e-02   1.5640396015e-02
6.4936000000e-02   1.5399778243e-02
6.5935000000e-02   1.5166451809e-02
6.6934000000e-02   1.4940090238e-02
6.7933000000e-02   1.4720386263e-02
6.8932000000e-02   1.4507050427e-02
6.9931000000e-02   1.4299809813e-02
7.0930000000e-02   1.4098406880e-02
7.1929000000e-02   1.3902598396e-02
7.2928000000e-02   1.3712154454e-02
7.3927000000e-02   1.3526857576e-02
7.4926000000e-02   1.3346501882e-02
7.5925000000e-02   1.3170892328e-02
7.6924000000e-02   1.2999844002e-02
7.7923000000e-02   1.2833181474e-02
7.8922000000e-02   1.2670738197e-02
7.9921000000e-02   1.2512355952e-02
8.0920000000e-02   1.2357884330e-02
8.1919000000e-02   1.2207180264e-02
8.2918000000e-02   1.2060107576e-02
8.3917000000e-02   1.1916536578e-02
8.4916000000e-02   1.1776343681e-02
8.5915000000e-02   1.1639411046e-02
8.6914000000e-02   1.1505626251e-02
8.7913000000e-02   1.1374881986e-02
8.8912000000e-02   1.1247075760e-02
8.9911000000e-02   1.1122109642e-02
9.0910000000e-02   1.0999890001e-02
9.1909000000e-02   1.0880327280e-02
9.2908000000e-02   1.0763335773e-02
9.3907000000e-02   1.0648833420e-02
9.4906000000e-02   1.0536741618e-02
9.5905000000e-02   1.0426985037e-02
9.6904000000e-02   1.0319491456e-02
9.7903000000e-02   1.0214191598e-02
9.8902000000e-02   1.0111018989e-02
9.9901000000e-02   1.0009909811e-02
1.0090000000e-01   9.9108027752e-03
1.0189900000e-01   9.8136389956e-03
1.0289800000e-01   9.7183618731e-03
1.0389700000e-01   9.6249169852e-03
1.0489600000e-01   9.5332519830e-03
1.0589500000e-01   9.4433164929e-03
1.0689400000e-01   9.3550620242e-03
1.0789300000e-01   9.2684418824e-03
1.0889200000e-01   9.1834110863e-03
1.0989100000e-01   9.0999262907e-03
1.1089000000e-01   9.0179457121e-03
1.1188900000e-01   8.9374290593e-03
1.1288800000e-01   8.8583374673e-03
1.1388700000e-01   8.7806334350e-03
1.1488600000e-01   8.7042807654e-03
1.1588500000e-01   8.6292445098e-03
1.1688400000e-01   8.5554909142e-03
1.1788300000e-01   8.4829873689e-03
1.1888200000e-01   8.4117023604e-03
1.1988100000e-01   8.3416054255e-03
1.2088000000e-01   8.2726671080e-03
1.2187900000e-01   8.2048589176e-03
1.2287800000e-01   8.1381532904e-03
1.2387700000e-01   8.0725235517e-03
1.2487600000e-01   8.0079438804e-03
1.2587500000e-01   7.9443892752e-03
1.2687400000e-01   7.8818355220e-03
1.2787300000e-01   7.8202591635e-03
1.2887200000e-01   7.7596374698e-03
1.2987100000e-01   7.6999484105e-03
1.3087000000e-01   7.6411706274e-03
1.3186900000e-01   7.5832834102e-03
1.3286800000e-01   7.5262666708e-03
1.3386700000e-01   7.4701009212e-03
1.3486600000e-01   7.4147672506e-03
1.3586500000e-01   7.3602473044e-03
1.3686400000e-01   7.3065232641e-03
1.3786300000e-01   7.2535778274e-03
1.3886200000e-01   7.2013941900e-03
1.3986100000e-01   7.1499560279e-03
1.4086000000e-01   7.0992474799e-03
1.4185900000e-01   7.0492531317e-03
1.4285800000e-01   6.9999580003e-03
1.4385700000e-01   6.9513475188e-03
1.4485600000e-01   6.9034075220e-03
1.4585500000e-01   6.8561242331e-03
1.4685400000e-01   6.8094842498e-03
1.4785300000e-01   6.7634745322e-03
1.4885200000e-01   6.7180823907e-03
1.4985100000e-01   6.6732954736e-03
1.5085000000e-01   6.6291017568e-03
1.5184900000e-01   6.5854895325e-03
1.5284800000e-01   6.5424473988e-03
1.5384700000e-01   6.4999642503e-03
1.5484600000e-01   6.4580292679e-03
1.5584500000e-01   6.4166319100e-03
1.5684400000e-01   6.3757619036e-03
1.5784300000e-01   6.3354092358e-03
1.5884200000e-01   6.2955641456e-03
1.5984100000e-01   6.2562171158e-03
1.6084000000e-01   6.2173588660e-03
1.6183900000e-01   6.1789803447e-03
1.6283800000e-01   6.1410727227e-03
1.6383700000e-01   6.1036273858e-03
1.6483600000e-01   6.0666359291e-03
1.6583500000e-01   6.0300901499e-03
1.6683400000e-01   5.9939820421e-03
1.6783300000e-01   5.9583037902e-03
1.6883200000e-01   5.9230477635e-03
1.6983100000e-01   5.8882065113e-03
1.7083000000e-01   5.8537727566e-03
1.7182900000e-01   5.8197393922e-03
1.7282800000e-01   5.7860994747e-03
1.7382700000e-01   5.7528462207e-03
1.7482600000e-01   5.7199730018e-03
1.7582500000e-01   5.6874733400e-03
1.7682400000e-01   5.6553409040e-03
1.7782300000e-01   5.6235695046e-03
1.7882200000e-01   5.5921530909e-03
1.7982100000e-01   5.5610857465e-03
1.8082000000e-01   5.5303616857e-03
1.8181900000e-01   5.4999752502e-03
1.8281800000e-01   5.4699209050e-03
1.8381700000e-01   5.4401932357e-03
1.8481600000e-01   5.4107869449e-03
1.8581500000e-01   5.3816968491e-03
1.8681400000e-01   5.3529178756e-03
1.8781300000e-01   5.3244450598e-03
1.8881200000e-01   5.2962735420e-03
1.8981100000e-01   5.2683985650e-03
1.9081000000e-01   5.2408154710e-03
1.9180900000e-01   5.2135196994e-03
1.9280800000e-01   5.1865067840e-03
1.9380700000e-01   5.1597723509e-03
1.9480600000e-01   5.1333121157e-03
1.9580500000e-01   5.1071218815e-03
1.9680400000e-01   5.0811975367e-03
1.9780300000e-01   5.0555350526e-03
1.9880200000e-01   5.0301304817e-03
1.9980100000e-01   5.0049799551e-03
2.0080000000e-01   4.9800796813e-03
2.0179900000e-01   4.9554259437e-03
2.0279800000e-01   4.9310150988e-03
2.0379700000e-01   4.9068435748e-03
2.0479600000e-01   4.8829078694e-03
2.0579500000e-01   4.8592045483e-03
2.0679400000e-01   4.8357302437e-03
2.0779300000e-01   4.8124816525e-03
2.0879200000e-01   4.7894555348e-03
2.0979100000e-01   4.7666487124e-03
2.1079000000e-01   4.7440580673e-03
2.1178900000e-01   4.7216805406e-03
2.1278800000e-01   4.6995131305e-03
2.1378700000e-01   4.6775528915e-03
2.1478600000e-01   4.6557969328e-03
2.1578500000e-01   4.6342424173e-03
2.1678400000e-01   4.6128865600e-03
2.1778300000e-01   4.5917266270e-03
2.1878200000e-01   4.5707599346e-03
2.1978100000e-01   4.5499838476e-03
2.2078000000e-01   4.5293957787e-03
2.2177900000e-01   4.5089931870e-03
2.2277800000e-01   4.4887735773e-03
2.2377700000e-01   4.4687344991e-03
2.2477600000e-01   4.4488735453e-03
2.2577500000e-01   4.4291883513e-03
2.2677400000e-01   4.4096765944e-03
2.2777300000e-01   4.3903359925e-03
2.2877200000e-01   4.3711643034e-03
2.2977100000e-01   4.3521593239e-03
2.3077000000e-01   4.3333188890e-03
2.3176900000e-01   4.3146408709e-03
2.3276800000e-01   4.2961231785e-03
2.3376700000e-01   4.2777637563e-03
2.3476600000e-01   4.2595605838e-03
2.3576500000e-01   4.2415116748e-03
2.3676400000e-01   4.2236150767e-03
2.3776300000e-01   4.2058688695e-03
2.3876200000e-01   4.1882711655e-03
2.3976100000e-01   4.1708201084e-03
2.4076000000e-01   4.1535138728e-03
2.4175900000e-01   4.1363506633e-03
2.4275800000e-01   4.1193287142e-03
2.4375700000e-01   4.1024462888e-03
2.4475600000e-01   4.0857016785e-03
2.4575500000e-01   4.0690932026e-03
2.4675400000e-01   4.0526192079e-03
2.4775300000e-01   4.0362780673e-03
2.4875200000e-01   4.0200681804e-03
2.4975100000e-01   4.0039879721e-03
2.5075000000e-01   3.9880358924e-03
2.5174900000e-01   3.9722104160e-03
2.5274800000e-01   3.9565100417e-03
2.5374700000e-01   3.9409332919e-03
2.5474600000e-01   3.9254787122e-03
2.5574500000e-01   3.9101448709e-03
2.5674400000e-01   3.8949303587e-03
2.5774300000e-01   3.8798337880e-03
2.5874200000e-01   3.8648537926e-03
2.5974100000e-01   3.8499890276e-03
2.6074000000e-01   3.8352381683e-03
2.6173900000e-01   3.8205999107e-03
2.6273800000e-01   3.8060729701e-03
2.6373700000e-01   3.7916560817e-03
2.6473600000e-01   3.7773479996e-03
2.6573500000e-01   3.7631474966e-03
2.6673400000e-01   3.7490533641e-03
2.6773300000e-01   3.7350644112e-03
2.6873200000e-01   3.7211794651e-03
2.6973100000e-01   3.7073973700e-03
2.7073000000e-01   3.6937169875e-03
2.7172900000e-01   3.6801371956e-03
2.7272800000e-01   3.6666568890e-03
2.7372700000e-01   3.6532749784e-03
2.7472600000e-01   3.6399903905e-03
2.7572500000e-01   3.6268020673e-03
2.7672400000e-01   3.6137089664e-03
2.7772300000e-01   3.6007100601e-03
2.7872200000e-01   3.5878043356e-03
2.7972100000e-01   3.5749907944e-03
2.8072000000e-01   3.5622684526e-03
2.8171900000e-01   3.5496363398e-03
2.8271800000e-01   3.5370934996e-03
2.8371700000e-01   3.5246389889e-03
2.8471600000e-01   3.5122718780e-03
2.8571500000e-01   3.4999912501e-03
2.8671400000e-01   3.4877962011e-03
2.8771300000e-01   3.4756858398e-03
2.8871200000e-01   3.4636592868e-03
2.8971100000e-01   3.4517156753e-03
2.9071000000e-01   3.4398541502e-03
2.9170900000e-01   3.4280738682e-03
2.9270800000e-01   3.4163739973e-03
2.9370700000e-01   3.4047537172e-03
2.9470600000e-01   3.3932122183e-03
2.9570500000e-01   3.3817487023e-03
2.9670400000e-01   3.3703623814e-03
2.9770300000e-01   3.3590524785e-03
2.9870200000e-01   3.3478182269e-03
2.9970100000e-01   3.3366588701e-03
3.0070000000e-01   3.3255736615e-03
3.0169900000e-01   3.3145618647e-03
3.0269800000e-01   3.3036227528e-03
3.0369700000e-01   3.2927556084e-03
3.0469600000e-01   3.2819597238e-03
3.0569500000e-01   3.2712344003e-03
3.0669400000e-01   3.2605789484e-03
3.0769300000e-01   3.2499926876e-03
3.0869200000e-01   3.2394749459e-03
3.0969100000e-01   3.2290250605e-03
3.1069000000e-01   3.2186423767e-03
3.1168900000e-01   3.2083262483e-03
3.1268800000e-01   3.1980760375e-03
3.1368700000e-01   3.1878911144e-03
3.1468600000e-01   3.1777708573e-03
3.1568500000e-01   3.1677146523e-03
3.1668400000e-01   3.1577218932e-03
3.1768300000e-01   3.1477919814e-03
3.1868200000e-01   3.1379243259e-03
3.1968100000e-01   3.1281183430e-03
3.2068000000e-01   3.1183734564e-03
3.2167900000e-01   3.1086890969e-03
3.2267800000e-01   3.0990647023e-03
3.2367700000e-01   3.0894997174e-03
3.2467600000e-01   3.0799935937e-03
3.2567500000e-01   3.0705457896e-03
3.2667400000e-01   3.0611557700e-03
3.2767300000e-01   3.0518230065e-03
3.2867200000e-01   3.0425469770e-03
3.2967100000e-01   3.0333271656e-03
3.3067000000e-01   3.0241630629e-03
3.3166900000e-01   3.0150541655e-03
3.3266800000e-01   3.0059999760e-03
3.3366700000e-01   2.9970000030e-03
3.3466600000e-01   2.9880537611e-03
3.3566500000e-01   2.9791607705e-03
3.3666400000e-01   2.9703205570e-03
3.3766300000e-01   2.9615326524e-03
3.3866200000e-01   2.9527965937e-03
3.3966100000e-01   2.9441119234e-03
3.4066000000e-01   2.9354781894e-03
3.4165900000e-01   2.9268949450e-03
3.4265800000e-01   2.9183617485e-03
3.4365700000e-01   2.9098781634e-03
3.4465600000e-01   2.9014437585e-03
3.4565500000e-01   2.8930581071e-03
3.4665400000e-01   2.8847207879e-03
3.4765300000e-01   2.8764313842e-03
3.4865200000e-01   2.8681894841e-03
3.4965100000e-01   2.8599946804e-03
3.5065000000e-01   2.8518465707e-03
3.5164900000e-01   2.8437447569e-03
3.5264800000e-01   2.8356888456e-03
3.5364700000e-01   2.8276784478e-03
3.5464600000e-01   2.8197131788e-03
3.5564500000e-01   2.8117926584e-03
3.5664400000e-01   2.8039165106e-03
3.5764300000e-01   2.7960843635e-03
3.5864200000e-01   2.7882958494e-03
3.5964100000e-01   2.7805506047e-03
3.6064000000e-01   2.7728482698e-03
3.6163900000e-01   2.7651884891e-03
3.6263800000e-01   2.7575709110e-03
3.6363700000e-01   2.7499951875e-03
3.6463600000e-01   2.7424609748e-03
3.6563500000e-01   2.7349679325e-03
3.6663400000e-01   2.7275157242e-03
3.6763300000e-01   2.7201040168e-03
3.6863200000e-01   2.7127324812e-03
3.6963100000e-01   2.7054007916e-03
3.7063000000e-01   2.6981086259e-03
3.7162900000e-01   2.6908556652e-03
3.7262800000e-01   2.6836415943e-03
3.7362700000e-01   2.6764661013e-03
3.7462600000e-01   2.6693288774e-03
3.7562500000e-01   2.6622296173e-03
3.7662400000e-01   2.6551680191e-03
3.7762300000e-01   2.6481437837e-03
3.7862200000e-01   2.6411566153e-03
3.7962100000e-01   2.6342062215e-03
3.8062000000e-01   2.6272923126e-03
3.8161900000e-01   2.6204146020e-03
3.8261800000e-01   2.6135728063e-03
3.8361700000e-01   2.6067666449e-03
3.8461600000e-01   2.5999958400e-03
3.8561500000e-01   2.5932601170e-03
3.8661400000e-01   2.5865592038e-03
3.8761300000e-01   2.5798928313e-03
3.8861200000e-01   2.5732607331e-03
3.8961100000e-01   2.5666626456e-03
3.9061000000e-01   2.5600983078e-03
3.9160900000e-01   2.5535674615e-03
3.9260800000e-01   2.5470698509e-03
3.9360700000e-01   2.5406052230e-03
3.9460600000e-01   2.5341733274e-03
3.9560500000e-01   2.5277739159e-03
3.9660400000e-01   2.5214067433e-03
3.9760300000e-01   2.5150715664e-03
3.9860200000e-01   2.5087681447e-03
3.9960100000e-01   2.5024962400e-03
4.0060000000e-01   2.4962556166e-03
4.0159900000e-01   2.4900460410e-03
4.0259800000e-01   2.4838672820e-03
4.0359700000e-01   2.4777191109e-03
4.0459600000e-01   2.4716013011e-03
4.0559500000e-01   2.4655136282e-03
4.0659400000e-01   2.4594558700e-03
4.0759300000e-01   2.4534278067e-03
4.0859200000e-01   2.4474292204e-03
4.0959100000e-01   2.4414598954e-03
4.1059000000e-01   2.4355196181e-03
4.1158900000e-01   2.4296081771e-03
4.1258800000e-01   2.4237253629e-03
4.1358700000e-01   2.4178709679e-03
4.1458600000e-01   2.4120447869e-03
4.1558500000e-01   2.4062466162e-03
4.1658400000e-01   2.4004762545e-03
4.1758300000e-01   2.3947335021e-03
4.1858200000e-01   2.3890181613e-03
4.1958100000e-01   2.3833300364e-03
4.2058000000e-01   2.3776689334e-03
4.2157900000e-01   2.3720346602e-03
4.2257800000e-01   2.3664270265e-03
4.2357700000e-01   2.3608458439e-03
4.2457600000e-01   2.3552909256e-03
4.2557500000e-01   2.3497620866e-03
4.2657400000e-01   2.3442591438e-03
4.2757300000e-01   2.3387819156e-03
4.2857200000e-01   2.3333302223e-03
4.2957100000e-01   2.3279038855e-03
4.3057000000e-01   2.3225027290e-03
4.3156900000e-01   2.3171265777e-03
4.3256800000e-01   2.3117752585e-03
4.3356700000e-01   2.3064485997e-03
4.3456600000e-01   2.3011464312e-03
4.3556500000e-01   2.2958685845e-03
4.3656400000e-01   2.2906148927e-03
4.3756300000e-01   2.2853851903e-03
4.3856200000e-01   2.2801793133e-03
4.3956100000e-01   2.2749970994e-03
4.4056000000e-01   2.2698383875e-03
4.4155900000e-01   2.2647030182e-03
4.4255800000e-01   2.2595908333e-03
4.4355700000e-01   2.2545016763e-03
4.4455600000e-01   2.2494353917e-03
4.4555500000e-01   2.2443918260e-03
4.4655400000e-01   2.2393708264e-03
4.4755300000e-01   2.2343722420e-03
4.4855200000e-01   2.2293959229e-03
4.4955100000e-01   2.2244417208e-03
4.5055000000e-01   2.2195094884e-03
4.5154900000e-01   2.2145990801e-03
4.5254800000e-01   2.2097103512e-03
4.5354700000e-01   2.2048431585e-03
4.5454600000e-01   2.1999973600e-03
4.5554500000e-01   2.1951728150e-03
4.5654400000e-01   2.1903693839e-03
4.5754300000e-01   2.1855869285e-03
4.5854200000e-01   2.1808253116e-03
4.5954100000e-01   2.1760843973e-03
4.6054000000e-01   2.1713640509e-03
4.6153900000e-01   2.1666641389e-03
4.6253800000e-01   2.1619845289e-03
4.6353700000e-01   2.1573250895e-03
4.6453600000e-01   2.1526856907e-03
4.6553500000e-01   2.1480662034e-03
4.6653400000e-01   2.1434664998e-03
4.6753300000e-01   2.1388864530e-03
4.6853200000e-01   2.1343259372e-03
4.6953100000e-01   2.1297848279e-03
4.7053000000e-01   2.1252630013e-03
4.7152900000e-01   2.1207603350e-03
4.7252800000e-01   2.1162767074e-03
4.7352700000e-01   2.1118119981e-03
4.7452600000e-01   2.1073660875e-03
4.7552500000e-01   2.1029388571e-03
4.7652400000e-01   2.0985301895e-03
4.7752300000e-01   2.0941399682e-03
4.7852200000e-01   2.0897680776e-03
4.7952100000e-01   2.0854144032e-03
4.8052000000e-01   2.0810788313e-03
4.8151900000e-01   2.0767612493e-03
4.8251800000e-01   2.0724615455e-03
4.8351700000e-01   2.0681796090e-03
4.8451600000e-01   2.0639153300e-03
4.8551500000e-01   2.0596685994e-03
4.8651400000e-01   2.0554393091e-03
4.8751300000e-01   2.0512273519e-03
4.8851200000e-01   2.0470326215e-03
4.8951100000e-01   2.0428550125e-03
4.9051000000e-01   2.0386944201e-03
4.9150900000e-01   2.0345507407e-03
4.9250800000e-01   2.0304238713e-03
4.9350700000e-01   2.0263137099e-03
4.9450600000e-01   2.0222201551e-03
4.9550500000e-01   2.0181431066e-03
4.9650400000e-01   2.0140824646e-03
4.9750300000e-01   2.0100381305e-03
4.9850200000e-01   2.0060100060e-03
4.9950100000e-01   2.0019979940e-03
5.0050000000e-01   1.9980019980e-03
5.0149900000e-01   1.9940219223e-03
5.0249800000e-01   1.9900576719e-03
5.0349700000e-01   1.9861091526e-03
5.0449600000e-01   1.9821762710e-03
5.0549500000e-01   1.9782589343e-03
5.0649400000e-01   1.9743570507e-03
5.0749300000e-01   1.9704705287e-03
5.0849200000e-01   1.9665992779e-03
5.0949100000e-01   1.9627432084e-03
5.1049000000e-01   1.9589022312e-03
5.1148900000e-01   1.9550762578e-03
5.1248800000e-01   1.9512652004e-03
5.1348700000e-01   1.9474689720e-03
5.1448600000e-01   1.9436874862e-03
5.1548500000e-01   1.9399206573e-03
5.1648400000e-01   1.9361684002e-03
5.1748300000e-01   1.9324306306e-03
5.1848200000e-01   1.9287072647e-03
5.1948100000e-01   1.9249982194e-03
5.2048000000e-01   1.9213034123e-03
5.2147900000e-01   1.9176227614e-03
5.2247800000e-01   1.9139561857e-03
5.2347700000e-01   1.9103036046e-03
5.2447600000e-01   1.9066649380e-03
5.2547500000e-01   1.9030401066e-03
5.2647400000e-01   1.8994290317e-03
5.2747300000e-01   1.8958316350e-03
5.2847200000e-01   1.8922478391e-03
5.2947100000e-01   1.8886775669e-03
5.3047000000e-01   1.8851207420e-03
5.3146900000e-01   1.8815772886e-03
5.3246800000e-01   1.8780471315e-03
5.3346700000e-01   1.8745301959e-03
5.3446600000e-01   1.8710264077e-03
5.3546500000e-01   1.8675356933e-03
5.3646400000e-01   1.8640579797e-03
5.3746300000e-01   1.8605931943e-03
5.3846200000e-01   1.8571412653e-03
5.3946100000e-01   1.8537021212e-03
5.4046000000e-01   1.8502756911e-03
5.4145900000e-01   1.8468619046e-03
5.4245800000e-01   1.8434606919e-03
5.4345700000e-01   1.8400719836e-03
5.4445600000e-01   1.8366957110e-03
5.4545500000e-01   1.8333318056e-03
5.4645400000e-01   1.8299801996e-03
5.4745300000e-01   1.8266408258e-03
5.4845200000e-01   1.8233136173e-03
5.4945100000e-01   1.8199985076e-03
5.5045000000e-01   1.8166954310e-03
5.5144900000e-01   1.8134043221e-03
5.5244800000e-01   1.8101251159e-03
5.5344700000e-01   1.8068577479e-03
5.5444600000e-01   1.8036021542e-03
5.5544500000e-01   1.8003582713e-03
5.5644400000e-01   1.7971260361e-03
5.5744300000e-01   1.7939053859e-03
5.5844200000e-01   1.7906962585e-03
5.5944100000e-01   1.7874985924e-03
5.6044000000e-01   1.7843123261e-03
5.6143900000e-01   1.7811373987e-03
5.6243800000e-01   1.7779737500e-03
5.6343700000e-01   1.7748213199e-03
5.6443600000e-01   1.7716800488e-03
5.6543500000e-01   1.7685498776e-03
5.6643400000e-01   1.7654307475e-03
5.6743300000e-01   1.7623226002e-03
5.6843200000e-01   1.7592253779e-03
5.6943100000e-01   1.7561390230e-03
5.7043000000e-01   1.7530634785e-03
5.7142900000e-01   1.7499986875e-03
5.7242800000e-01   1.7469445939e-03
5.7342700000e-01   1.7439011418e-03
5.7442600000e-01   1.7408682755e-03
5.7542500000e-01   1.7378459400e-03
5.7642400000e-01   1.7348340805e-03
5.7742300000e-01   1.7318326426e-03
5.7842200000e-01   1.7288415724e-03
5.7942100000e-01   1.7258608163e-03
5.8042000000e-01   1.7228903208e-03
5.8141900000e-01   1.7199300333e-03
5.8241800000e-01   1.7169799011e-03
5.8341700000e-01   1.7140398720e-03
5.8441600000e-01   1.7111098943e-03
5.8541500000e-01   1.7081899166e-03
5.8641400000e-01   1.7052798876e-03
5.8741300000e-01   1.7023797567e-03
5.8841200000e-01   1.6994894734e-03
5.8941100000e-01   1.6966089876e-03
5.9041000000e-01   1.6937382497e-03
5.9140900000e-01   1.6908772102e-03
5.9240800000e-01   1.6880258201e-03
5.9340700000e-01   1.6851840305e-03
5.9440600000e-01   1.6823517932e-03
5.9540500000e-01   1.6795290601e-03
5.9640400000e-01   1.6767157833e-03
5.9740300000e-01   1.6739119154e-03
5.9840200000e-01   1.6711174094e-03
5.9940100000e-01   1.6683322184e-03
6.0040000000e-01   1.6655562958e-03
6.0139900000e-01   1.6627895956e-03
6.0239800000e-01   1.6600320718e-03
6.0339700000e-01   1.6572836789e-03
6.0439600000e-01   1.6545443716e-03
6.0539500000e-01   1.6518141049e-03
6.0639400000e-01   1.6490928341e-03
6.0739300000e-01   1.6463805148e-03
6.0839200000e-01   1.6436771029e-03
6.0939100000e-01   1.6409825547e-03
6.1039000000e-01   1.6382968266e-03
6.1138900000e-01   1.6356198754e-03
6.1238800000e-01   1.6329516581e-03
6.1338700000e-01   1.6302921321e-03
6.1438600000e-01   1.6276412549e-03
6.1538500000e-01   1.6249989844e-03
6.1638400000e-01   1.6223652788e-03
6.1738300000e-01   1.6197400965e-03
6.1838200000e-01   1.6171233962e-03
6.1938100000e-01   1.6145151369e-03
6.2038000000e-01   1.6119152778e-03
6.2137900000e-01   1.6093237783e-03
6.2237800000e-01   1.6067405982e-03
6.2337700000e-01   1.6041656975e-03
6.2437600000e-01   1.6015990365e-03
6.2537500000e-01   1.5990405757e-03
6.2637400000e-01   1.5964902758e-03
6.2737300000e-01   1.5939480979e-03
6.2837200000e-01   1.5914140032e-03
6.2937100000e-01   1.5888879532e-03
6.3037000000e-01   1.5863699098e-03
6.3136900000e-01   1.5838598348e-03
6.3236800000e-01   1.5813576905e-03
6.3336700000e-01   1.5788634394e-03
6.3436600000e-01   1.5763770442e-03
6.3536500000e-01   1.5738984678e-03
6.3636400000e-01   1.5714276735e-03
6.3736300000e-01   1.5689646246e-03
6.3836200000e-01   1.5665092847e-03
6.3936100000e-01   1.5640616178e-03
6.4036000000e-01   1.5616215879e-03
6.4135900000e-01   1.5591891593e-03
6.4235800000e-01   1.5567642966e-03
6.4335700000e-01   1.5543469645e-03
6.4435600000e-01   1.5519371279e-03
6.4535500000e-01   1.5495347522e-03
6.4635400000e-01   1.5471398027e-03
6.4735300000e-01   1.5447522449e-03
6.4835200000e-01   1.5423720448e-03
6.4935100000e-01   1.5399991684e-03
6.5035000000e-01   1.5376335819e-03
6.5134900000e-01   1.5352752518e-03
6.5234800000e-01   1.5329241448e-03
6.5334700000e-01   1.5305802277e-03
6.5434600000e-01   1.5282434675e-03
6.5534500000e-01   1.5259138317e-03
6.5634400000e-01   1.5235912875e-03
6.5734300000e-01   1.5212758028e-03
6.5834200000e-01   1.5189673453e-03
6.5934100000e-01   1.5166658831e-03
6.6034000000e-01   1.5143713845e-03
6.6133900000e-01   1.5120838179e-03
6.6233800000e-01   1.5098031519e-03
6.6333700000e-01   1.5075293554e-03
6.6433600000e-01   1.5052623974e-03
6.6533500000e-01   1.5030022470e-03
6.6633400000e-01   1.5007488737e-03
6.6733300000e-01   1.4985022470e-03
6.6833200000e-01   1.4962623367e-03
6.6933100000e-01   1.4940291127e-03
6.7033000000e-01   1.4918025450e-03
6.7132900000e-01   1.4895826041e-03
6.7232800000e-01   1.4873692603e-03
6.7332700000e-01   1.4851624842e-03
6.7432600000e-01   1.4829622468e-03
6.7532500000e-01   1.4807685189e-03
6.7632400000e-01   1.4785812717e-03
6.7732300000e-01   1.4764004766e-03
6.7832200000e-01   1.4742261050e-03
6.7932100000e-01   1.4720581287e-03
6.8032000000e-01   1.4698965193e-03
6.8131900000e-01   1.4677412490e-03
6.8231800000e-01   1.4655922898e-03
6.8331700000e-01   1.4634496142e-03
6.8431600000e-01   1.4613131945e-03
6.8531500000e-01   1.4591830035e-03
6.8631400000e-01   1.4570590138e-03
6.8731300000e-01   1.4549411986e-03
6.8831200000e-01   1.4528295308e-03
6.8931100000e-01   1.4507239838e-03
6.9031000000e-01   1.4486245310e-03
6.9130900000e-01   1.4465311460e-03
6.9230800000e-01   1.4444438025e-03
6.9330700000e-01   1.4423624744e-03
6.9430600000e-01   1.4402871357e-03
6.9530500000e-01   1.4382177606e-03
6.9630400000e-01   1.4361543234e-03
6.9730300000e-01   1.4340967987e-03
6.9830200000e-01   1.4320451610e-03
6.9930100000e-01   1.4299993851e-03
7.0030000000e-01   1.4279594460e-03
7.0129900000e-01   1.4259253186e-03
7.0229800000e-01   1.4238969782e-03
7.0329700000e-01   1.4218744002e-03
7.0429600000e-01   1.4198575599e-03
7.0529500000e-01   1.4178464331e-03
7.0629400000e-01   1.4158409954e-03
7.0729300000e-01   1.4138412228e-03
7.0829200000e-01   1.4118470913e-03
7.0929100000e-01   1.4098585771e-03
7.1029000000e-01   1.4078756564e-03
7.1128900000e-01   1.4058983058e-03
7.1228800000e-01   1.4039265017e-03
7.1328700000e-01   1.4019602208e-03
7.1428600000e-01   1.3999994400e-03
7.1528500000e-01   1.3980441363e-03
7.1628400000e-01   1.3960942866e-03
7.1728300000e-01   1.3941498683e-03
7.1828200000e-01   1.3922108587e-03
7.1928100000e-01   1.3902772352e-03
7.2028000000e-01   1.3883489754e-03
7.2127900000e-01   1.3864260571e-03
7.2227800000e-01   1.3845084580e-03
7.2327700000e-01   1.3825961561e-03
7.2427600000e-01   1.3806891296e-03
7.2527500000e-01   1.3787873565e-03
7.2627400000e-01   1.3768908153e-03
7.2727300000e-01   1.3749994844e-03
7.2827200000e-01   1.3731133423e-03
7.2927100000e-01   1.3712323677e-03
7.3027000000e-01   1.3693565394e-03
7.3126900000e-01   1.3674858363e-03
7.3226800000e-01   1.3656202374e-03
7.3326700000e-01   1.3637597219e-03
7.3426600000e-01   1.3619042690e-03
7.3526500000e-01   1.3600538582e-03
7.3626400000e-01   1.3582084687e-03
7.3726300000e-01   1.3563680803e-03
7.3826200000e-01   1.3545326727e-03
7.3926100000e-01   1.3527022256e-03
7.4026000000e-01   1.3508767190e-03
7.4125900000e-01   1.3490561329e-03
7.4225800000e-01   1.3472404474e-03
7.4325700000e-01   1.3454296428e-03
7.4425600000e-01   1.3436236994e-03
7.4525500000e-01   1.3418225977e-03
7.4625400000e-01   1.3400263181e-03
7.4725300000e-01   1.3382348415e-03
7.4825200000e-01   1.3364481485e-03
7.4925100000e-01   1.3346662200e-03
7.5025000000e-01   1.3328890370e-03
7.5124900000e-01   1.3311165805e-03
7.5224800000e-01   1.3293488318e-03
7.5324700000e-01   1.3275857720e-03
7.5424600000e-01   1.3258273826e-03
7.5524500000e-01   1.3240736450e-03
7.5624400000e-01   1.3223245408e-03
7.5724300000e-01   1.3205800516e-03
7.5824200000e-01   1.3188401592e-03
7.5924100000e-01   1.3171048455e-03
7.6024000000e-01   1.3153740924e-03
7.6123900000e-01   1.3136478820e-03
7.6223800000e-01   1.3119261963e-03
7.6323700000e-01   1.3102090177e-03
7.6423600000e-01   1.3084963284e-03
7.6523500000e-01   1.3067881109e-03
7.6623400000e-01   1.3050843476e-03
7.6723300000e-01   1.3033850213e-03
7.6823200000e-01   1.3016901145e-03
7.6923100000e-01   1.2999996100e-03
7.7023000000e-01   1.2983134908e-03
7.7122900000e-01   1.2966317397e-03
7.7222800000e-01   1.2949543399e-03
7.7322700000e-01   1.2932812745e-03
7.7422600000e-01   1.2916125266e-03
7.7522500000e-01   1.2899480796e-03
7.7622400000e-01   1.2882879169e-03
7.7722300000e-01   1.2866320220e-03
7.7822200000e-01   1.2849803784e-03
7.7922100000e-01   1.2833329697e-03
7.8022000000e-01   1.2816897798e-03
7.8121900000e-01   1.2800507924e-03
7.8221800000e-01   1.2784159915e-03
7.8321700000e-01   1.2767853609e-03
7.8421600000e-01   1.2751588848e-03
7.8521500000e-01   1.2735365473e-03
7.8621400000e-01   1.2719183327e-03
7.8721300000e-01   1.2703042252e-03
7.8821200000e-01   1.2686942092e-03
7.8921100000e-01   1.2670882692e-03
7.9021000000e-01   1.2654863897e-03
7.9120900000e-01   1.2638885554e-03
7.9220800000e-01   1.2622947509e-03
7.9320700000e-01   1.2607049610e-03
7.9420600000e-01   1.2591191706e-03
7.9520500000e-01   1.2575373646e-03
7.9620400000e-01   1.2559595280e-03
7.9720300000e-01   1.2543856458e-03
7.9820200000e-01   1.2528157033e-03
7.9920100000e-01   1.2512496856e-03
8.0020000000e-01   1.2496875781e-03
8.0119900000e-01   1.2481293661e-03
8.0219800000e-01   1.2465750351e-03
8.0319700000e-01   1.2450245706e-03
8.0419600000e-01   1.2434779581e-03
8.0519500000e-01   1.2419351834e-03
8.0619400000e-01   1.2403962322e-03
8.0719300000e-01   1.2388610902e-03
8.0819200000e-01   1.2373297434e-03
8.0919100000e-01   1.2358021777e-03
8.1019000000e-01   1.2342783792e-03
8.1118900000e-01   1.2327583338e-03
8.1218800000e-01   1.2312420277e-03
8.1318700000e-01   1.2297294472e-03
8.1418600000e-01   1.2282205786e-03
8.1518500000e-01   1.2267154082e-03
8.1618400000e-01   1.2252139224e-03
8.1718300000e-01   1.2237161077e-03
8.1818200000e-01   1.2222219506e-03
8.1918100000e-01   1.2207314379e-03
8.2018000000e-01   1.2192445561e-03
8.2117900000e-01   1.2177612920e-03
8.2217800000e-01   1.2162816325e-03
8.2317700000e-01   1.2148055643e-03
8.2417600000e-01   1.2133330745e-03
8.2517500000e-01   1.2118641500e-03
8.2617400000e-01   1.2103987780e-03
8.2717300000e-01   1.2089369455e-03
8.2817200000e-01   1.2074786397e-03
8.2917100000e-01   1.2060238479e-03
8.3017000000e-01   1.2045725574e-03
8.3116900000e-01   1.2031247556e-03
8.3216800000e-01   1.2016804299e-03
8.3316700000e-01   1.2002395678e-03
8.3416600000e-01   1.1988021569e-03
8.3516500000e-01   1.1973681847e-03
8.3616400000e-01   1.1959376390e-03
8.3716300000e-01   1.1945105075e-03
8.3816200000e-01   1.1930867780e-03
8.3916100000e-01   1.1916664383e-03
8.4016000000e-01   1.1902494763e-03
8.4115900000e-01   1.1888358800e-03
8.4215800000e-01   1.1874256375e-03
8.4315700000e-01   1.1860187367e-03
8.4415600000e-01   1.1846151659e-03
8.4515500000e-01   1.1832149133e-03
8.4615400000e-01   1.1818179670e-03
8.4715300000e-01   1.1804243153e-03
8.4815200000e-01   1.1790339468e-03
8.4915100000e-01   1.1776468496e-03
8.5015000000e-01   1.1762630124e-03
8.5114900000e-01   1.1748824237e-03
8.5214800000e-01   1.1735050719e-03
8.5314700000e-01   1.1721309458e-03
8.5414600000e-01   1.1707600340e-03
8.5514500000e-01   1.1693923253e-03
8.5614400000e-01   1.1680278084e-03
8.5714300000e-01   1.1666664722e-03
8.5814200000e-01   1.1653083056e-03
8.5914100000e-01   1.1639532976e-03
8.6014000000e-01   1.1626014370e-03
8.6113900000e-01   1.1612527130e-03
8.6213800000e-01   1.1599071147e-03
8.6313700000e-01   1.1585646311e-03
8.6413600000e-01   1.1572252516e-03
8.6513500000e-01   1.1558889653e-03
8.6613400000e-01   1.1545557616e-03
8.6713300000e-01   1.1532256298e-03
8.6813200000e-01   1.1518985592e-03
8.6913100000e-01   1.1505745394e-03
8.7013000000e-01   1.1492535598e-03
8.7112900000e-01   1.1479356100e-03
8.7212800000e-01   1.1466206795e-03
8.7312700000e-01   1.1453087581e-03
8.7412600000e-01   1.1439998353e-03
8.7512500000e-01   1.1426939009e-03
8.7612400000e-01   1.1413909447e-03
8.7712300000e-01   1.1400909565e-03
8.7812200000e-01   1.1387939261e-03
8.7912100000e-01   1.1374998436e-03
8.8012000000e-01   1.1362086988e-03
8.8111900000e-01   1.1349204818e-03
8.8211800000e-01   1.1336351826e-03
8.8311700000e-01   1.1323527913e-03
8.8411600000e-01   1.1310732981e-03
8.8511500000e-01   1.1297966931e-03
8.8611400000e-01   1.1285229666e-03
8.8711300000e-01   1.1272521088e-03
8.8811200000e-01   1.1259841101e-03
8.8911100000e-01   1.1247189609e-03
8.9011000000e-01   1.1234566514e-03
8.9110900000e-01   1.1221971723e-03
8.9210800000e-01   1.1209405139e-03
8.9310700000e-01   1.1196866669e-03
8.9410600000e-01   1.1184356217e-03
8.9510500000e-01   1.1171873691e-03
8.9610400000e-01   1.1159418996e-03
8.9710300000e-01   1.1146992040e-03
8.9810200000e-01   1.1134592730e-03
8.9910100000e-01   1.1122220974e-03
9.0010000000e-01   1.1109876681e-03
9.0109900000e-01   1.1097559758e-03
9.0209800000e-01   1.1085270115e-03
9.0309700000e-01   1.1073007662e-03
9.0409600000e-01   1.1060772308e-03
9.0509500000e-01   1.1048563963e-03
9.0609400000e-01   1.1036382539e-03
9.0709300000e-01   1.1024227946e-03
9.0809200000e-01   1.1012100096e-03
9.0909100000e-01   1.0999998900e-03
9.1009000000e-01   1.0987924271e-03
9.1108900000e-01   1.0975876122e-03
9.1208800000e-01   1.0963854365e-03
9.1308700000e-01   1.0951858914e-03
9.1408600000e-01   1.0939889682e-03
9.1508500000e-01   1.0927946584e-03
9.1608400000e-01   1.0916029535e-03
9.1708300000e-01   1.0904138448e-03
9.1808200000e-01   1.0892273239e-03
9.1908100000e-01   1.0880433825e-03
9.2008000000e-01   1.0868620120e-03
9.2107900000e-01   1.0856832042e-03
9.2207800000e-01   1.0845069506e-03
9.2307700000e-01   1.0833332431e-03
9.2407600000e-01   1.0821620733e-03
9.2507500000e-01   1.0809934330e-03
9.2607400000e-01   1.0798273140e-03
9.2707300000e-01   1.0786637083e-03
9.2807200000e-01   1.0775026076e-03
9.2907100000e-01   1.0763440039e-03
9.3007000000e-01   1.0751878891e-03
9.3106900000e-01   1.0740342553e-03
9.3206800000e-01   1.0728830944e-03
9.3306700000e-01   1.0717343985e-03
9.3406600000e-01   1.0705881597e-03
9.3506500000e-01   1.0694443702e-03
9.3606400000e-01   1.0683030220e-03
9.3706300000e-01   1.0671641074e-03
9.3806200000e-01   1.0660276187e-03
9.3906100000e-01   1.0648935479e-03
9.4006000000e-01   1.0637618876e-03
9.4105900000e-01   1.0626326298e-03
9.4205800000e-01   1.0615057672e-03
9.4305700000e-01   1.0603812919e-03
9.4405600000e-01   1.0592591965e-03
9.4505500000e-01   1.0581394734e-03
9.4605400000e-01   1.0570221150e-03
9.4705300000e-01   1.0559071140e-03
9.4805200000e-01   1.0547944628e-03
9.4905100000e-01   1.0536841540e-03
9.5005000000e-01   1.0525761802e-03
9.5104900000e-01   1.0514705341e-03
9.5204800000e-01   1.0503672084e-03
9.5304700000e-01   1.0492661957e-03
9.5404600000e-01   1.0481674888e-03
9.5504500000e-01   1.0470710804e-03
9.5604400000e-01   1.0459769634e-03
9.5704300000e-01   1.0448851306e-03
9.5804200000e-01   1.0437955747e-03
9.5904100000e-01   1.0427082888e-03
9.6004000000e-01   1.0416232657e-03
9.6103900000e-01   1.0405404984e-03
9.6203800000e-01   1.0394599798e-03
9.6303700000e-01   1.0383817029e-03
9.6403600000e-01   1.0373056608e-03
9.6503500000e-01   1.0362318465e-03
9.6603400000e-01   1.0351602532e-03
9.6703300000e-01   1.0340908739e-03
9.6803200000e-01   1.0330237017e-03
9.6903100000e-01   1.0319587299e-03
9.7003000000e-01   1.0308959517e-03
9.7102900000e-01   1.0298353602e-03
9.7202800000e-01   1.0287769488e-03
9.7302700000e-01   1.0277207107e-03
9.7402600000e-01   1.0266666393e-03
9.7502500000e-01   1.0256147278e-03
9.7602400000e-01   1.0245649697e-03
9.7702300000e-01   1.0235173584e-03
9.7802200000e-01   1.0224718871e-03
9.7902100000e-01   1.0214285496e-03
9.8002000000e-01   1.0203873390e-03
9.8101900000e-01   1.0193482491e-03
9.8201800000e-01   1.0183112733e-03
9.8301700000e-01   1.0172764052e-03
9.8401600000e-01   1.0162436383e-03
9.8501500000e-01   1.0152129663e-03
9.8601400000e-01   1.0141843828e-03
9.8701300000e-01   1.0131578814e-03
9.8801200000e-01   1.0121334559e-03
9.8901100000e-01   1.0111110999e-03
9.9001000000e-01   1.0100908072e-03
9.9100900000e-01   1.0090725715e-03
9.9200800000e-01   1.0080563867e-03
9.9300700000e-01   1.0070422464e-03
9.9400600000e-01   1.0060301447e-03
9.9500500000e-01   1.0050200753e-03
9.9600400000e-01   1.0040120321e-03
9.9700300000e-01   1.0030060090e-03
9.9800200000e-01   1.0020020000e-03
9.9900100000e-01   1.0009999990e-03
1.0000000000e+00   1.0000000000e-03
