X    Y
-1.0000000000e+00   -3.5334078898e+00
-9.7961224490e-01   -8.2912269027e+00
-9.5922448980e-01   -8.2786615052e+00
-9.3883673469e-01   -8.2592313739e+00
-9.1844897959e-01   -8.2506619880e+00
-8.9806122449e-01   -8.2513625624e+00
-8.7767346939e-01   -8.2466560381e+00
-8.5728571429e-01   -8.2351286291e+00
-8.3689795918e-01   -8.2261372606e+00
-8.1651020408e-01   -8.1992644556e+00
-7.9612244898e-01   -8.2037711609e+00
-7.7573469388e-01   -8.1757287494e+00
-7.5534693878e-01   -8.1635172099e+00
-7.3495918367e-01   -8.1683982191e+00
-7.1457142857e-01   -8.1352026521e+00
-6.9418367347e-01   -8.1207225510e+00
-6.7379591837e-01   -8.1266990094e+00
-6.5340816327e-01   -8.0929492140e+00
-6.3302040816e-01   -8.0988084255e+00
-6.1263265306e-01   -8.0689731528e+00
-5.9224489796e-01   -8.0500457133e+00
-5.7185714286e-01   -8.0500094084e+00
-5.5146938776e-01   -8.0190200162e+00
-5.3108163265e-01   -8.0227344793e+00
-5.1069387755e-01   -8.0091337564e+00
-4.9030612245e-01   -7.9820945551e+00
-4.6991836735e-01   -7.9497489718e+00
-4.4953061224e-01   -7.9479685283e+00
-4.2914285714e-01   -7.9242008179e+00
-4.0875510204e-01   -7.9054262401e+00
-3.8836734694e-01   -7.8892393499e+00
-3.6797959184e-01   -7.8649887315e+00
-3.4759183673e-01   -7.8421762906e+00
-3.2720408163e-01   -7.8078170206e+00
-3.0681632653e-01   -7.7698201235e+00
-2.8642857143e-01   -7.7384290748e+00
-2.6604081633e-01   -7.7179531679e+00
-2.4565306122e-01   -7.6810339244e+00
-2.2526530612e-01   -7.6537564158e+00
-2.0487755102e-01   -7.6092445289e+00
-1.8448979592e-01   -7.5527108030e+00
-1.6410204082e-01   -7.5102579261e+00
-1.4371428571e-01   -7.4346925870e+00
-1.2332653061e-01   -7.3867088514e+00
-1.0293877551e-01   -7.3085297668e+00
-8.2551020408e-02   -7.1957043277e+00
-6.2163265306e-02   -7.0910532537e+00
-4.1775510204e-02   -6.8982530691e+00
-2.1387755102e-02   -6.6227115988e+00
-1.0000000000e-03   -1.6000000000e+01
1.0000000000e-03   -1.6000000000e+01
1.9990000000e-03   -5.7251063088e+00
2.9980000000e-03   -5.8277300389e+00
3.9970000000e-03   -5.9300655528e+00
4.9960000000e-03   -6.0172623498e+00
5.9950000000e-03   -6.0909982896e+00
6.9940000000e-03   -6.1543777826e+00
7.9930000000e-03   -6.2097912425e+00
8.9920000000e-03   -6.2589414346e+00
9.9910000000e-03   -6.3030525680e+00
1.0990000000e-02   -6.3430274442e+00
1.1989000000e-02   -6.3795490428e+00
1.2988000000e-02   -6.4131457320e+00
1.3987000000e-02   -6.4442357736e+00
1.4986000000e-02   -6.4731545185e+00
1.5985000000e-02   -6.5001744464e+00
1.6984000000e-02   -6.5255236049e+00
1.7983000000e-02   -6.5493908667e+00
1.8982000000e-02   -6.5719355154e+00
1.9981000000e-02   -6.5932956463e+00
2.0980000000e-02   -6.6135873606e+00
2.1979000000e-02   -6.6329121459e+00
2.2978000000e-02   -6.6513611472e+00
2.3977000000e-02   -6.6690109930e+00
2.4976000000e-02   -6.6859291634e+00
2.5975000000e-02   -6.7021780778e+00
2.6974000000e-02   -6.7178113617e+00
2.7973000000e-02   -6.7328759033e+00
2.8972000000e-02   -6.7474177394e+00
2.9971000000e-02   -6.7614728808e+00
3.0970000000e-02   -6.7750766624e+00
3.1969000000e-02   -6.7882616392e+00
3.2968000000e-02   -6.8010547491e+00
3.3967000000e-02   -6.8134832477e+00
3.4966000000e-02   -6.8255671338e+00
3.5965000000e-02   -6.8373306479e+00
3.6964000000e-02   -6.8487915700e+00
3.7963000000e-02   -6.8599670421e+00
3.8962000000e-02   -6.8708736643e+00
3.9961000000e-02   -6.8815241394e+00
4.0960000000e-02   -6.8919327599e+00
4.1959000000e-02   -6.9021114790e+00
4.2958000000e-02   -6.9120707864e+00
4.3957000000e-02   -6.9218201954e+00
4.4956000000e-02   -6.9313694506e+00
4.5955000000e-02   -6.9407276613e+00
4.6954000000e-02   -6.9499010480e+00
4.7953000000e-02   -6.9588967882e+00
4.8952000000e-02   -6.9677227186e+00
4.9951000000e-02   -6.9763839155e+00
5.0950000000e-02   -6.9848862320e+00
5.1949000000e-02   -6.9932354607e+00
5.2948000000e-02   -7.0014356507e+00
5.3947000000e-02   -7.0094924778e+00
5.4946000000e-02   -7.0174102830e+00
5.5945000000e-02   -7.0251916609e+00
5.6944000000e-02   -7.0328445149e+00
5.7943000000e-02   -7.0403678721e+00
5.8942000000e-02   -7.0477694790e+00
5.9941000000e-02   -7.0550522424e+00
6.0940000000e-02   -7.0622164538e+00
6.1939000000e-02   -7.0692725017e+00
6.2938000000e-02   -7.0762189872e+00
6.3937000000e-02   -7.0830608222e+00
6.4936000000e-02   -7.0898002524e+00
6.5935000000e-02   -7.0964425472e+00
6.6934000000e-02   -7.1029932296e+00
6.7933000000e-02   -7.1094541672e+00
6.8932000000e-02   -7.1158281271e+00
6.9931000000e-02   -7.1221233414e+00
7.0930000000e-02   -7.1283400578e+00
7.1929000000e-02   -7.1344856199e+00
7.2928000000e-02   -7.1405627415e+00
7.3927000000e-02   -7.1465766619e+00
7.4926000000e-02   -7.1525322890e+00
7.5925000000e-02   -7.1584362865e+00
7.6924000000e-02   -7.1642907654e+00
7.7923000000e-02   -7.1701052275e+00
7.8922000000e-02   -7.1758827058e+00
7.9921000000e-02   -7.1816267938e+00
8.0920000000e-02   -7.1873475816e+00
8.1919000000e-02   -7.1930489820e+00
8.2918000000e-02   -7.1987351421e+00
8.3917000000e-02   -7.2044105552e+00
8.4916000000e-02   -7.2100847792e+00
8.5915000000e-02   -7.2157598752e+00
8.6914000000e-02   -7.2214392391e+00
8.7913000000e-02   -7.2271281404e+00
8.8912000000e-02   -7.2328267571e+00
8.9911000000e-02   -7.2385414345e+00
9.0910000000e-02   -7.2442645776e+00
9.1909000000e-02   -7.2500044875e+00
9.2908000000e-02   -7.2557534664e+00
9.3907000000e-02   -7.2615082084e+00
9.4906000000e-02   -7.2672587684e+00
9.5905000000e-02   -7.2729984281e+00
9.6904000000e-02   -7.2787166562e+00
9.7903000000e-02   -7.2843980773e+00
9.8902000000e-02   -7.2900202884e+00
9.9901000000e-02   -7.2955706713e+00
1.0090000000e-01   -7.3010207420e+00
1.0189900000e-01   -7.3063474725e+00
1.0289800000e-01   -7.3115244694e+00
1.0389700000e-01   -7.3165152833e+00
1.0489600000e-01   -7.3212981771e+00
1.0589500000e-01   -7.3258432938e+00
1.0689400000e-01   -7.3301178952e+00
1.0789300000e-01   -7.3341020381e+00
1.0889200000e-01   -7.3377726413e+00
1.0989100000e-01   -7.3411195641e+00
1.1089000000e-01   -7.3441331064e+00
1.1188900000e-01   -7.3468180528e+00
1.1288800000e-01   -7.3491880214e+00
1.1388700000e-01   -7.3512654664e+00
1.1488600000e-01   -7.3531034142e+00
1.1588500000e-01   -7.3547389615e+00
1.1688400000e-01   -7.3562456696e+00
1.1788300000e-01   -7.3576919377e+00
1.1888200000e-01   -7.3591649464e+00
1.1988100000e-01   -7.3607579712e+00
1.2088000000e-01   -7.3625642953e+00
1.2187900000e-01   -7.3646692069e+00
1.2287800000e-01   -7.3671647208e+00
1.2387700000e-01   -7.3701261434e+00
1.2487600000e-01   -7.3736092244e+00
1.2587500000e-01   -7.3776564398e+00
1.2687400000e-01   -7.3822758605e+00
1.2787300000e-01   -7.3874433427e+00
1.2887200000e-01   -7.3930957282e+00
1.2987100000e-01   -7.3991441553e+00
1.3087000000e-01   -7.4054419468e+00
1.3186900000e-01   -7.4118153689e+00
1.3286800000e-01   -7.4180634434e+00
1.3386700000e-01   -7.4239540249e+00
1.3486600000e-01   -7.4292833772e+00
1.3586500000e-01   -7.4338326029e+00
1.3686400000e-01   -7.4374566661e+00
1.3786300000e-01   -7.4400543392e+00
1.3886200000e-01   -7.4416275047e+00
1.3986100000e-01   -7.4422670855e+00
1.4086000000e-01   -7.4421661406e+00
1.4185900000e-01   -7.4415957463e+00
1.4285800000e-01   -7.4408955195e+00
1.4385700000e-01   -7.4404378206e+00
1.4485600000e-01   -7.4405859163e+00
1.4585500000e-01   -7.4416747326e+00
1.4685400000e-01   -7.4439429007e+00
1.4785300000e-01   -7.4475351043e+00
1.4885200000e-01   -7.4524405215e+00
1.4985100000e-01   -7.4585042321e+00
1.5085000000e-01   -7.4653935591e+00
1.5184900000e-01   -7.4726429078e+00
1.5284800000e-01   -7.4796745282e+00
1.5384700000e-01   -7.4858760385e+00
1.5484600000e-01   -7.4906882695e+00
1.5584500000e-01   -7.4937338485e+00
1.5684400000e-01   -7.4948866815e+00
1.5784300000e-01   -7.4943389987e+00
1.5884200000e-01   -7.4925822698e+00
1.5984100000e-01   -7.4903502744e+00
1.6084000000e-01   -7.4884756538e+00
1.6183900000e-01   -7.4877681546e+00
1.6283800000e-01   -7.4888724963e+00
1.6383700000e-01   -7.4921436479e+00
1.6483600000e-01   -7.4975623149e+00
1.6583500000e-01   -7.5047012305e+00
1.6683400000e-01   -7.5127477997e+00
1.6783300000e-01   -7.5205906583e+00
1.6883200000e-01   -7.5270609341e+00
1.6983100000e-01   -7.5311768724e+00
1.7083000000e-01   -7.5324683851e+00
1.7182900000e-01   -7.5311267807e+00
1.7282800000e-01   -7.5280574823e+00
1.7382700000e-01   -7.5246001162e+00
1.7482600000e-01   -7.5222577353e+00
1.7582500000e-01   -7.5222850821e+00
1.7682400000e-01   -7.5253875385e+00
1.7782300000e-01   -7.5315184557e+00
1.7882200000e-01   -7.5398156456e+00
1.7982100000e-01   -7.5487075149e+00
1.8082000000e-01   -7.5562644452e+00
1.8181900000e-01   -7.5608040056e+00
1.8281800000e-01   -7.5614803984e+00
1.8381700000e-01   -7.5587556490e+00
1.8481600000e-01   -7.5542511993e+00
1.8581500000e-01   -7.5502454815e+00
1.8681400000e-01   -7.5488730803e+00
1.8781300000e-01   -7.5514665556e+00
1.8881200000e-01   -7.5580717522e+00
1.8981100000e-01   -7.5673192650e+00
1.9081000000e-01   -7.5767268228e+00
1.9180900000e-01   -7.5834720479e+00
1.9280800000e-01   -7.5855943705e+00
1.9380700000e-01   -7.5829840223e+00
1.9480600000e-01   -7.5776247184e+00
1.9580500000e-01   -7.5726938277e+00
1.9680400000e-01   -7.5712340561e+00
1.9780300000e-01   -7.5748983182e+00
1.9880200000e-01   -7.5832238043e+00
1.9980100000e-01   -7.5936391382e+00
2.0080000000e-01   -7.6022950211e+00
2.0179900000e-01   -7.6058648236e+00
2.0279800000e-01   -7.6034365302e+00
2.0379700000e-01   -7.5972687334e+00
2.0479600000e-01   -7.5916258626e+00
2.0579500000e-01   -7.5905039766e+00
2.0679400000e-01   -7.5956890490e+00
2.0779300000e-01   -7.6057744169e+00
2.0879200000e-01   -7.6165328151e+00
2.0979100000e-01   -7.6229156871e+00
2.1079000000e-01   -7.6221223620e+00
2.1178900000e-01   -7.6157555936e+00
2.1278800000e-01   -7.6089375063e+00
2.1378700000e-01   -7.6070552723e+00
2.1478600000e-01   -7.6126073403e+00
2.1578500000e-01   -7.6236401522e+00
2.1678400000e-01   -7.6344900384e+00
2.1778300000e-01   -7.6390221408e+00
2.1878200000e-01   -7.6352324267e+00
2.1978100000e-01   -7.6271308108e+00
2.2078000000e-01   -7.6218380933e+00
2.2177900000e-01   -7.6244981305e+00
2.2277800000e-01   -7.6348370085e+00
2.2377700000e-01   -7.6469301144e+00
2.2477600000e-01   -7.6528976975e+00
2.2577500000e-01   -7.6492508470e+00
2.2677400000e-01   -7.6404055863e+00
2.2777300000e-01   -7.6350279658e+00
2.2877200000e-01   -7.6390084562e+00
2.2977100000e-01   -7.6509178810e+00
2.3077000000e-01   -7.6625397033e+00
2.3176900000e-01   -7.6651386637e+00
2.3276800000e-01   -7.6578098209e+00
2.3376700000e-01   -7.6489052960e+00
2.3476600000e-01   -7.6481347747e+00
2.3576500000e-01   -7.6580251309e+00
2.3676400000e-01   -7.6714416888e+00
2.3776300000e-01   -7.6770904604e+00
2.3876200000e-01   -7.6708627338e+00
2.3976100000e-01   -7.6608514676e+00
2.4076000000e-01   -7.6589307205e+00
2.4175900000e-01   -7.6689843783e+00
2.4275800000e-01   -7.6828544650e+00
2.4375700000e-01   -7.6875195444e+00
2.4475600000e-01   -7.6794877889e+00
2.4575500000e-01   -7.6696847052e+00
2.4675400000e-01   -7.6708750144e+00
2.4775300000e-01   -7.6839300293e+00
2.4875200000e-01   -7.6962085285e+00
2.4975100000e-01   -7.6949248359e+00
2.5075000000e-01   -7.6835786557e+00
2.5174900000e-01   -7.6780514688e+00
2.5274800000e-01   -7.6871456295e+00
2.5374700000e-01   -7.7021898556e+00
2.5474600000e-01   -7.7061013938e+00
2.5574500000e-01   -7.6957057944e+00
2.5674400000e-01   -7.6869698024e+00
2.5774300000e-01   -7.6935327249e+00
2.5874200000e-01   -7.7093052926e+00
2.5974100000e-01   -7.7149917806e+00
2.6074000000e-01   -7.7046052807e+00
2.6173900000e-01   -7.6953004446e+00
2.6273800000e-01   -7.7025487464e+00
2.6373700000e-01   -7.7187290642e+00
2.6473600000e-01   -7.7223462509e+00
2.6573500000e-01   -7.7101173598e+00
2.6673400000e-01   -7.7031817196e+00
2.6773300000e-01   -7.7145448477e+00
2.6873200000e-01   -7.7295889575e+00
2.6973100000e-01   -7.7266874393e+00
2.7073000000e-01   -7.7130495117e+00
2.7172900000e-01   -7.7133562626e+00
2.7272800000e-01   -7.7299164886e+00
2.7372700000e-01   -7.7380142686e+00
2.7472600000e-01   -7.7261453276e+00
2.7572500000e-01   -7.7175735464e+00
2.7672400000e-01   -7.7297449860e+00
2.7772300000e-01   -7.7445320516e+00
2.7872200000e-01   -7.7378834786e+00
2.7972100000e-01   -7.7247403138e+00
2.8072000000e-01   -7.7318267472e+00
2.8171900000e-01   -7.7493134389e+00
2.8271800000e-01   -7.7470149664e+00
2.8371700000e-01   -7.7321680027e+00
2.8471600000e-01   -7.7362218622e+00
2.8571500000e-01   -7.7545784414e+00
2.8671400000e-01   -7.7538685579e+00
2.8771300000e-01   -7.7384352257e+00
2.8871200000e-01   -7.7424843344e+00
2.8971100000e-01   -7.7611209032e+00
2.9071000000e-01   -7.7586687258e+00
2.9170900000e-01   -7.7433649377e+00
2.9270800000e-01   -7.7507316541e+00
2.9370700000e-01   -7.7685158635e+00
2.9470600000e-01   -7.7610026046e+00
2.9570500000e-01   -7.7480339424e+00
2.9670400000e-01   -7.7615377971e+00
2.9770300000e-01   -7.7748535131e+00
2.9870200000e-01   -7.7606356216e+00
2.9970100000e-01   -7.7550592390e+00
3.0070000000e-01   -7.7744301663e+00
3.0169900000e-01   -7.7767650680e+00
3.0269800000e-01   -7.7597827046e+00
3.0369700000e-01   -7.7676476475e+00
3.0469600000e-01   -7.7850410754e+00
3.0569500000e-01   -7.7725168003e+00
3.0669400000e-01   -7.7647600261e+00
3.0769300000e-01   -7.7846848867e+00
3.0869200000e-01   -7.7855650630e+00
3.0969100000e-01   -7.7686542397e+00
3.1069000000e-01   -7.7811574381e+00
3.1168900000e-01   -7.7943686919e+00
3.1268800000e-01   -7.7769445284e+00
3.1368700000e-01   -7.7789803860e+00
3.1468600000e-01   -7.7988301605e+00
3.1568500000e-01   -7.7863062390e+00
3.1668400000e-01   -7.7795130429e+00
3.1768300000e-01   -7.8009988776e+00
3.1868200000e-01   -7.7946787184e+00
3.1968100000e-01   -7.7821768382e+00
3.2068000000e-01   -7.8028104739e+00
3.2167900000e-01   -7.8013892737e+00
3.2267800000e-01   -7.7859175861e+00
3.2367700000e-01   -7.8054188099e+00
3.2467600000e-01   -7.8065164182e+00
3.2567500000e-01   -7.7899136550e+00
3.2667400000e-01   -7.8092724149e+00
3.2767300000e-01   -7.8101960398e+00
3.2867200000e-01   -7.7939270651e+00
3.2967100000e-01   -7.8144300847e+00
3.3067000000e-01   -7.8123542820e+00
3.3166900000e-01   -7.7982750930e+00
3.3266800000e-01   -7.8205529765e+00
3.3366700000e-01   -7.8127992109e+00
3.3466600000e-01   -7.8038866932e+00
3.3566500000e-01   -7.8266341791e+00
3.3666400000e-01   -7.8116619081e+00
3.3766300000e-01   -7.8119407273e+00
3.3866200000e-01   -7.8306993118e+00
3.3966100000e-01   -7.8103428288e+00
3.4066000000e-01   -7.8228698190e+00
3.4165900000e-01   -7.8303246014e+00
3.4265800000e-01   -7.8120376560e+00
3.4365700000e-01   -7.8345199254e+00
3.4465600000e-01   -7.8250953079e+00
3.4565500000e-01   -7.8205322943e+00
3.4665400000e-01   -7.8409252911e+00
3.4765300000e-01   -7.8198743564e+00
3.4865200000e-01   -7.8355074574e+00
3.4965100000e-01   -7.8367600991e+00
3.5065000000e-01   -7.8237948577e+00
3.5164900000e-01   -7.8473066356e+00
3.5264800000e-01   -7.8275671273e+00
3.5364700000e-01   -7.8401040821e+00
3.5464600000e-01   -7.8435375523e+00
3.5564500000e-01   -7.8301092774e+00
3.5664400000e-01   -7.8535029506e+00
3.5764300000e-01   -7.8323347658e+00
3.5864200000e-01   -7.8493052296e+00
3.5964100000e-01   -7.8454631133e+00
3.6064000000e-01   -7.8398396329e+00
3.6163900000e-01   -7.8578724215e+00
3.6263800000e-01   -7.8366501684e+00
3.6363700000e-01   -7.8609387363e+00
3.6463600000e-01   -7.8429889456e+00
3.6563500000e-01   -7.8556834168e+00
3.6663400000e-01   -7.8545580924e+00
3.6763300000e-01   -7.8487733684e+00
3.6863200000e-01   -7.8649469176e+00
3.6963100000e-01   -7.8456413992e+00
3.7063000000e-01   -7.8702189187e+00
3.7162900000e-01   -7.8478448548e+00
3.7262800000e-01   -7.8703082943e+00
3.7362700000e-01   -7.8540600377e+00
3.7462600000e-01   -7.8674314979e+00
3.7562500000e-01   -7.8619790997e+00
3.7662400000e-01   -7.8640167720e+00
3.7762300000e-01   -7.8696223812e+00
3.7862200000e-01   -7.8616282243e+00
3.7962100000e-01   -7.8759541779e+00
3.8062000000e-01   -7.8607564998e+00
3.8161900000e-01   -7.8807664892e+00
3.8261800000e-01   -7.8612389227e+00
3.8361700000e-01   -7.8843692276e+00
3.8461600000e-01   -7.8626639917e+00
3.8561500000e-01   -7.8871792433e+00
3.8661400000e-01   -7.8646066961e+00
3.8761300000e-01   -7.8895983767e+00
3.8861200000e-01   -7.8667761529e+00
3.8961100000e-01   -7.8918435888e+00
3.9061000000e-01   -7.8690473439e+00
3.9160900000e-01   -7.8939495523e+00
3.9260800000e-01   -7.8714895891e+00
3.9360700000e-01   -7.8957265302e+00
3.9460600000e-01   -7.8743857408e+00
3.9560500000e-01   -7.8968012522e+00
3.9660400000e-01   -7.8781493821e+00
3.9760300000e-01   -7.8967044621e+00
3.9860200000e-01   -7.8832591122e+00
3.9960100000e-01   -7.8950399116e+00
4.0060000000e-01   -7.8900044778e+00
4.0159900000e-01   -7.8918687294e+00
4.0259800000e-01   -7.8979900432e+00
4.0359700000e-01   -7.8881562929e+00
4.0459600000e-01   -7.9057036950e+00
4.0559500000e-01   -7.8860034281e+00
4.0659400000e-01   -7.9104715567e+00
4.0759300000e-01   -7.8880886213e+00
4.0859200000e-01   -7.9096267310e+00
4.0959100000e-01   -7.8960618026e+00
4.1059000000e-01   -7.9031355845e+00
4.1158900000e-01   -7.9080918071e+00
4.1258800000e-01   -7.8957535051e+00
4.1358700000e-01   -7.9174805445e+00
4.1458600000e-01   -7.8951550644e+00
4.1558500000e-01   -7.9166414637e+00
4.1658400000e-01   -7.9055103784e+00
4.1758300000e-01   -7.9065252700e+00
4.1858200000e-01   -7.9201113118e+00
4.1958100000e-01   -7.9001161994e+00
4.2058000000e-01   -7.9236051414e+00
4.2157900000e-01   -7.9091327991e+00
4.2257800000e-01   -7.9120850037e+00
4.2357700000e-01   -7.9258303942e+00
4.2457600000e-01   -7.9052034986e+00
4.2557500000e-01   -7.9266176255e+00
4.2657400000e-01   -7.9187987153e+00
4.2757300000e-01   -7.9120280015e+00
4.2857200000e-01   -7.9333614509e+00
4.2957100000e-01   -7.9136856821e+00
4.3057000000e-01   -7.9225836545e+00
4.3156900000e-01   -7.9337873218e+00
4.3256800000e-01   -7.9135649186e+00
4.3356700000e-01   -7.9314566476e+00
4.3456600000e-01   -7.9327451424e+00
4.3556500000e-01   -7.9164119872e+00
4.3656400000e-01   -7.9374505737e+00
4.3756300000e-01   -7.9331120807e+00
4.3856200000e-01   -7.9198434652e+00
4.3956100000e-01   -7.9412432658e+00
4.4056000000e-01   -7.9357563978e+00
4.4155900000e-01   -7.9226564590e+00
4.4255800000e-01   -7.9432532461e+00
4.4355700000e-01   -7.9407725171e+00
4.4455600000e-01   -7.9251799258e+00
4.4555500000e-01   -7.9429364923e+00
4.4655400000e-01   -7.9476118367e+00
4.4755300000e-01   -7.9292024238e+00
4.4855200000e-01   -7.9396163848e+00
4.4955100000e-01   -7.9539292955e+00
4.5055000000e-01   -7.9375158881e+00
4.5154900000e-01   -7.9348687634e+00
4.5254800000e-01   -7.9547103837e+00
4.5354700000e-01   -7.9506950356e+00
4.5454600000e-01   -7.9351662052e+00
4.5554500000e-01   -7.9467315364e+00
4.5654400000e-01   -7.9608550132e+00
4.5754300000e-01   -7.9476581450e+00
4.5854200000e-01   -7.9389986004e+00
4.5954100000e-01   -7.9551119990e+00
4.6054000000e-01   -7.9639406002e+00
4.6153900000e-01   -7.9492692582e+00
4.6253800000e-01   -7.9430662636e+00
4.6353700000e-01   -7.9587532092e+00
4.6453600000e-01   -7.9680957533e+00
4.6553500000e-01   -7.9554618708e+00
4.6653400000e-01   -7.9461657512e+00
4.6753300000e-01   -7.9575696775e+00
4.6853200000e-01   -7.9716496519e+00
4.6953100000e-01   -7.9663906114e+00
4.7053000000e-01   -7.9525896486e+00
4.7152900000e-01   -7.9530909533e+00
4.7252800000e-01   -7.9679447979e+00
4.7352700000e-01   -7.9767162140e+00
4.7452600000e-01   -7.9684318684e+00
4.7552500000e-01   -7.9564966172e+00
4.7652400000e-01   -7.9574394208e+00
4.7752300000e-01   -7.9705976589e+00
4.7852200000e-01   -7.9810075825e+00
4.7952100000e-01   -7.9776219256e+00
4.8052000000e-01   -7.9660881224e+00
4.8151900000e-01   -7.9599608027e+00
4.8251800000e-01   -7.9656999500e+00
4.8351700000e-01   -7.9781587748e+00
4.8451600000e-01   -7.9864907569e+00
4.8551500000e-01   -7.9842802830e+00
4.8651400000e-01   -7.9749458073e+00
4.8751300000e-01   -7.9670663738e+00
4.8851200000e-01   -7.9667783691e+00
4.8951100000e-01   -7.9742312618e+00
4.9051000000e-01   -7.9847288153e+00
4.9150900000e-01   -7.9921363890e+00
4.9250800000e-01   -7.9929023121e+00
4.9350700000e-01   -7.9876806379e+00
4.9450600000e-01   -7.9802258126e+00
4.9550500000e-01   -7.9745969296e+00
4.9650400000e-01   -7.9732504644e+00
4.9750300000e-01   -7.9764943888e+00
4.9850200000e-01   -7.9829726975e+00
4.9950100000e-01   -7.9905361380e+00
5.0050000000e-01   -7.9970714510e+00
5.0149900000e-01   -8.0011825766e+00
5.0249800000e-01   -8.0024025899e+00
5.0349700000e-01   -8.0011067943e+00
5.0449600000e-01   -7.9981839350e+00
5.0549500000e-01   -7.9945930738e+00
5.0649400000e-01   -7.9911563971e+00
5.0749300000e-01   -7.9883791287e+00
5.0849200000e-01   -7.9865442406e+00
5.0949100000e-01   -7.9856441566e+00
5.1049000000e-01   -7.9855891418e+00
5.1148900000e-01   -7.9861871915e+00
5.1248800000e-01   -7.9872276395e+00
5.1348700000e-01   -7.9885139590e+00
5.1448600000e-01   -7.9898894088e+00
5.1548500000e-01   -7.9912296947e+00
5.1648400000e-01   -7.9924220422e+00
5.1748300000e-01   -7.9934348804e+00
5.1848200000e-01   -7.9942457608e+00
5.1948100000e-01   -7.9948344958e+00
5.2048000000e-01   -7.9952757065e+00
5.2147900000e-01   -7.9955865315e+00
5.2247800000e-01   -7.9958934973e+00
5.2347700000e-01   -7.9963500324e+00
5.2447600000e-01   -7.9971305371e+00
5.2547500000e-01   -7.9984589967e+00
5.2647400000e-01   -8.0005488746e+00
5.2747300000e-01   -8.0035809421e+00
5.2847200000e-01   -8.0076346802e+00
5.2947100000e-01   -8.0125887595e+00
5.3047000000e-01   -8.0180246499e+00
5.3146900000e-01   -8.0231870471e+00
5.3246800000e-01   -8.0270364029e+00
5.3346700000e-01   -8.0285188052e+00
5.3446600000e-01   -8.0269133621e+00
5.3546500000e-01   -8.0223659555e+00
5.3646400000e-01   -8.0162194662e+00
5.3746300000e-01   -8.0107676352e+00
5.3846200000e-01   -8.0085982121e+00
5.3946100000e-01   -8.0114718735e+00
5.4046000000e-01   -8.0191865718e+00
5.4145900000e-01   -8.0288339304e+00
5.4245800000e-01   -8.0354604306e+00
5.4345700000e-01   -8.0348527228e+00
5.4445600000e-01   -8.0271597865e+00
5.4545500000e-01   -8.0180485738e+00
5.4645400000e-01   -8.0150136308e+00
5.4745300000e-01   -8.0217587074e+00
5.4845200000e-01   -8.0341007663e+00
5.4945100000e-01   -8.0414606264e+00
5.5045000000e-01   -8.0364694817e+00
5.5144900000e-01   -8.0246063822e+00
5.5244800000e-01   -8.0198020048e+00
5.5344700000e-01   -8.0290865591e+00
5.5444600000e-01   -8.0429903501e+00
5.5544500000e-01   -8.0439811058e+00
5.5644400000e-01   -8.0309393766e+00
5.5744300000e-01   -8.0236725212e+00
5.5844200000e-01   -8.0346329338e+00
5.5944100000e-01   -8.0487023843e+00
5.6044000000e-01   -8.0432434371e+00
5.6143900000e-01   -8.0285400255e+00
5.6243800000e-01   -8.0324224616e+00
5.6343700000e-01   -8.0498881450e+00
5.6443600000e-01   -8.0482666184e+00
5.6543500000e-01   -8.0318842597e+00
5.6643400000e-01   -8.0366409257e+00
5.6743300000e-01   -8.0545842193e+00
5.6843200000e-01   -8.0467726743e+00
5.6943100000e-01   -8.0329159284e+00
5.7043000000e-01   -8.0480925025e+00
5.7142900000e-01   -8.0571302105e+00
5.7242800000e-01   -8.0385013284e+00
5.7342700000e-01   -8.0430273233e+00
5.7442600000e-01   -8.0608411323e+00
5.7542500000e-01   -8.0445565906e+00
5.7642400000e-01   -8.0425678943e+00
5.7742300000e-01   -8.0629352025e+00
5.7842200000e-01   -8.0471699169e+00
5.7942100000e-01   -8.0456486630e+00
5.8042000000e-01   -8.0653632226e+00
5.8141900000e-01   -8.0461052924e+00
5.8241800000e-01   -8.0528438057e+00
5.8341700000e-01   -8.0654162996e+00
5.8441600000e-01   -8.0443924743e+00
5.8541500000e-01   -8.0643947132e+00
5.8641400000e-01   -8.0579226435e+00
5.8741300000e-01   -8.0508491868e+00
5.8841200000e-01   -8.0708397574e+00
5.8941100000e-01   -8.0484115749e+00
5.9041000000e-01   -8.0689657685e+00
5.9140900000e-01   -8.0580318334e+00
5.9240800000e-01   -8.0600591560e+00
5.9340700000e-01   -8.0692743291e+00
5.9440600000e-01   -8.0540243496e+00
5.9540500000e-01   -8.0757742886e+00
5.9640400000e-01   -8.0531127657e+00
5.9740300000e-01   -8.0777779500e+00
5.9840200000e-01   -8.0552110233e+00
5.9940100000e-01   -8.0780022012e+00
6.0040000000e-01   -8.0578862260e+00
6.0139900000e-01   -8.0784899928e+00
6.0239800000e-01   -8.0597263652e+00
6.0339700000e-01   -8.0801470438e+00
6.0439600000e-01   -8.0604111228e+00
6.0539500000e-01   -8.0828263493e+00
6.0639400000e-01   -8.0605903679e+00
6.0739300000e-01   -8.0851713171e+00
6.0839200000e-01   -8.0621649821e+00
6.0939100000e-01   -8.0846178557e+00
6.1039000000e-01   -8.0679210175e+00
6.1138900000e-01   -8.0786721332e+00
6.1238800000e-01   -8.0790183861e+00
6.1338700000e-01   -8.0694956264e+00
6.1438600000e-01   -8.0895107243e+00
6.1538500000e-01   -8.0671293808e+00
6.1638400000e-01   -8.0869589503e+00
6.1738300000e-01   -8.0801391501e+00
6.1838200000e-01   -8.0727208509e+00
6.1938100000e-01   -8.0936756126e+00
6.2038000000e-01   -8.0735993797e+00
6.2137900000e-01   -8.0819694057e+00
6.2237800000e-01   -8.0938406714e+00
6.2337700000e-01   -8.0732989758e+00
6.2437600000e-01   -8.0867763546e+00
6.2537500000e-01   -8.0953822547e+00
6.2637400000e-01   -8.0757287933e+00
6.2737300000e-01   -8.0862591282e+00
6.2837200000e-01   -8.0994943843e+00
6.2937100000e-01   -8.0818353898e+00
6.3037000000e-01   -8.0811232614e+00
6.3136900000e-01   -8.1003491726e+00
6.3236800000e-01   -8.0950869938e+00
6.3336700000e-01   -8.0797907545e+00
6.3436600000e-01   -8.0890341908e+00
6.3536500000e-01   -8.1044537373e+00
6.3636400000e-01   -8.0968674396e+00
6.3736300000e-01   -8.0830217088e+00
6.3836200000e-01   -8.0881571621e+00
6.3936100000e-01   -8.1039360195e+00
6.4036000000e-01   -8.1066102754e+00
6.4135900000e-01   -8.0943056437e+00
6.4235800000e-01   -8.0856328965e+00
6.4335700000e-01   -8.0912671115e+00
6.4435600000e-01   -8.1044268041e+00
6.4535500000e-01   -8.1116189292e+00
6.4635400000e-01   -8.1072991518e+00
6.4735300000e-01   -8.0972824264e+00
6.4835200000e-01   -8.0904650463e+00
6.4935100000e-01   -8.0911673257e+00
6.5035000000e-01   -8.0980796335e+00
6.5134900000e-01   -8.1070657714e+00
6.5234800000e-01   -8.1140675110e+00
6.5334700000e-01   -8.1170069712e+00
6.5434600000e-01   -8.1160706251e+00
6.5534500000e-01   -8.1127421209e+00
6.5634400000e-01   -8.1086483426e+00
6.5734300000e-01   -8.1049253422e+00
6.5834200000e-01   -8.1021830056e+00
6.5934100000e-01   -8.1004785535e+00
6.6034000000e-01   -8.0996663189e+00
6.6133900000e-01   -8.0995195602e+00
6.6233800000e-01   -8.0997942061e+00
6.6333700000e-01   -8.1003951453e+00
6.6433600000e-01   -8.1012735369e+00
6.6533500000e-01   -8.1025072962e+00
6.6633400000e-01   -8.1043190211e+00
6.6733300000e-01   -8.1069143234e+00
6.6833200000e-01   -8.1105778431e+00
6.6933100000e-01   -8.1153140730e+00
6.7033000000e-01   -8.1207863624e+00
6.7132900000e-01   -8.1260165508e+00
6.7232800000e-01   -8.1293706119e+00
6.7332700000e-01   -8.1290285732e+00
6.7432600000e-01   -8.1241750958e+00
6.7532500000e-01   -8.1163450478e+00
6.7632400000e-01   -8.1096809426e+00
6.7732300000e-01   -8.1091426516e+00
6.7832200000e-01   -8.1169392630e+00
6.7932100000e-01   -8.1288391034e+00
6.8032000000e-01   -8.1346523045e+00
6.8131900000e-01   -8.1276060112e+00
6.8231800000e-01   -8.1152384986e+00
6.8331700000e-01   -8.1136608351e+00
6.8431600000e-01   -8.1272558768e+00
6.8531500000e-01   -8.1378958952e+00
6.8631400000e-01   -8.1281096268e+00
6.8731300000e-01   -8.1152976855e+00
6.8831200000e-01   -8.1249170450e+00
6.8931100000e-01   -8.1402911990e+00
6.9031000000e-01   -8.1290900675e+00
6.9130900000e-01   -8.1177489296e+00
6.9230800000e-01   -8.1354251198e+00
6.9330700000e-01   -8.1392550999e+00
6.9430600000e-01   -8.1202261045e+00
6.9530500000e-01   -8.1333862529e+00
6.9630400000e-01   -8.1422011535e+00
6.9730300000e-01   -8.1218017229e+00
6.9830200000e-01   -8.1387323940e+00
6.9930100000e-01   -8.1391448758e+00
7.0030000000e-01   -8.1243360710e+00
7.0129900000e-01   -8.1476999823e+00
7.0229800000e-01   -8.1281056101e+00
7.0329700000e-01   -8.1399490988e+00
7.0429600000e-01   -8.1399744933e+00
7.0529500000e-01   -8.1318314647e+00
7.0629400000e-01   -8.1480827615e+00
7.0729300000e-01   -8.1289700832e+00
7.0829200000e-01   -8.1515897056e+00
7.0929100000e-01   -8.1292694057e+00
7.1029000000e-01   -8.1530518630e+00
7.1128900000e-01   -8.1308458221e+00
7.1228800000e-01   -8.1530576461e+00
7.1328700000e-01   -8.1346372775e+00
7.1428600000e-01   -8.1493803678e+00
7.1528500000e-01   -8.1434002080e+00
7.1628400000e-01   -8.1404195567e+00
7.1728300000e-01   -8.1555216606e+00
7.1828200000e-01   -8.1343098749e+00
7.1928100000e-01   -8.1560125737e+00
7.2028000000e-01   -8.1467583801e+00
7.2127900000e-01   -8.1393320723e+00
7.2227800000e-01   -8.1606462960e+00
7.2327700000e-01   -8.1453785330e+00
7.2427600000e-01   -8.1413651104e+00
7.2527500000e-01   -8.1616169637e+00
7.2627400000e-01   -8.1528164339e+00
7.2727300000e-01   -8.1397927863e+00
7.2827200000e-01   -8.1543437602e+00
7.2927100000e-01   -8.1648957388e+00
7.3027000000e-01   -8.1517744084e+00
7.3126900000e-01   -8.1421679535e+00
7.3226800000e-01   -8.1519705243e+00
7.3326700000e-01   -8.1657580329e+00
7.3426600000e-01   -8.1658182250e+00
7.3526500000e-01   -8.1549126363e+00
7.3626400000e-01   -8.1463439597e+00
7.3726300000e-01   -8.1469367714e+00
7.3826200000e-01   -8.1546301226e+00
7.3926100000e-01   -8.1637418047e+00
7.4026000000e-01   -8.1700198696e+00
7.4125900000e-01   -8.1723086636e+00
7.4225800000e-01   -8.1716565932e+00
7.4325700000e-01   -8.1696626426e+00
7.4425600000e-01   -8.1676990872e+00
7.4525500000e-01   -8.1664412301e+00
7.4625400000e-01   -8.1661924717e+00
7.4725300000e-01   -8.1670793015e+00
7.4825200000e-01   -8.1690152071e+00
7.4925100000e-01   -8.1719002786e+00
7.5025000000e-01   -8.1752093695e+00
7.5124900000e-01   -8.1779055575e+00
7.5224800000e-01   -8.1782683288e+00
7.5324700000e-01   -8.1747619473e+00
7.5424600000e-01   -8.1673449122e+00
7.5524500000e-01   -8.1593982993e+00
7.5624400000e-01   -8.1571041020e+00
7.5724300000e-01   -8.1648948049e+00
7.5824200000e-01   -8.1781107965e+00
7.5924100000e-01   -8.1820383614e+00
7.6024000000e-01   -8.1698196394e+00
7.6123900000e-01   -8.1598474163e+00
7.6223800000e-01   -8.1713878461e+00
7.6323700000e-01   -8.1851705859e+00
7.6423600000e-01   -8.1716793927e+00
7.6523500000e-01   -8.1632119260e+00
7.6623400000e-01   -8.1834887924e+00
7.6723300000e-01   -8.1784477557e+00
7.6823200000e-01   -8.1645102955e+00
7.6923100000e-01   -8.1869425279e+00
7.7023000000e-01   -8.1734514902e+00
7.7122900000e-01   -8.1734662473e+00
7.7222800000e-01   -8.1874261574e+00
7.7322700000e-01   -8.1672320855e+00
7.7422600000e-01   -8.1915006922e+00
7.7522500000e-01   -8.1680774133e+00
7.7622400000e-01   -8.1922156991e+00
7.7722300000e-01   -8.1692666545e+00
7.7822200000e-01   -8.1937591255e+00
7.7922100000e-01   -8.1704901227e+00
7.8022000000e-01   -8.1923951738e+00
7.8121900000e-01   -8.1784952742e+00
7.8221800000e-01   -8.1808532650e+00
7.8321700000e-01   -8.1946880847e+00
7.8421600000e-01   -8.1735909576e+00
7.8521500000e-01   -8.1882612335e+00
7.8621400000e-01   -8.1956167509e+00
7.8721300000e-01   -8.1766685923e+00
7.8821200000e-01   -8.1823626470e+00
7.8921100000e-01   -8.1991999207e+00
7.9021000000e-01   -8.1932755417e+00
7.9120900000e-01   -8.1791260124e+00
7.9220800000e-01   -8.1796191656e+00
7.9320700000e-01   -8.1917915848e+00
7.9420600000e-01   -8.2015765814e+00
7.9520500000e-01   -8.2023161077e+00
7.9620400000e-01   -8.1969957492e+00
7.9720300000e-01   -8.1907528350e+00
7.9820200000e-01   -8.1863863299e+00
7.9920100000e-01   -8.1842259338e+00
8.0020000000e-01   -8.1836323959e+00
8.0119900000e-01   -8.1840572930e+00
8.0219800000e-01   -8.1853883806e+00
8.0319700000e-01   -8.1880786110e+00
8.0419600000e-01   -8.1928936863e+00
8.0519500000e-01   -8.1999519990e+00
8.0619400000e-01   -8.2072491314e+00
8.0719300000e-01   -8.2096231822e+00
8.0819200000e-01   -8.2024079039e+00
8.0919100000e-01   -8.1903430766e+00
8.1019000000e-01   -8.1888207164e+00
8.1118900000e-01   -8.2041749276e+00
8.1218800000e-01   -8.2118486174e+00
8.1318700000e-01   -8.1947876414e+00
8.1418600000e-01   -8.1937950757e+00
8.1518500000e-01   -8.2140561646e+00
8.1618400000e-01   -8.1977261225e+00
8.1718300000e-01   -8.1990071717e+00
8.1818200000e-01   -8.2137996561e+00
8.1918100000e-01   -8.1924633051e+00
8.2018000000e-01   -8.2169795333e+00
8.2117900000e-01   -8.1937979100e+00
8.2217800000e-01   -8.2178949524e+00
8.2317700000e-01   -8.1945023713e+00
8.2417600000e-01   -8.2183719351e+00
8.2517500000e-01   -8.2003415057e+00
8.2617400000e-01   -8.2070997507e+00
8.2717300000e-01   -8.2187571196e+00
8.2817200000e-01   -8.1985359868e+00
8.2917100000e-01   -8.2078087532e+00
8.3017000000e-01   -8.2224985970e+00
8.3116900000e-01   -8.2113592024e+00
8.3216800000e-01   -8.1997615793e+00
8.3316700000e-01   -8.2044089359e+00
8.3416600000e-01   -8.2161845085e+00
8.3516500000e-01   -8.2239449800e+00
8.3616400000e-01   -8.2256015921e+00
8.3716300000e-01   -8.2242898018e+00
8.3816200000e-01   -8.2230666362e+00
8.3916100000e-01   -8.2233134466e+00
8.4016000000e-01   -8.2252272594e+00
8.4115900000e-01   -8.2278419851e+00
8.4215800000e-01   -8.2285630329e+00
8.4315700000e-01   -8.2235708312e+00
8.4415600000e-01   -8.2128116361e+00
8.4515500000e-01   -8.2063192143e+00
8.4615400000e-01   -8.2167998533e+00
8.4715300000e-01   -8.2314944944e+00
8.4815200000e-01   -8.2187963911e+00
8.4915100000e-01   -8.2101030999e+00
8.5015000000e-01   -8.2323819388e+00
8.5114900000e-01   -8.2155569696e+00
8.5214800000e-01   -8.2225720639e+00
8.5314700000e-01   -8.2248843184e+00
8.5414600000e-01   -8.2205265140e+00
8.5514500000e-01   -8.2235943643e+00
8.5614400000e-01   -8.2293285107e+00
8.5714300000e-01   -8.2138853980e+00
8.5814200000e-01   -8.2362010875e+00
8.5914100000e-01   -8.2261699272e+00
8.6014000000e-01   -8.2143919769e+00
8.6113900000e-01   -8.2277186725e+00
8.6213800000e-01   -8.2392832297e+00
8.6313700000e-01   -8.2365326726e+00
8.6413600000e-01   -8.2287214403e+00
8.6513500000e-01   -8.2233703796e+00
8.6613400000e-01   -8.2214847480e+00
8.6713300000e-01   -8.2221208044e+00
8.6813200000e-01   -8.2254376371e+00
8.6913100000e-01   -8.2323897669e+00
8.7013000000e-01   -8.2413510767e+00
8.7112900000e-01   -8.2431321814e+00
8.7212800000e-01   -8.2297328603e+00
8.7312700000e-01   -8.2216986273e+00
8.7412600000e-01   -8.2412218338e+00
8.7512500000e-01   -8.2372797893e+00
8.7612400000e-01   -8.2253237249e+00
8.7712300000e-01   -8.2468473427e+00
8.7812200000e-01   -8.2242366227e+00
8.7912100000e-01   -8.2468121535e+00
8.8012000000e-01   -8.2313506217e+00
8.8111900000e-01   -8.2325947584e+00
8.8211800000e-01   -8.2501733773e+00
8.8311700000e-01   -8.2377021497e+00
8.8411600000e-01   -8.2271591757e+00
8.8511500000e-01   -8.2310371847e+00
8.8611400000e-01   -8.2386204602e+00
8.8711300000e-01   -8.2431346452e+00
8.8811200000e-01   -8.2435400166e+00
8.8911100000e-01   -8.2397943875e+00
8.9011000000e-01   -8.2330695694e+00
8.9110900000e-01   -8.2312596538e+00
8.9210800000e-01   -8.2452526810e+00
8.9310700000e-01   -8.2550688648e+00
8.9410600000e-01   -8.2343226053e+00
8.9510500000e-01   -8.2487818125e+00
8.9610400000e-01   -8.2440514836e+00
8.9710300000e-01   -8.2487103961e+00
8.9810200000e-01   -8.2378399807e+00
8.9910100000e-01   -8.2590516688e+00
9.0010000000e-01   -8.2462038761e+00
9.0109900000e-01   -8.2359297593e+00
9.0209800000e-01   -8.2409659430e+00
9.0309700000e-01   -8.2476793595e+00
9.0409600000e-01   -8.2497885298e+00
9.0509500000e-01   -8.2466857482e+00
9.0609400000e-01   -8.2402642324e+00
9.0709300000e-01   -8.2415170243e+00
9.0809200000e-01   -8.2598679811e+00
9.0909100000e-01   -8.2556382595e+00
9.1009000000e-01   -8.2437359885e+00
9.1108900000e-01   -8.2629583503e+00
9.1208800000e-01   -8.2480917818e+00
9.1308700000e-01   -8.2492814328e+00
9.1408600000e-01   -8.2667286225e+00
9.1508500000e-01   -8.2628060424e+00
9.1608400000e-01   -8.2555641408e+00
9.1708300000e-01   -8.2543632808e+00
9.1808200000e-01   -8.2597391199e+00
9.1908100000e-01   -8.2689808336e+00
9.2008000000e-01   -8.2634321074e+00
9.2107900000e-01   -8.2466683571e+00
9.2207800000e-01   -8.2706713543e+00
9.2307700000e-01   -8.2481027863e+00
9.2407600000e-01   -8.2712001106e+00
9.2507500000e-01   -8.2644214604e+00
9.2607400000e-01   -8.2524022772e+00
9.2707300000e-01   -8.2502723897e+00
9.2807200000e-01   -8.2514783345e+00
9.2907100000e-01   -8.2593096583e+00
9.3007000000e-01   -8.2753005600e+00
9.3106900000e-01   -8.2604618336e+00
9.3206800000e-01   -8.2665073202e+00
9.3306700000e-01   -8.2576444014e+00
9.3406600000e-01   -8.2772028161e+00
9.3506500000e-01   -8.2766066984e+00
9.3606400000e-01   -8.2748898251e+00
9.3706300000e-01   -8.2793650803e+00
9.3806200000e-01   -8.2748906263e+00
9.3906100000e-01   -8.2568759429e+00
9.4006000000e-01   -8.2819386074e+00
9.4105900000e-01   -8.2621214108e+00
9.4205800000e-01   -8.2603301568e+00
9.4305700000e-01   -8.2647442649e+00
9.4405600000e-01   -8.2612555036e+00
9.4505500000e-01   -8.2659971250e+00
9.4605400000e-01   -8.2847902646e+00
9.4705300000e-01   -8.2652315249e+00
9.4805200000e-01   -8.2665292265e+00
9.4905100000e-01   -8.2730763442e+00
9.5005000000e-01   -8.2673299047e+00
9.5104900000e-01   -8.2694643611e+00
9.5204800000e-01   -8.2856875528e+00
9.5304700000e-01   -8.2817271572e+00
9.5404600000e-01   -8.2733070462e+00
9.5504500000e-01   -8.2808842147e+00
9.5604400000e-01   -8.2906590242e+00
9.5704300000e-01   -8.2716766724e+00
9.5804200000e-01   -8.2717161395e+00
9.5904100000e-01   -8.2717664494e+00
9.6004000000e-01   -8.2773579847e+00
9.6103900000e-01   -8.2868360407e+00
9.6203800000e-01   -8.2969033611e+00
9.6303700000e-01   -8.2954930542e+00
9.6403600000e-01   -8.2738779661e+00
9.6503500000e-01   -8.2932324257e+00
9.6603400000e-01   -8.2935123341e+00
9.6703300000e-01   -8.2763870075e+00
9.6803200000e-01   -8.2925606689e+00
9.6903100000e-01   -8.2887576225e+00
9.7003000000e-01   -8.2889992787e+00
9.7102900000e-01   -8.2812680080e+00
9.7202800000e-01   -8.3007082517e+00
9.7302700000e-01   -8.2835284232e+00
9.7402600000e-01   -8.2975731138e+00
9.7502500000e-01   -8.2848074517e+00
9.7602400000e-01   -8.2951852807e+00
9.7702300000e-01   -8.2873015651e+00
9.7802200000e-01   -8.3122812735e+00
9.7902100000e-01   -8.3153568031e+00
9.8002000000e-01   -8.3013976020e+00
9.8101900000e-01   -8.3100017239e+00
9.8201800000e-01   -8.2955136098e+00
9.8301700000e-01   -8.3039589907e+00
9.8401600000e-01   -8.3158386033e+00
9.8501500000e-01   -8.3279512449e+00
9.8601400000e-01   -8.3164809250e+00
9.8701300000e-01   -8.3302881278e+00
9.8801200000e-01   -8.3354119968e+00
9.8901100000e-01   -8.3168119730e+00
9.9001000000e-01   -8.3489614419e+00
9.9100900000e-01   -8.3294013964e+00
9.9200800000e-01   -8.3407984903e+00
9.9300700000e-01   -8.3540068034e+00
9.9400600000e-01   -8.3670906974e+00
9.9500500000e-01   -8.3840571438e+00
9.9600400000e-01   -8.4443578965e+00
9.9700300000e-01   -8.4942035303e+00
9.9800200000e-01   -8.6715225633e+00
9.9900100000e-01   -9.1227769525e+00
1.0000000000e+00   -3.5334078898e+00
