X    Y
-1.0000000000e+00   -6.4009637566e-03
-9.7979591837e-01   -1.0205666433e-02
-9.5959183673e-01   -1.0420355498e-02
-9.3938775510e-01   -1.0644411636e-02
-9.1918367347e-01   -1.0878348689e-02
-8.9897959184e-01   -1.1122813458e-02
-8.7877551020e-01   -1.1378523451e-02
-8.5857142857e-01   -1.1646278561e-02
-8.3836734694e-01   -1.1926937765e-02
-8.1816326531e-01   -1.2221457837e-02
-7.9795918367e-01   -1.2530899964e-02
-7.7775510204e-01   -1.2856413934e-02
-7.5755102041e-01   -1.3199293349e-02
-7.3734693878e-01   -1.3560967115e-02
-7.1714285714e-01   -1.3943015423e-02
-6.9693877551e-01   -1.4347217547e-02
-6.7673469388e-01   -1.4775557675e-02
-6.5653061224e-01   -1.5230256347e-02
-6.3632653061e-01   -1.5713833594e-02
-6.1612244898e-01   -1.6229127094e-02
-5.9591836735e-01   -1.6779360711e-02
-5.7571428571e-01   -1.7368213347e-02
-5.5551020408e-01   -1.7999895675e-02
-5.3530612245e-01   -1.8679268684e-02
-5.1510204082e-01   -1.9411929522e-02
-4.9489795918e-01   -2.0204415162e-02
-4.7469387755e-01   -2.1064364230e-02
-4.5448979592e-01   -2.2000768498e-02
-4.3428571429e-01   -2.3024295163e-02
-4.1408163265e-01   -2.4147709753e-02
-3.9387755102e-01   -2.5386377685e-02
-3.7367346939e-01   -2.6758987951e-02
-3.5346938776e-01   -2.8288513883e-02
-3.3326530612e-01   -3.0003494007e-02
-3.1306122449e-01   -3.1939829419e-02
-2.9285714286e-01   -3.4143338819e-02
-2.7265306122e-01   -3.6673431105e-02
-2.5244897959e-01   -3.9608482181e-02
-2.3224489796e-01   -4.3054221477e-02
-2.1204081633e-01   -4.7156585214e-02
-1.9183673469e-01   -5.2123090361e-02
-1.7163265306e-01   -5.8258865785e-02
-1.5142857143e-01   -6.6031940716e-02
-1.3122448980e-01   -7.6198613404e-02
-1.1102040816e-01   -9.0065672393e-02
-9.0816326531e-02   -1.1010279829e-01
-7.0612244898e-02   -1.4160628823e-01
-5.0408163265e-02   -1.9836377969e-01
-3.0204081633e-02   -3.3105508913e-01
-1.0000000000e-02   -1.0000000000e+00
1.0000000000e-02   1.0000000000e+00
1.9900000000e-02   5.0247943358e-01
2.9800000000e-02   3.3554422177e-01
3.9700000000e-02   2.5186838831e-01
4.9600000000e-02   2.0159587610e-01
5.9500000000e-02   1.6805285790e-01
6.9400000000e-02   1.4407981086e-01
7.9300000000e-02   1.2609249524e-01
8.9200000000e-02   1.1209789320e-01
9.9100000000e-02   1.0089939446e-01
1.0900000000e-01   9.1735122739e-02
1.1890000000e-01   8.4096947897e-02
1.2880000000e-01   7.7632966603e-02
1.3870000000e-01   7.2091747051e-02
1.4860000000e-01   6.7288860892e-02
1.5850000000e-01   6.3085957814e-02
1.6840000000e-01   5.9377221198e-02
1.7830000000e-01   5.6080336010e-02
1.8820000000e-01   5.3130307416e-02
1.9810000000e-01   5.0475132859e-02
2.0800000000e-01   4.8072710106e-02
2.1790000000e-01   4.5888588246e-02
2.2780000000e-01   4.3894305303e-02
2.3770000000e-01   4.2066141505e-02
2.4760000000e-01   4.0384171745e-02
2.5750000000e-01   3.8831536152e-02
2.6740000000e-01   3.7393871422e-02
2.7730000000e-01   3.6058862689e-02
2.8720000000e-01   3.4815889329e-02
2.9710000000e-01   3.3655746855e-02
3.0700000000e-01   3.2570425999e-02
3.1690000000e-01   3.1552923496e-02
3.2680000000e-01   3.0597073128e-02
3.3670000000e-01   2.9697423528e-02
3.4660000000e-01   2.8849166051e-02
3.5650000000e-01   2.8048031985e-02
3.6640000000e-01   2.7290182107e-02
3.7630000000e-01   2.6572207263e-02
3.8620000000e-01   2.5891051695e-02
3.9610000000e-01   2.5243932065e-02
4.0600000000e-01   2.4628385200e-02
4.1590000000e-01   2.4042129873e-02
4.2580000000e-01   2.3483148807e-02
4.3570000000e-01   2.2949557494e-02
4.4560000000e-01   2.2439686604e-02
4.5550000000e-01   2.1951974610e-02
4.6540000000e-01   2.1485007822e-02
4.7530000000e-01   2.1037501713e-02
4.8520000000e-01   2.0608256183e-02
4.9510000000e-01   2.0196172509e-02
5.0500000000e-01   1.9800245534e-02
5.1490000000e-01   1.9419545180e-02
5.2480000000e-01   1.9053209017e-02
5.3470000000e-01   1.8700438359e-02
5.4460000000e-01   1.8360493293e-02
5.5450000000e-01   1.8032687566e-02
5.6440000000e-01   1.7716383419e-02
5.7430000000e-01   1.7410984629e-02
5.8420000000e-01   1.7115931948e-02
5.9410000000e-01   1.6830713047e-02
6.0400000000e-01   1.6554850437e-02
6.1390000000e-01   1.6287876320e-02
6.2380000000e-01   1.6029385295e-02
6.3370000000e-01   1.5778962903e-02
6.4360000000e-01   1.5536248066e-02
6.5350000000e-01   1.5300889884e-02
6.6340000000e-01   1.5072554542e-02
6.7330000000e-01   1.4850933211e-02
6.8320000000e-01   1.4635734554e-02
6.9310000000e-01   1.4426682014e-02
7.0300000000e-01   1.4223517279e-02
7.1290000000e-01   1.4026001040e-02
7.2280000000e-01   1.3833888202e-02
7.3270000000e-01   1.3646974017e-02
7.4260000000e-01   1.3465040038e-02
7.5250000000e-01   1.3287892777e-02
7.6240000000e-01   1.3115347737e-02
7.7230000000e-01   1.2947225439e-02
7.8220000000e-01   1.2783356485e-02
7.9210000000e-01   1.2623589034e-02
8.0200000000e-01   1.2467764904e-02
8.1190000000e-01   1.2315739994e-02
8.2180000000e-01   1.2167375739e-02
8.3170000000e-01   1.2022548323e-02
8.4160000000e-01   1.1881124883e-02
8.5150000000e-01   1.1742993499e-02
8.6140000000e-01   1.1608034509e-02
8.7130000000e-01   1.1476146000e-02
8.8120000000e-01   1.1347218507e-02
8.9110000000e-01   1.1221159557e-02
9.0100000000e-01   1.1097871265e-02
9.1090000000e-01   1.0977264536e-02
9.2080000000e-01   1.0859252299e-02
9.3070000000e-01   1.0743757117e-02
9.4060000000e-01   1.0630696308e-02
9.5050000000e-01   1.0519996079e-02
9.6040000000e-01   1.0411590984e-02
9.7030000000e-01   1.0305426206e-02
9.8020000000e-01   1.0201466928e-02
9.9010000000e-01   1.0099833845e-02
1.0000000000e+00   6.4009637566e-03
