X    Y
-1.0000000000e+00   -1.0000000000e-04
-9.7959387755e-01   -1.0208312066e-04
-9.5918775510e-01   -1.0425487551e-04
-9.3878163265e-01   -1.0652104443e-04
-9.1837551020e-01   -1.0888792100e-04
-8.9796938776e-01   -1.1136237088e-04
-8.7756326531e-01   -1.1395189835e-04
-8.5715714286e-01   -1.1666472226e-04
-8.3675102041e-01   -1.1950986322e-04
-8.1634489796e-01   -1.2249724381e-04
-7.9593877551e-01   -1.2563780416e-04
-7.7553265306e-01   -1.2894363584e-04
-7.5512653061e-01   -1.3242813747e-04
-7.3472040816e-01   -1.3610619617e-04
-7.1431428571e-01   -1.3999440023e-04
-6.9390816327e-01   -1.4411128921e-04
-6.7350204082e-01   -1.4847764957e-04
-6.5309591837e-01   -1.5311686567e-04
-6.3268979592e-01   -1.5805533872e-04
-6.1228367347e-01   -1.6332298955e-04
-5.9187755102e-01   -1.6895386525e-04
-5.7147142857e-01   -1.7498687599e-04
-5.5106530612e-01   -1.8146669531e-04
-5.3065918367e-01   -1.8844486834e-04
-5.1025306122e-01   -1.9598118581e-04
-4.8984693878e-01   -2.0414540152e-04
-4.6944081633e-01   -2.1301939781e-04
-4.4903469388e-01   -2.2269994137e-04
-4.2862857143e-01   -2.3330222637e-04
-4.0822244898e-01   -2.4496448015e-04
-3.8781632653e-01   -2.5785402305e-04
-3.6741020408e-01   -2.7217534758e-04
-3.4700408163e-01   -2.8818104828e-04
-3.2659795918e-01   -3.0618684897e-04
-3.0619183673e-01   -3.2659263901e-04
-2.8578571429e-01   -3.4991252187e-04
-2.6537959184e-01   -3.7681872713e-04
-2.4497346939e-01   -4.0820746937e-04
-2.2456734694e-01   -4.4530071430e-04
-2.0416122449e-01   -4.8980897451e-04
-1.8375510204e-01   -5.4420257664e-04
-1.6334897959e-01   -6.1218625455e-04
-1.4294285714e-01   -6.9958025186e-04
-1.2253673469e-01   -8.1608180805e-04
-1.0213061224e-01   -9.7913835826e-04
-8.1724489796e-02   -1.2236234237e-03
-6.1318367347e-02   -1.6308327232e-03
-4.0912244898e-02   -2.4442559984e-03
-2.0506122449e-02   -4.8765923568e-03
-1.0000000000e-04   -1.0000000000e+00
1.0000000000e-04   1.0000000000e+00
1.0099000000e-02   9.9019704923e-03
2.0098000000e-02   4.9756194647e-03
3.0097000000e-02   3.3225902914e-03
4.0096000000e-02   2.4940143656e-03
5.0095000000e-02   1.9962072063e-03
6.0094000000e-02   1.6640596399e-03
7.0093000000e-02   1.4266759876e-03
8.0092000000e-02   1.2485641512e-03
9.0091000000e-02   1.1099887891e-03
1.0009000000e-01   9.9910080929e-04
1.1008900000e-01   9.0835596655e-04
1.2008800000e-01   8.3272267005e-04
1.3008700000e-01   7.6871632063e-04
1.4008600000e-01   7.1384720815e-04
1.5008500000e-01   6.6628910285e-04
1.6008400000e-01   6.2467204718e-04
1.7008300000e-01   5.8794823705e-04
1.8008200000e-01   5.5530258439e-04
1.9008100000e-01   5.2609150836e-04
2.0008000000e-01   4.9980007997e-04
2.1007900000e-01   4.7601140524e-04
2.2007800000e-01   4.5438435464e-04
2.3007700000e-01   4.3463709976e-04
2.4007600000e-01   4.1653476400e-04
2.5007500000e-01   3.9988003599e-04
2.6007400000e-01   3.8450594831e-04
2.7007300000e-01   3.7027026027e-04
2.8007200000e-01   3.5705104402e-04
2.9007100000e-01   3.4474318357e-04
3.0007000000e-01   3.3325557370e-04
3.1006900000e-01   3.2250886094e-04
3.2006800000e-01   3.1243360786e-04
3.3006700000e-01   3.0296879119e-04
3.4006600000e-01   2.9406056472e-04
3.5006500000e-01   2.8566123435e-04
3.6006400000e-01   2.7772840384e-04
3.7006300000e-01   2.7022425912e-04
3.8006200000e-01   2.6311496546e-04
3.9006100000e-01   2.5637015749e-04
4.0006000000e-01   2.4996250563e-04
4.1005900000e-01   2.4386734592e-04
4.2005800000e-01   2.3806236282e-04
4.3005700000e-01   2.3252731615e-04
4.4005600000e-01   2.2724380534e-04
4.5005500000e-01   2.2219506505e-04
4.6005400000e-01   2.1736578750e-04
4.7005300000e-01   2.1274196740e-04
4.8005200000e-01   2.0831076634e-04
4.9005100000e-01   2.0406039372e-04
5.0005000000e-01   1.9998000200e-04
5.1004900000e-01   1.9605959428e-04
5.2004800000e-01   1.9228994247e-04
5.3004700000e-01   1.8866251484e-04
5.4004600000e-01   1.8516941150e-04
5.5004500000e-01   1.8180330700e-04
5.6004400000e-01   1.7855739906e-04
5.7004300000e-01   1.7542536265e-04
5.8004200000e-01   1.7240130887e-04
5.9004100000e-01   1.6947974802e-04
6.0004000000e-01   1.6665555630e-04
6.1003900000e-01   1.6392394585e-04
6.2003800000e-01   1.6128043765e-04
6.3003700000e-01   1.5872083703e-04
6.4003600000e-01   1.5624121143e-04
6.5003500000e-01   1.5383787027e-04
6.6003400000e-01   1.5150734659e-04
6.7003300000e-01   1.4924638040e-04
6.8003200000e-01   1.4705190344e-04
6.9003100000e-01   1.4492102529e-04
7.0003000000e-01   1.4285102067e-04
7.1002900000e-01   1.4083931783e-04
7.2002800000e-01   1.3888348787e-04
7.3002700000e-01   1.3698123494e-04
7.4002600000e-01   1.3513038731e-04
7.5002500000e-01   1.3332888904e-04
7.6002400000e-01   1.3157479238e-04
7.7002300000e-01   1.2986625075e-04
7.8002200000e-01   1.2820151227e-04
7.9002100000e-01   1.2657891373e-04
8.0002000000e-01   1.2499687508e-04
8.1001900000e-01   1.2345389429e-04
8.2001800000e-01   1.2194854259e-04
8.3001700000e-01   1.2047946006e-04
8.4001600000e-01   1.1904535152e-04
8.5001500000e-01   1.1764498274e-04
8.6001400000e-01   1.1627717688e-04
8.7001300000e-01   1.1494081123e-04
8.8001200000e-01   1.1363481407e-04
8.9001100000e-01   1.1235816187e-04
9.0001000000e-01   1.1110987656e-04
9.1000900000e-01   1.0988902308e-04
9.2000800000e-01   1.0869470700e-04
9.3000700000e-01   1.0752607239e-04
9.4000600000e-01   1.0638229969e-04
9.5000500000e-01   1.0526260388e-04
9.6000400000e-01   1.0416623264e-04
9.7000300000e-01   1.0309246466e-04
9.8000200000e-01   1.0204060808e-04
9.9000100000e-01   1.0100999898e-04
1.0000000000e+00   1.0000000000e-04
