X    Y
5.0000000000e-03   7.7880078307e-01
5.9875000000e-03   6.9872253408e-01
6.9750000000e-03   6.1477050095e-01
7.9625000000e-03   5.3045822924e-01
8.9500000000e-03   4.4886863789e-01
9.9375000000e-03   3.7249224413e-01
1.0925000000e-02   3.0314129865e-01
1.1912500000e-02   2.4193732778e-01
1.2900000000e-02   1.8936100622e-01
1.3887500000e-02   1.4534768742e-01
1.4875000000e-02   1.0940964283e-01
1.5862500000e-02   8.0766818292e-02
1.6850000000e-02   5.8470963406e-02
1.7837500000e-02   4.1512360094e-02
1.8825000000e-02   2.8903105005e-02
1.9812500000e-02   1.9735197496e-02
2.0800000000e-02   1.3215036089e-02
2.1787500000e-02   8.6781095961e-03
2.2775000000e-02   5.5887130049e-03
2.3762500000e-02   3.5296235298e-03
2.4750000000e-02   2.1861243634e-03
2.5737500000e-02   1.3278568034e-03
2.6725000000e-02   7.9096546585e-04
2.7712500000e-02   4.6205502950e-04
2.8700000000e-02   2.6470355990e-04
2.9687500000e-02   1.4871533801e-04
3.0675000000e-02   8.1937298962e-05
3.1662500000e-02   4.4272844382e-05
3.2650000000e-02   2.3459735249e-05
3.3637500000e-02   1.2190981968e-05
3.4625000000e-02   6.2127541993e-06
3.5612500000e-02   3.1049853447e-06
3.6600000000e-02   1.5218254343e-06
3.7587500000e-02   7.3147590038e-07
3.8575000000e-02   3.4479829255e-07
3.9562500000e-02   1.5938964060e-07
4.0550000000e-02   7.2257840307e-08
4.1537500000e-02   3.2124750398e-08
4.2525000000e-02   1.4006333087e-08
4.3512500000e-02   5.9887893854e-09
4.4500000000e-02   2.5112127933e-09
4.5487500000e-02   1.0326614394e-09
4.6475000000e-02   4.1644938715e-10
4.7462500000e-02   1.6470108544e-10
4.8450000000e-02   6.3879473444e-11
4.9437500000e-02   2.4297134749e-11
5.0425000000e-02   9.0629752592e-12
5.1412500000e-02   3.3153507939e-12
5.2400000000e-02   1.1892041130e-12
5.3387500000e-02   4.1841312637e-13
5.4375000000e-02   1.4430456829e-13
5.5362500000e-02   4.8778403539e-14
5.6350000000e-02   1.6215828680e-14
5.7337500000e-02   5.5000004551e-15
5.8325000000e-02   1.8649082278e-15
5.9312500000e-02   6.3216099022e-16
6.0300000000e-02   0.0000000000e+00
6.1287500000e-02   0.0000000000e+00
6.2275000000e-02   0.0000000000e+00
6.3262500000e-02   0.0000000000e+00
6.4250000000e-02   0.0000000000e+00
6.5237500000e-02   0.0000000000e+00
6.6225000000e-02   0.0000000000e+00
6.7212500000e-02   0.0000000000e+00
6.8200000000e-02   0.0000000000e+00
6.9187500000e-02   0.0000000000e+00
7.0175000000e-02   0.0000000000e+00
7.1162500000e-02   0.0000000000e+00
7.2150000000e-02   0.0000000000e+00
7.3137500000e-02   0.0000000000e+00
7.4125000000e-02   0.0000000000e+00
7.5112500000e-02   0.0000000000e+00
7.6100000000e-02   0.0000000000e+00
7.7087500000e-02   0.0000000000e+00
7.8075000000e-02   0.0000000000e+00
7.9062500000e-02   0.0000000000e+00
8.0050000000e-02   0.0000000000e+00
8.1037500000e-02   0.0000000000e+00
8.2025000000e-02   0.0000000000e+00
8.3012500000e-02   0.0000000000e+00
8.4000000000e-02   0.0000000000e+00
8.4987500000e-02   0.0000000000e+00
8.5975000000e-02   0.0000000000e+00
8.6962500000e-02   0.0000000000e+00
8.7950000000e-02   0.0000000000e+00
8.8937500000e-02   0.0000000000e+00
8.9925000000e-02   0.0000000000e+00
9.0912500000e-02   0.0000000000e+00
9.1900000000e-02   0.0000000000e+00
9.2887500000e-02   0.0000000000e+00
9.3875000000e-02   0.0000000000e+00
9.4862500000e-02   0.0000000000e+00
9.5850000000e-02   0.0000000000e+00
9.6837500000e-02   0.0000000000e+00
9.7825000000e-02   0.0000000000e+00
9.8812500000e-02   0.0000000000e+00
9.9800000000e-02   0.0000000000e+00
1.0078750000e-01   0.0000000000e+00
1.0177500000e-01   0.0000000000e+00
1.0276250000e-01   0.0000000000e+00
1.0375000000e-01   0.0000000000e+00
1.0473750000e-01   0.0000000000e+00
1.0572500000e-01   0.0000000000e+00
1.0671250000e-01   0.0000000000e+00
1.0770000000e-01   0.0000000000e+00
1.0868750000e-01   0.0000000000e+00
1.0967500000e-01   0.0000000000e+00
1.1066250000e-01   0.0000000000e+00
1.1165000000e-01   0.0000000000e+00
1.1263750000e-01   0.0000000000e+00
1.1362500000e-01   0.0000000000e+00
1.1461250000e-01   0.0000000000e+00
1.1560000000e-01   0.0000000000e+00
1.1658750000e-01   0.0000000000e+00
1.1757500000e-01   0.0000000000e+00
1.1856250000e-01   0.0000000000e+00
1.1955000000e-01   0.0000000000e+00
1.2053750000e-01   0.0000000000e+00
1.2152500000e-01   0.0000000000e+00
1.2251250000e-01   0.0000000000e+00
1.2350000000e-01   0.0000000000e+00
1.2448750000e-01   0.0000000000e+00
1.2547500000e-01   0.0000000000e+00
1.2646250000e-01   0.0000000000e+00
1.2745000000e-01   0.0000000000e+00
1.2843750000e-01   0.0000000000e+00
1.2942500000e-01   0.0000000000e+00
1.3041250000e-01   0.0000000000e+00
1.3140000000e-01   0.0000000000e+00
1.3238750000e-01   0.0000000000e+00
1.3337500000e-01   0.0000000000e+00
1.3436250000e-01   0.0000000000e+00
1.3535000000e-01   0.0000000000e+00
1.3633750000e-01   0.0000000000e+00
1.3732500000e-01   0.0000000000e+00
1.3831250000e-01   0.0000000000e+00
1.3930000000e-01   0.0000000000e+00
1.4028750000e-01   0.0000000000e+00
1.4127500000e-01   0.0000000000e+00
1.4226250000e-01   0.0000000000e+00
1.4325000000e-01   0.0000000000e+00
1.4423750000e-01   0.0000000000e+00
1.4522500000e-01   0.0000000000e+00
1.4621250000e-01   0.0000000000e+00
1.4720000000e-01   0.0000000000e+00
1.4818750000e-01   0.0000000000e+00
1.4917500000e-01   0.0000000000e+00
1.5016250000e-01   0.0000000000e+00
1.5115000000e-01   0.0000000000e+00
1.5213750000e-01   0.0000000000e+00
1.5312500000e-01   0.0000000000e+00
1.5411250000e-01   0.0000000000e+00
1.5510000000e-01   0.0000000000e+00
1.5608750000e-01   0.0000000000e+00
1.5707500000e-01   0.0000000000e+00
1.5806250000e-01   0.0000000000e+00
1.5905000000e-01   0.0000000000e+00
1.6003750000e-01   0.0000000000e+00
1.6102500000e-01   0.0000000000e+00
1.6201250000e-01   0.0000000000e+00
1.6300000000e-01   0.0000000000e+00
1.6398750000e-01   0.0000000000e+00
1.6497500000e-01   0.0000000000e+00
1.6596250000e-01   0.0000000000e+00
1.6695000000e-01   0.0000000000e+00
1.6793750000e-01   0.0000000000e+00
1.6892500000e-01   0.0000000000e+00
1.6991250000e-01   0.0000000000e+00
1.7090000000e-01   0.0000000000e+00
1.7188750000e-01   0.0000000000e+00
1.7287500000e-01   0.0000000000e+00
1.7386250000e-01   0.0000000000e+00
1.7485000000e-01   0.0000000000e+00
1.7583750000e-01   0.0000000000e+00
1.7682500000e-01   0.0000000000e+00
1.7781250000e-01   0.0000000000e+00
1.7880000000e-01   0.0000000000e+00
1.7978750000e-01   0.0000000000e+00
1.8077500000e-01   0.0000000000e+00
1.8176250000e-01   0.0000000000e+00
1.8275000000e-01   0.0000000000e+00
1.8373750000e-01   0.0000000000e+00
1.8472500000e-01   0.0000000000e+00
1.8571250000e-01   0.0000000000e+00
1.8670000000e-01   0.0000000000e+00
1.8768750000e-01   0.0000000000e+00
1.8867500000e-01   0.0000000000e+00
1.8966250000e-01   0.0000000000e+00
1.9065000000e-01   0.0000000000e+00
1.9163750000e-01   0.0000000000e+00
1.9262500000e-01   0.0000000000e+00
1.9361250000e-01   0.0000000000e+00
1.9460000000e-01   0.0000000000e+00
1.9558750000e-01   0.0000000000e+00
1.9657500000e-01   0.0000000000e+00
1.9756250000e-01   0.0000000000e+00
1.9855000000e-01   0.0000000000e+00
1.9953750000e-01   0.0000000000e+00
2.0052500000e-01   0.0000000000e+00
2.0151250000e-01   0.0000000000e+00
2.0250000000e-01   0.0000000000e+00
2.0348750000e-01   0.0000000000e+00
2.0447500000e-01   0.0000000000e+00
2.0546250000e-01   0.0000000000e+00
2.0645000000e-01   0.0000000000e+00
2.0743750000e-01   0.0000000000e+00
2.0842500000e-01   0.0000000000e+00
2.0941250000e-01   0.0000000000e+00
2.1040000000e-01   0.0000000000e+00
2.1138750000e-01   0.0000000000e+00
2.1237500000e-01   0.0000000000e+00
2.1336250000e-01   0.0000000000e+00
2.1435000000e-01   0.0000000000e+00
2.1533750000e-01   0.0000000000e+00
2.1632500000e-01   0.0000000000e+00
2.1731250000e-01   0.0000000000e+00
2.1830000000e-01   0.0000000000e+00
2.1928750000e-01   0.0000000000e+00
2.2027500000e-01   0.0000000000e+00
2.2126250000e-01   0.0000000000e+00
2.2225000000e-01   0.0000000000e+00
2.2323750000e-01   0.0000000000e+00
2.2422500000e-01   0.0000000000e+00
2.2521250000e-01   0.0000000000e+00
2.2620000000e-01   0.0000000000e+00
2.2718750000e-01   0.0000000000e+00
2.2817500000e-01   0.0000000000e+00
2.2916250000e-01   0.0000000000e+00
2.3015000000e-01   0.0000000000e+00
2.3113750000e-01   0.0000000000e+00
2.3212500000e-01   0.0000000000e+00
2.3311250000e-01   0.0000000000e+00
2.3410000000e-01   0.0000000000e+00
2.3508750000e-01   0.0000000000e+00
2.3607500000e-01   0.0000000000e+00
2.3706250000e-01   0.0000000000e+00
2.3805000000e-01   0.0000000000e+00
2.3903750000e-01   0.0000000000e+00
2.4002500000e-01   0.0000000000e+00
2.4101250000e-01   0.0000000000e+00
2.4200000000e-01   0.0000000000e+00
2.4298750000e-01   0.0000000000e+00
2.4397500000e-01   0.0000000000e+00
2.4496250000e-01   0.0000000000e+00
2.4595000000e-01   0.0000000000e+00
2.4693750000e-01   0.0000000000e+00
2.4792500000e-01   0.0000000000e+00
2.4891250000e-01   0.0000000000e+00
2.4990000000e-01   0.0000000000e+00
2.5088750000e-01   0.0000000000e+00
2.5187500000e-01   0.0000000000e+00
2.5286250000e-01   0.0000000000e+00
2.5385000000e-01   0.0000000000e+00
2.5483750000e-01   0.0000000000e+00
2.5582500000e-01   0.0000000000e+00
2.5681250000e-01   0.0000000000e+00
2.5780000000e-01   0.0000000000e+00
2.5878750000e-01   0.0000000000e+00
2.5977500000e-01   0.0000000000e+00
2.6076250000e-01   0.0000000000e+00
2.6175000000e-01   0.0000000000e+00
2.6273750000e-01   0.0000000000e+00
2.6372500000e-01   0.0000000000e+00
2.6471250000e-01   0.0000000000e+00
2.6570000000e-01   0.0000000000e+00
2.6668750000e-01   0.0000000000e+00
2.6767500000e-01   0.0000000000e+00
2.6866250000e-01   0.0000000000e+00
2.6965000000e-01   0.0000000000e+00
2.7063750000e-01   0.0000000000e+00
2.7162500000e-01   0.0000000000e+00
2.7261250000e-01   0.0000000000e+00
2.7360000000e-01   0.0000000000e+00
2.7458750000e-01   0.0000000000e+00
2.7557500000e-01   0.0000000000e+00
2.7656250000e-01   0.0000000000e+00
2.7755000000e-01   0.0000000000e+00
2.7853750000e-01   0.0000000000e+00
2.7952500000e-01   0.0000000000e+00
2.8051250000e-01   0.0000000000e+00
2.8150000000e-01   0.0000000000e+00
2.8248750000e-01   0.0000000000e+00
2.8347500000e-01   0.0000000000e+00
2.8446250000e-01   0.0000000000e+00
2.8545000000e-01   0.0000000000e+00
2.8643750000e-01   0.0000000000e+00
2.8742500000e-01   0.0000000000e+00
2.8841250000e-01   0.0000000000e+00
2.8940000000e-01   0.0000000000e+00
2.9038750000e-01   0.0000000000e+00
2.9137500000e-01   0.0000000000e+00
2.9236250000e-01   0.0000000000e+00
2.9335000000e-01   0.0000000000e+00
2.9433750000e-01   0.0000000000e+00
2.9532500000e-01   0.0000000000e+00
2.9631250000e-01   0.0000000000e+00
2.9730000000e-01   0.0000000000e+00
2.9828750000e-01   0.0000000000e+00
2.9927500000e-01   0.0000000000e+00
3.0026250000e-01   0.0000000000e+00
3.0125000000e-01   0.0000000000e+00
3.0223750000e-01   0.0000000000e+00
3.0322500000e-01   0.0000000000e+00
3.0421250000e-01   0.0000000000e+00
3.0520000000e-01   0.0000000000e+00
3.0618750000e-01   0.0000000000e+00
3.0717500000e-01   0.0000000000e+00
3.0816250000e-01   0.0000000000e+00
3.0915000000e-01   0.0000000000e+00
3.1013750000e-01   0.0000000000e+00
3.1112500000e-01   0.0000000000e+00
3.1211250000e-01   0.0000000000e+00
3.1310000000e-01   0.0000000000e+00
3.1408750000e-01   0.0000000000e+00
3.1507500000e-01   0.0000000000e+00
3.1606250000e-01   0.0000000000e+00
3.1705000000e-01   0.0000000000e+00
3.1803750000e-01   0.0000000000e+00
3.1902500000e-01   0.0000000000e+00
3.2001250000e-01   0.0000000000e+00
3.2100000000e-01   0.0000000000e+00
3.2198750000e-01   0.0000000000e+00
3.2297500000e-01   0.0000000000e+00
3.2396250000e-01   0.0000000000e+00
3.2495000000e-01   0.0000000000e+00
3.2593750000e-01   0.0000000000e+00
3.2692500000e-01   0.0000000000e+00
3.2791250000e-01   0.0000000000e+00
3.2890000000e-01   0.0000000000e+00
3.2988750000e-01   0.0000000000e+00
3.3087500000e-01   0.0000000000e+00
3.3186250000e-01   0.0000000000e+00
3.3285000000e-01   0.0000000000e+00
3.3383750000e-01   0.0000000000e+00
3.3482500000e-01   0.0000000000e+00
3.3581250000e-01   0.0000000000e+00
3.3680000000e-01   0.0000000000e+00
3.3778750000e-01   0.0000000000e+00
3.3877500000e-01   0.0000000000e+00
3.3976250000e-01   0.0000000000e+00
3.4075000000e-01   0.0000000000e+00
3.4173750000e-01   0.0000000000e+00
3.4272500000e-01   0.0000000000e+00
3.4371250000e-01   0.0000000000e+00
3.4470000000e-01   0.0000000000e+00
3.4568750000e-01   0.0000000000e+00
3.4667500000e-01   0.0000000000e+00
3.4766250000e-01   0.0000000000e+00
3.4865000000e-01   0.0000000000e+00
3.4963750000e-01   0.0000000000e+00
3.5062500000e-01   0.0000000000e+00
3.5161250000e-01   0.0000000000e+00
3.5260000000e-01   0.0000000000e+00
3.5358750000e-01   0.0000000000e+00
3.5457500000e-01   0.0000000000e+00
3.5556250000e-01   0.0000000000e+00
3.5655000000e-01   0.0000000000e+00
3.5753750000e-01   0.0000000000e+00
3.5852500000e-01   0.0000000000e+00
3.5951250000e-01   0.0000000000e+00
3.6050000000e-01   0.0000000000e+00
3.6148750000e-01   0.0000000000e+00
3.6247500000e-01   0.0000000000e+00
3.6346250000e-01   0.0000000000e+00
3.6445000000e-01   0.0000000000e+00
3.6543750000e-01   0.0000000000e+00
3.6642500000e-01   0.0000000000e+00
3.6741250000e-01   0.0000000000e+00
3.6840000000e-01   0.0000000000e+00
3.6938750000e-01   0.0000000000e+00
3.7037500000e-01   0.0000000000e+00
3.7136250000e-01   0.0000000000e+00
3.7235000000e-01   0.0000000000e+00
3.7333750000e-01   0.0000000000e+00
3.7432500000e-01   0.0000000000e+00
3.7531250000e-01   0.0000000000e+00
3.7630000000e-01   0.0000000000e+00
3.7728750000e-01   0.0000000000e+00
3.7827500000e-01   0.0000000000e+00
3.7926250000e-01   0.0000000000e+00
3.8025000000e-01   0.0000000000e+00
3.8123750000e-01   0.0000000000e+00
3.8222500000e-01   0.0000000000e+00
3.8321250000e-01   0.0000000000e+00
3.8420000000e-01   0.0000000000e+00
3.8518750000e-01   0.0000000000e+00
3.8617500000e-01   0.0000000000e+00
3.8716250000e-01   0.0000000000e+00
3.8815000000e-01   0.0000000000e+00
3.8913750000e-01   0.0000000000e+00
3.9012500000e-01   0.0000000000e+00
3.9111250000e-01   0.0000000000e+00
3.9210000000e-01   0.0000000000e+00
3.9308750000e-01   0.0000000000e+00
3.9407500000e-01   0.0000000000e+00
3.9506250000e-01   0.0000000000e+00
3.9605000000e-01   0.0000000000e+00
3.9703750000e-01   0.0000000000e+00
3.9802500000e-01   0.0000000000e+00
3.9901250000e-01   0.0000000000e+00
4.0000000000e-01   0.0000000000e+00
