X    Y
-4.0000000000e-01   -2.5000000000e+00
-3.9901250000e-01   -2.5061871495e+00
-3.9802500000e-01   -2.5124049997e+00
-3.9703750000e-01   -2.5186537796e+00
-3.9605000000e-01   -2.5249337205e+00
-3.9506250000e-01   -2.5312450562e+00
-3.9407500000e-01   -2.5375880226e+00
-3.9308750000e-01   -2.5439628581e+00
-3.9210000000e-01   -2.5503698036e+00
-3.9111250000e-01   -2.5568091022e+00
-3.9012500000e-01   -2.5632809997e+00
-3.8913750000e-01   -2.5697857441e+00
-3.8815000000e-01   -2.5763235862e+00
-3.8716250000e-01   -2.5828947793e+00
-3.8617500000e-01   -2.5894995792e+00
-3.8518750000e-01   -2.5961382444e+00
-3.8420000000e-01   -2.6028110359e+00
-3.8321250000e-01   -2.6095182177e+00
-3.8222500000e-01   -2.6162600562e+00
-3.8123750000e-01   -2.6230368209e+00
-3.8025000000e-01   -2.6298487837e+00
-3.7926250000e-01   -2.6366962196e+00
-3.7827500000e-01   -2.6435794065e+00
-3.7728750000e-01   -2.6504986251e+00
-3.7630000000e-01   -2.6574541589e+00
-3.7531250000e-01   -2.6644462948e+00
-3.7432500000e-01   -2.6714753222e+00
-3.7333750000e-01   -2.6785415341e+00
-3.7235000000e-01   -2.6856452263e+00
-3.7136250000e-01   -2.6927866976e+00
-3.7037500000e-01   -2.6999662504e+00
-3.6938750000e-01   -2.7071841900e+00
-3.6840000000e-01   -2.7144408252e+00
-3.6741250000e-01   -2.7217364679e+00
-3.6642500000e-01   -2.7290714334e+00
-3.6543750000e-01   -2.7364460407e+00
-3.6445000000e-01   -2.7438606119e+00
-3.6346250000e-01   -2.7513154727e+00
-3.6247500000e-01   -2.7588109525e+00
-3.6148750000e-01   -2.7663473841e+00
-3.6050000000e-01   -2.7739251040e+00
-3.5951250000e-01   -2.7815444526e+00
-3.5852500000e-01   -2.7892057737e+00
-3.5753750000e-01   -2.7969094151e+00
-3.5655000000e-01   -2.8046557285e+00
-3.5556250000e-01   -2.8124450694e+00
-3.5457500000e-01   -2.8202777974e+00
-3.5358750000e-01   -2.8281542758e+00
-3.5260000000e-01   -2.8360748724e+00
-3.5161250000e-01   -2.8440399588e+00
-3.5062500000e-01   -2.8520499109e+00
-3.4963750000e-01   -2.8601051089e+00
-3.4865000000e-01   -2.8682059372e+00
-3.4766250000e-01   -2.8763527847e+00
-3.4667500000e-01   -2.8845460446e+00
-3.4568750000e-01   -2.8927861146e+00
-3.4470000000e-01   -2.9010733972e+00
-3.4371250000e-01   -2.9094082991e+00
-3.4272500000e-01   -2.9177912320e+00
-3.4173750000e-01   -2.9262226124e+00
-3.4075000000e-01   -2.9347028613e+00
-3.3976250000e-01   -2.9432324050e+00
-3.3877500000e-01   -2.9518116744e+00
-3.3778750000e-01   -2.9604411057e+00
-3.3680000000e-01   -2.9691211401e+00
-3.3581250000e-01   -2.9778522241e+00
-3.3482500000e-01   -2.9866348092e+00
-3.3383750000e-01   -2.9954693526e+00
-3.3285000000e-01   -3.0043563167e+00
-3.3186250000e-01   -3.0132961693e+00
-3.3087500000e-01   -3.0222893842e+00
-3.2988750000e-01   -3.0313364405e+00
-3.2890000000e-01   -3.0404378230e+00
-3.2791250000e-01   -3.0495940228e+00
-3.2692500000e-01   -3.0588055364e+00
-3.2593750000e-01   -3.0680728667e+00
-3.2495000000e-01   -3.0773965225e+00
-3.2396250000e-01   -3.0867770189e+00
-3.2297500000e-01   -3.0962148773e+00
-3.2198750000e-01   -3.1057106254e+00
-3.2100000000e-01   -3.1152647975e+00
-3.2001250000e-01   -3.1248779345e+00
-3.1902500000e-01   -3.1345505838e+00
-3.1803750000e-01   -3.1442832999e+00
-3.1705000000e-01   -3.1540766441e+00
-3.1606250000e-01   -3.1639311845e+00
-3.1507500000e-01   -3.1738474966e+00
-3.1408750000e-01   -3.1838261631e+00
-3.1310000000e-01   -3.1938677739e+00
-3.1211250000e-01   -3.2039729264e+00
-3.1112500000e-01   -3.2141422258e+00
-3.1013750000e-01   -3.2243762847e+00
-3.0915000000e-01   -3.2346757238e+00
-3.0816250000e-01   -3.2450411715e+00
-3.0717500000e-01   -3.2554732644e+00
-3.0618750000e-01   -3.2659726475e+00
-3.0520000000e-01   -3.2765399738e+00
-3.0421250000e-01   -3.2871759050e+00
-3.0322500000e-01   -3.2978811114e+00
-3.0223750000e-01   -3.3086562720e+00
-3.0125000000e-01   -3.3195020747e+00
-3.0026250000e-01   -3.3304192165e+00
-2.9927500000e-01   -3.3414084036e+00
-2.9828750000e-01   -3.3524703516e+00
-2.9730000000e-01   -3.3636057854e+00
-2.9631250000e-01   -3.3748154398e+00
-2.9532500000e-01   -3.3861000593e+00
-2.9433750000e-01   -3.3974603984e+00
-2.9335000000e-01   -3.4088972217e+00
-2.9236250000e-01   -3.4204113045e+00
-2.9137500000e-01   -3.4320034320e+00
-2.9038750000e-01   -3.4436744006e+00
-2.8940000000e-01   -3.4554250173e+00
-2.8841250000e-01   -3.4672561002e+00
-2.8742500000e-01   -3.4791684787e+00
-2.8643750000e-01   -3.4911629937e+00
-2.8545000000e-01   -3.5032404975e+00
-2.8446250000e-01   -3.5154018544e+00
-2.8347500000e-01   -3.5276479407e+00
-2.8248750000e-01   -3.5399796451e+00
-2.8150000000e-01   -3.5523978686e+00
-2.8051250000e-01   -3.5649035248e+00
-2.7952500000e-01   -3.5774975405e+00
-2.7853750000e-01   -3.5901808554e+00
-2.7755000000e-01   -3.6029544226e+00
-2.7656250000e-01   -3.6158192090e+00
-2.7557500000e-01   -3.6287761952e+00
-2.7458750000e-01   -3.6418263759e+00
-2.7360000000e-01   -3.6549707602e+00
-2.7261250000e-01   -3.6682103719e+00
-2.7162500000e-01   -3.6815462494e+00
-2.7063750000e-01   -3.6949794467e+00
-2.6965000000e-01   -3.7085110328e+00
-2.6866250000e-01   -3.7221420928e+00
-2.6767500000e-01   -3.7358737275e+00
-2.6668750000e-01   -3.7497070541e+00
-2.6570000000e-01   -3.7636432066e+00
-2.6471250000e-01   -3.7776833357e+00
-2.6372500000e-01   -3.7918286093e+00
-2.6273750000e-01   -3.8060802131e+00
-2.6175000000e-01   -3.8204393505e+00
-2.6076250000e-01   -3.8349072432e+00
-2.5977500000e-01   -3.8494851314e+00
-2.5878750000e-01   -3.8641742743e+00
-2.5780000000e-01   -3.8789759503e+00
-2.5681250000e-01   -3.8938914578e+00
-2.5582500000e-01   -3.9089221147e+00
-2.5483750000e-01   -3.9240692598e+00
-2.5385000000e-01   -3.9393342525e+00
-2.5286250000e-01   -3.9547184735e+00
-2.5187500000e-01   -3.9702233251e+00
-2.5088750000e-01   -3.9858502317e+00
-2.4990000000e-01   -4.0016006403e+00
-2.4891250000e-01   -4.0174760207e+00
-2.4792500000e-01   -4.0334778663e+00
-2.4693750000e-01   -4.0496076943e+00
-2.4595000000e-01   -4.0658670461e+00
-2.4496250000e-01   -4.0822574884e+00
-2.4397500000e-01   -4.0987806128e+00
-2.4298750000e-01   -4.1154380369e+00
-2.4200000000e-01   -4.1322314050e+00
-2.4101250000e-01   -4.1491623878e+00
-2.4002500000e-01   -4.1662326841e+00
-2.3903750000e-01   -4.1834440203e+00
-2.3805000000e-01   -4.2007981516e+00
-2.3706250000e-01   -4.2182968626e+00
-2.3607500000e-01   -4.2359419676e+00
-2.3508750000e-01   -4.2537353113e+00
-2.3410000000e-01   -4.2716787698e+00
-2.3311250000e-01   -4.2897742506e+00
-2.3212500000e-01   -4.3080236941e+00
-2.3113750000e-01   -4.3264290736e+00
-2.3015000000e-01   -4.3449923963e+00
-2.2916250000e-01   -4.3637157039e+00
-2.2817500000e-01   -4.3826010737e+00
-2.2718750000e-01   -4.4016506190e+00
-2.2620000000e-01   -4.4208664898e+00
-2.2521250000e-01   -4.4402508742e+00
-2.2422500000e-01   -4.4598059984e+00
-2.2323750000e-01   -4.4795341285e+00
-2.2225000000e-01   -4.4994375703e+00
-2.2126250000e-01   -4.5195186713e+00
-2.2027500000e-01   -4.5397798207e+00
-2.1928750000e-01   -4.5602234509e+00
-2.1830000000e-01   -4.5808520385e+00
-2.1731250000e-01   -4.6016681047e+00
-2.1632500000e-01   -4.6226742170e+00
-2.1533750000e-01   -4.6438729901e+00
-2.1435000000e-01   -4.6652670865e+00
-2.1336250000e-01   -4.6868592185e+00
-2.1237500000e-01   -4.7086521483e+00
-2.1138750000e-01   -4.7306486902e+00
-2.1040000000e-01   -4.7528517110e+00
-2.0941250000e-01   -4.7752641318e+00
-2.0842500000e-01   -4.7978889289e+00
-2.0743750000e-01   -4.8207291353e+00
-2.0645000000e-01   -4.8437878421e+00
-2.0546250000e-01   -4.8670681998e+00
-2.0447500000e-01   -4.8905734197e+00
-2.0348750000e-01   -4.9143067756e+00
-2.0250000000e-01   -4.9382716049e+00
-2.0151250000e-01   -4.9624713107e+00
-2.0052500000e-01   -4.9869093629e+00
-1.9953750000e-01   -5.0115893003e+00
-1.9855000000e-01   -5.0365147318e+00
-1.9756250000e-01   -5.0616893388e+00
-1.9657500000e-01   -5.0871168765e+00
-1.9558750000e-01   -5.1128011759e+00
-1.9460000000e-01   -5.1387461459e+00
-1.9361250000e-01   -5.1649557751e+00
-1.9262500000e-01   -5.1914341337e+00
-1.9163750000e-01   -5.2181853760e+00
-1.9065000000e-01   -5.2452137425e+00
-1.8966250000e-01   -5.2725235616e+00
-1.8867500000e-01   -5.3001192527e+00
-1.8768750000e-01   -5.3280053280e+00
-1.8670000000e-01   -5.3561863953e+00
-1.8571250000e-01   -5.3846671603e+00
-1.8472500000e-01   -5.4134524293e+00
-1.8373750000e-01   -5.4425471120e+00
-1.8275000000e-01   -5.4719562244e+00
-1.8176250000e-01   -5.5016848910e+00
-1.8077500000e-01   -5.5317383488e+00
-1.7978750000e-01   -5.5621219495e+00
-1.7880000000e-01   -5.5928411633e+00
-1.7781250000e-01   -5.6239015817e+00
-1.7682500000e-01   -5.6553089212e+00
-1.7583750000e-01   -5.6870690268e+00
-1.7485000000e-01   -5.7191878753e+00
-1.7386250000e-01   -5.7516715796e+00
-1.7287500000e-01   -5.7845263919e+00
-1.7188750000e-01   -5.8177587085e+00
-1.7090000000e-01   -5.8513750731e+00
-1.6991250000e-01   -5.8853821820e+00
-1.6892500000e-01   -5.9197868877e+00
-1.6793750000e-01   -5.9545962039e+00
-1.6695000000e-01   -5.9898173106e+00
-1.6596250000e-01   -6.0254575582e+00
-1.6497500000e-01   -6.0615244734e+00
-1.6398750000e-01   -6.0980257642e+00
-1.6300000000e-01   -6.1349693252e+00
-1.6201250000e-01   -6.1723632436e+00
-1.6102500000e-01   -6.2102158050e+00
-1.6003750000e-01   -6.2485354995e+00
-1.5905000000e-01   -6.2873310280e+00
-1.5806250000e-01   -6.3266113088e+00
-1.5707500000e-01   -6.3663854846e+00
-1.5608750000e-01   -6.4066629294e+00
-1.5510000000e-01   -6.4474532560e+00
-1.5411250000e-01   -6.4887663233e+00
-1.5312500000e-01   -6.5306122449e+00
-1.5213750000e-01   -6.5730013968e+00
-1.5115000000e-01   -6.6159444261e+00
-1.5016250000e-01   -6.6594522601e+00
-1.4917500000e-01   -6.7035361153e+00
-1.4818750000e-01   -6.7482075074e+00
-1.4720000000e-01   -6.7934782609e+00
-1.4621250000e-01   -6.8393605198e+00
-1.4522500000e-01   -6.8858667585e+00
-1.4423750000e-01   -6.9330097929e+00
-1.4325000000e-01   -6.9808027923e+00
-1.4226250000e-01   -7.0292592918e+00
-1.4127500000e-01   -7.0783932047e+00
-1.4028750000e-01   -7.1282188363e+00
-1.3930000000e-01   -7.1787508973e+00
-1.3831250000e-01   -7.2300045188e+00
-1.3732500000e-01   -7.2819952667e+00
-1.3633750000e-01   -7.3347391583e+00
-1.3535000000e-01   -7.3882526782e+00
-1.3436250000e-01   -7.4425527956e+00
-1.3337500000e-01   -7.4976569822e+00
-1.3238750000e-01   -7.5535832310e+00
-1.3140000000e-01   -7.6103500761e+00
-1.3041250000e-01   -7.6679766127e+00
-1.2942500000e-01   -7.7264825188e+00
-1.2843750000e-01   -7.7858880779e+00
-1.2745000000e-01   -7.8462142016e+00
-1.2646250000e-01   -7.9074824553e+00
-1.2547500000e-01   -7.9697150827e+00
-1.2448750000e-01   -8.0329350336e+00
-1.2350000000e-01   -8.0971659919e+00
-1.2251250000e-01   -8.1624324049e+00
-1.2152500000e-01   -8.2287595145e+00
-1.2053750000e-01   -8.2961733900e+00
-1.1955000000e-01   -8.3647009619e+00
-1.1856250000e-01   -8.4343700580e+00
-1.1757500000e-01   -8.5052094408e+00
-1.1658750000e-01   -8.5772488474e+00
-1.1560000000e-01   -8.6505190311e+00
-1.1461250000e-01   -8.7250518050e+00
-1.1362500000e-01   -8.8008800880e+00
-1.1263750000e-01   -8.8780379536e+00
-1.1165000000e-01   -8.9565606807e+00
-1.1066250000e-01   -9.0364848074e+00
-1.0967500000e-01   -9.1178481878e+00
-1.0868750000e-01   -9.2006900518e+00
-1.0770000000e-01   -9.2850510678e+00
-1.0671250000e-01   -9.3709734099e+00
-1.0572500000e-01   -9.4585008276e+00
-1.0473750000e-01   -9.5476787206e+00
-1.0375000000e-01   -9.6385542169e+00
-1.0276250000e-01   -9.7311762559e+00
-1.0177500000e-01   -9.8255956767e+00
-1.0078750000e-01   -9.9218653107e+00
-9.9800000000e-02   -1.0020040080e+01
-9.8812500000e-02   -1.0120177103e+01
-9.7825000000e-02   -1.0222335804e+01
-9.6837500000e-02   -1.0326578030e+01
-9.5850000000e-02   -1.0432968179e+01
-9.4862500000e-02   -1.0541573330e+01
-9.3875000000e-02   -1.0652463382e+01
-9.2887500000e-02   -1.0765711210e+01
-9.1900000000e-02   -1.0881392818e+01
-9.0912500000e-02   -1.0999587515e+01
-8.9925000000e-02   -1.1120378093e+01
-8.8937500000e-02   -1.1243851019e+01
-8.7950000000e-02   -1.1370096646e+01
-8.6962500000e-02   -1.1499209429e+01
-8.5975000000e-02   -1.1631288165e+01
-8.4987500000e-02   -1.1766436241e+01
-8.4000000000e-02   -1.1904761905e+01
-8.3012500000e-02   -1.2046378557e+01
-8.2025000000e-02   -1.2191405059e+01
-8.1037500000e-02   -1.2339966065e+01
-8.0050000000e-02   -1.2492192380e+01
-7.9062500000e-02   -1.2648221344e+01
-7.8075000000e-02   -1.2808197246e+01
-7.7087500000e-02   -1.2972271769e+01
-7.6100000000e-02   -1.3140604468e+01
-7.5112500000e-02   -1.3313363288e+01
-7.4125000000e-02   -1.3490725126e+01
-7.3137500000e-02   -1.3672876431e+01
-7.2150000000e-02   -1.3860013860e+01
-7.1162500000e-02   -1.4052344985e+01
-7.0175000000e-02   -1.4250089063e+01
-6.9187500000e-02   -1.4453477868e+01
-6.8200000000e-02   -1.4662756598e+01
-6.7212500000e-02   -1.4878184861e+01
-6.6225000000e-02   -1.5100037750e+01
-6.5237500000e-02   -1.5328607013e+01
-6.4250000000e-02   -1.5564202335e+01
-6.3262500000e-02   -1.5807152737e+01
-6.2275000000e-02   -1.6057808109e+01
-6.1287500000e-02   -1.6316540893e+01
-6.0300000000e-02   -1.6583747927e+01
-5.9312500000e-02   -1.6859852476e+01
-5.8325000000e-02   -1.7145306472e+01
-5.7337500000e-02   -1.7440592980e+01
-5.6350000000e-02   -1.7746228926e+01
-5.5362500000e-02   -1.8062768119e+01
-5.4375000000e-02   -1.8390804598e+01
-5.3387500000e-02   -1.8730976352e+01
-5.2400000000e-02   -1.9083969466e+01
-5.1412500000e-02   -1.9450522733e+01
-5.0425000000e-02   -1.9831432821e+01
-4.9437500000e-02   -2.0227560051e+01
-4.8450000000e-02   -2.0639834881e+01
-4.7462500000e-02   -2.1069265209e+01
-4.6475000000e-02   -2.1516944594e+01
-4.5487500000e-02   -2.1984061555e+01
-4.4500000000e-02   -2.2471910112e+01
-4.3512500000e-02   -2.2981901752e+01
-4.2525000000e-02   -2.3515579071e+01
-4.1537500000e-02   -2.4074631357e+01
-4.0550000000e-02   -2.4660912454e+01
-3.9562500000e-02   -2.5276461295e+01
-3.8575000000e-02   -2.5923525599e+01
-3.7587500000e-02   -2.6604589292e+01
-3.6600000000e-02   -2.7322404372e+01
-3.5612500000e-02   -2.8080028080e+01
-3.4625000000e-02   -2.8880866426e+01
-3.3637500000e-02   -2.9728725381e+01
-3.2650000000e-02   -3.0627871363e+01
-3.1662500000e-02   -3.1583103040e+01
-3.0675000000e-02   -3.2599837001e+01
-2.9687500000e-02   -3.3684210526e+01
-2.8700000000e-02   -3.4843205575e+01
-2.7712500000e-02   -3.6084799278e+01
-2.6725000000e-02   -3.7418147802e+01
-2.5737500000e-02   -3.8853812530e+01
-2.4750000000e-02   -4.0404040404e+01
-2.3762500000e-02   -4.2083114150e+01
-2.2775000000e-02   -4.3907793633e+01
-2.1787500000e-02   -4.5897877223e+01
-2.0800000000e-02   -4.8076923077e+01
-1.9812500000e-02   -5.0473186120e+01
-1.8825000000e-02   -5.3120849934e+01
-1.7837500000e-02   -5.6061667835e+01
-1.6850000000e-02   -5.9347181009e+01
-1.5862500000e-02   -6.3041765169e+01
-1.4875000000e-02   -6.7226890756e+01
-1.3887500000e-02   -7.2007200720e+01
-1.2900000000e-02   -7.7519379845e+01
-1.1912500000e-02   -8.3945435467e+01
-1.0925000000e-02   -9.1533180778e+01
-9.9375000000e-03   -1.0062893082e+02
-8.9500000000e-03   -1.1173184358e+02
-7.9625000000e-03   -1.2558869702e+02
-6.9750000000e-03   -1.4336917563e+02
-5.9875000000e-03   -1.6701461378e+02
-5.0000000000e-03   -2.0000000000e+02
