X    Y
1.0000000000e-02   1.0000000000e+02
1.0975000000e-02   9.1116173121e+01
1.1950000000e-02   8.3682008368e+01
1.2925000000e-02   7.7369439072e+01
1.3900000000e-02   7.1942446043e+01
1.4875000000e-02   6.7226890756e+01
1.5850000000e-02   6.3091482650e+01
1.6825000000e-02   5.9435364042e+01
1.7800000000e-02   5.6179775281e+01
1.8775000000e-02   5.3262316911e+01
1.9750000000e-02   5.0632911392e+01
2.0725000000e-02   4.8250904704e+01
2.1700000000e-02   4.6082949309e+01
2.2675000000e-02   4.4101433297e+01
2.3650000000e-02   4.2283298097e+01
2.4625000000e-02   4.0609137056e+01
2.5600000000e-02   3.9062500000e+01
2.6575000000e-02   3.7629350894e+01
2.7550000000e-02   3.6297640653e+01
2.8525000000e-02   3.5056967572e+01
2.9500000000e-02   3.3898305085e+01
3.0475000000e-02   3.2813781788e+01
3.1450000000e-02   3.1796502385e+01
3.2425000000e-02   3.0840400925e+01
3.3400000000e-02   2.9940119760e+01
3.4375000000e-02   2.9090909091e+01
3.5350000000e-02   2.8288543140e+01
3.6325000000e-02   2.7529249828e+01
3.7300000000e-02   2.6809651475e+01
3.8275000000e-02   2.6126714566e+01
3.9250000000e-02   2.5477707006e+01
4.0225000000e-02   2.4860161591e+01
4.1200000000e-02   2.4271844660e+01
4.2175000000e-02   2.3710729105e+01
4.3150000000e-02   2.3174971031e+01
4.4125000000e-02   2.2662889518e+01
4.5100000000e-02   2.2172949002e+01
4.6075000000e-02   2.1703743896e+01
4.7050000000e-02   2.1253985122e+01
4.8025000000e-02   2.0822488287e+01
4.9000000000e-02   2.0408163265e+01
4.9975000000e-02   2.0010005003e+01
5.0950000000e-02   1.9627085378e+01
5.1925000000e-02   1.9258545980e+01
5.2900000000e-02   1.8903591682e+01
5.3875000000e-02   1.8561484919e+01
5.4850000000e-02   1.8231540565e+01
5.5825000000e-02   1.7913121361e+01
5.6800000000e-02   1.7605633803e+01
5.7775000000e-02   1.7308524448e+01
5.8750000000e-02   1.7021276596e+01
5.9725000000e-02   1.6743407283e+01
6.0700000000e-02   1.6474464580e+01
6.1675000000e-02   1.6214025132e+01
6.2650000000e-02   1.5961691939e+01
6.3625000000e-02   1.5717092338e+01
6.4600000000e-02   1.5479876161e+01
6.5575000000e-02   1.5249714068e+01
6.6550000000e-02   1.5026296018e+01
6.7525000000e-02   1.4809329878e+01
6.8500000000e-02   1.4598540146e+01
6.9475000000e-02   1.4393666787e+01
7.0450000000e-02   1.4194464159e+01
7.1425000000e-02   1.4000700035e+01
7.2400000000e-02   1.3812154696e+01
7.3375000000e-02   1.3628620102e+01
7.4350000000e-02   1.3449899126e+01
7.5325000000e-02   1.3275804846e+01
7.6300000000e-02   1.3106159895e+01
7.7275000000e-02   1.2940795859e+01
7.8250000000e-02   1.2779552716e+01
7.9225000000e-02   1.2622278321e+01
8.0200000000e-02   1.2468827930e+01
8.1175000000e-02   1.2319063751e+01
8.2150000000e-02   1.2172854534e+01
8.3125000000e-02   1.2030075188e+01
8.4100000000e-02   1.1890606421e+01
8.5075000000e-02   1.1754334411e+01
8.6050000000e-02   1.1621150494e+01
8.7025000000e-02   1.1490950876e+01
8.8000000000e-02   1.1363636364e+01
8.8975000000e-02   1.1239112110e+01
8.9950000000e-02   1.1117287382e+01
9.0925000000e-02   1.0998075337e+01
9.1900000000e-02   1.0881392818e+01
9.2875000000e-02   1.0767160162e+01
9.3850000000e-02   1.0655301012e+01
9.4825000000e-02   1.0545742157e+01
9.5800000000e-02   1.0438413361e+01
9.6775000000e-02   1.0333247223e+01
9.7750000000e-02   1.0230179028e+01
9.8725000000e-02   1.0129146619e+01
9.9700000000e-02   1.0030090271e+01
1.0067500000e-01   9.9329525702e+00
1.0165000000e-01   9.8376783079e+00
1.0262500000e-01   9.7442143727e+00
1.0360000000e-01   9.6525096525e+00
1.0457500000e-01   9.5625149414e+00
1.0555000000e-01   9.4741828517e+00
1.0652500000e-01   9.3874677306e+00
1.0750000000e-01   9.3023255814e+00
1.0847500000e-01   9.2187139894e+00
1.0945000000e-01   9.1365920512e+00
1.1042500000e-01   9.0559203079e+00
1.1140000000e-01   8.9766606822e+00
1.1237500000e-01   8.8987764182e+00
1.1335000000e-01   8.8222320247e+00
1.1432500000e-01   8.7469932211e+00
1.1530000000e-01   8.6730268864e+00
1.1627500000e-01   8.6003010105e+00
1.1725000000e-01   8.5287846482e+00
1.1822500000e-01   8.4584478748e+00
1.1920000000e-01   8.3892617450e+00
1.2017500000e-01   8.3211982525e+00
1.2115000000e-01   8.2542302930e+00
1.2212500000e-01   8.1883316274e+00
1.2310000000e-01   8.1234768481e+00
1.2407500000e-01   8.0596413460e+00
1.2505000000e-01   7.9968012795e+00
1.2602500000e-01   7.9349335449e+00
1.2700000000e-01   7.8740157480e+00
1.2797500000e-01   7.8140261770e+00
1.2895000000e-01   7.7549437767e+00
1.2992500000e-01   7.6967481239e+00
1.3090000000e-01   7.6394194041e+00
1.3187500000e-01   7.5829383886e+00
1.3285000000e-01   7.5272864132e+00
1.3382500000e-01   7.4724453577e+00
1.3480000000e-01   7.4183976261e+00
1.3577500000e-01   7.3651261278e+00
1.3675000000e-01   7.3126142596e+00
1.3772500000e-01   7.2608458885e+00
1.3870000000e-01   7.2098053353e+00
1.3967500000e-01   7.1594773582e+00
1.4065000000e-01   7.1098471383e+00
1.4162500000e-01   7.0609002648e+00
1.4260000000e-01   7.0126227209e+00
1.4357500000e-01   6.9650008706e+00
1.4455000000e-01   6.9180214459e+00
1.4552500000e-01   6.8716715341e+00
1.4650000000e-01   6.8259385666e+00
1.4747500000e-01   6.7808103068e+00
1.4845000000e-01   6.7362748400e+00
1.4942500000e-01   6.6923205622e+00
1.5040000000e-01   6.6489361702e+00
1.5137500000e-01   6.6061106524e+00
1.5235000000e-01   6.5638332786e+00
1.5332500000e-01   6.5220935920e+00
1.5430000000e-01   6.4808813999e+00
1.5527500000e-01   6.4401867654e+00
1.5625000000e-01   6.4000000000e+00
1.5722500000e-01   6.3603116553e+00
1.5820000000e-01   6.3211125158e+00
1.5917500000e-01   6.2823935920e+00
1.6015000000e-01   6.2441461130e+00
1.6112500000e-01   6.2063615206e+00
1.6210000000e-01   6.1690314621e+00
1.6307500000e-01   6.1321477848e+00
1.6405000000e-01   6.0957025297e+00
1.6502500000e-01   6.0596879261e+00
1.6600000000e-01   6.0240963855e+00
1.6697500000e-01   5.9889204971e+00
1.6795000000e-01   5.9541530217e+00
1.6892500000e-01   5.9197868877e+00
1.6990000000e-01   5.8858151854e+00
1.7087500000e-01   5.8522311631e+00
1.7185000000e-01   5.8190282223e+00
1.7282500000e-01   5.7861999132e+00
1.7380000000e-01   5.7537399310e+00
1.7477500000e-01   5.7216421113e+00
1.7575000000e-01   5.6899004267e+00
1.7672500000e-01   5.6585089829e+00
1.7770000000e-01   5.6274620146e+00
1.7867500000e-01   5.5967538827e+00
1.7965000000e-01   5.5663790704e+00
1.8062500000e-01   5.5363321799e+00
1.8160000000e-01   5.5066079295e+00
1.8257500000e-01   5.4772011502e+00
1.8355000000e-01   5.4481067829e+00
1.8452500000e-01   5.4193198754e+00
1.8550000000e-01   5.3908355795e+00
1.8647500000e-01   5.3626491487e+00
1.8745000000e-01   5.3347559349e+00
1.8842500000e-01   5.3071513865e+00
1.8940000000e-01   5.2798310454e+00
1.9037500000e-01   5.2527905450e+00
1.9135000000e-01   5.2260256075e+00
1.9232500000e-01   5.1995320421e+00
1.9330000000e-01   5.1733057424e+00
1.9427500000e-01   5.1473426843e+00
1.9525000000e-01   5.1216389245e+00
1.9622500000e-01   5.0961905975e+00
1.9720000000e-01   5.0709939148e+00
1.9817500000e-01   5.0460451621e+00
1.9915000000e-01   5.0213406980e+00
2.0012500000e-01   4.9968769519e+00
2.0110000000e-01   4.9726504227e+00
2.0207500000e-01   4.9486576766e+00
2.0305000000e-01   4.9248953460e+00
2.0402500000e-01   4.9013601274e+00
2.0500000000e-01   4.8780487805e+00
2.0597500000e-01   4.8549581260e+00
2.0695000000e-01   4.8320850447e+00
2.0792500000e-01   4.8094264759e+00
2.0890000000e-01   4.7869794160e+00
2.0987500000e-01   4.7647409172e+00
2.1085000000e-01   4.7427080863e+00
2.1182500000e-01   4.7208780833e+00
2.1280000000e-01   4.6992481203e+00
2.1377500000e-01   4.6778154602e+00
2.1475000000e-01   4.6565774156e+00
2.1572500000e-01   4.6355313478e+00
2.1670000000e-01   4.6146746654e+00
2.1767500000e-01   4.5940048237e+00
2.1865000000e-01   4.5735193231e+00
2.1962500000e-01   4.5532157086e+00
2.2060000000e-01   4.5330915684e+00
2.2157500000e-01   4.5131445335e+00
2.2255000000e-01   4.4933722759e+00
2.2352500000e-01   4.4737725087e+00
2.2450000000e-01   4.4543429844e+00
2.2547500000e-01   4.4350814946e+00
2.2645000000e-01   4.4159858688e+00
2.2742500000e-01   4.3970539738e+00
2.2840000000e-01   4.3782837128e+00
2.2937500000e-01   4.3596730245e+00
2.3035000000e-01   4.3412198828e+00
2.3132500000e-01   4.3229222955e+00
2.3230000000e-01   4.3047783039e+00
2.3327500000e-01   4.2867859822e+00
2.3425000000e-01   4.2689434365e+00
2.3522500000e-01   4.2512488043e+00
2.3620000000e-01   4.2337002540e+00
2.3717500000e-01   4.2162959840e+00
2.3815000000e-01   4.1990342221e+00
2.3912500000e-01   4.1819132253e+00
2.4010000000e-01   4.1649312786e+00
2.4107500000e-01   4.1480866950e+00
2.4205000000e-01   4.1313778145e+00
2.4302500000e-01   4.1148030038e+00
2.4400000000e-01   4.0983606557e+00
2.4497500000e-01   4.0820491887e+00
2.4595000000e-01   4.0658670461e+00
2.4692500000e-01   4.0498126962e+00
2.4790000000e-01   4.0338846309e+00
2.4887500000e-01   4.0180813661e+00
2.4985000000e-01   4.0024014409e+00
2.5082500000e-01   3.9868434167e+00
2.5180000000e-01   3.9714058777e+00
2.5277500000e-01   3.9560874295e+00
2.5375000000e-01   3.9408866995e+00
2.5472500000e-01   3.9258023359e+00
2.5570000000e-01   3.9108330074e+00
2.5667500000e-01   3.8959774033e+00
2.5765000000e-01   3.8812342325e+00
2.5862500000e-01   3.8666022233e+00
2.5960000000e-01   3.8520801233e+00
2.6057500000e-01   3.8376666986e+00
2.6155000000e-01   3.8233607341e+00
2.6252500000e-01   3.8091610323e+00
2.6350000000e-01   3.7950664137e+00
2.6447500000e-01   3.7810757160e+00
2.6545000000e-01   3.7671877943e+00
2.6642500000e-01   3.7534015201e+00
2.6740000000e-01   3.7397157816e+00
2.6837500000e-01   3.7261294830e+00
2.6935000000e-01   3.7126415445e+00
2.7032500000e-01   3.6992509017e+00
2.7130000000e-01   3.6859565057e+00
2.7227500000e-01   3.6727573226e+00
2.7325000000e-01   3.6596523330e+00
2.7422500000e-01   3.6466405324e+00
2.7520000000e-01   3.6337209302e+00
2.7617500000e-01   3.6208925500e+00
2.7715000000e-01   3.6081544290e+00
2.7812500000e-01   3.5955056180e+00
2.7910000000e-01   3.5829451809e+00
2.8007500000e-01   3.5704721949e+00
2.8105000000e-01   3.5580857499e+00
2.8202500000e-01   3.5457849481e+00
2.8300000000e-01   3.5335689046e+00
2.8397500000e-01   3.5214367462e+00
2.8495000000e-01   3.5093876119e+00
2.8592500000e-01   3.4974206523e+00
2.8690000000e-01   3.4855350296e+00
2.8787500000e-01   3.4737299175e+00
2.8885000000e-01   3.4620045006e+00
2.8982500000e-01   3.4503579746e+00
2.9080000000e-01   3.4387895461e+00
2.9177500000e-01   3.4272984320e+00
2.9275000000e-01   3.4158838599e+00
2.9372500000e-01   3.4045450677e+00
2.9470000000e-01   3.3932813030e+00
2.9567500000e-01   3.3820918238e+00
2.9665000000e-01   3.3709758975e+00
2.9762500000e-01   3.3599328013e+00
2.9860000000e-01   3.3489618218e+00
2.9957500000e-01   3.3380622549e+00
3.0055000000e-01   3.3272334054e+00
3.0152500000e-01   3.3164745875e+00
3.0250000000e-01   3.3057851240e+00
3.0347500000e-01   3.2951643463e+00
3.0445000000e-01   3.2846115947e+00
3.0542500000e-01   3.2741262176e+00
3.0640000000e-01   3.2637075718e+00
3.0737500000e-01   3.2533550224e+00
3.0835000000e-01   3.2430679423e+00
3.0932500000e-01   3.2328457124e+00
3.1030000000e-01   3.2226877216e+00
3.1127500000e-01   3.2125933660e+00
3.1225000000e-01   3.2025620496e+00
3.1322500000e-01   3.1925931838e+00
3.1420000000e-01   3.1826861871e+00
3.1517500000e-01   3.1728404854e+00
3.1615000000e-01   3.1630555116e+00
3.1712500000e-01   3.1533307056e+00
3.1810000000e-01   3.1436655140e+00
3.1907500000e-01   3.1340593904e+00
3.2005000000e-01   3.1245117950e+00
3.2102500000e-01   3.1150221945e+00
3.2200000000e-01   3.1055900621e+00
3.2297500000e-01   3.0962148773e+00
3.2395000000e-01   3.0868961259e+00
3.2492500000e-01   3.0776333000e+00
3.2590000000e-01   3.0684258975e+00
3.2687500000e-01   3.0592734226e+00
3.2785000000e-01   3.0501753851e+00
3.2882500000e-01   3.0411313008e+00
3.2980000000e-01   3.0321406913e+00
3.3077500000e-01   3.0232030837e+00
3.3175000000e-01   3.0143180106e+00
3.3272500000e-01   3.0054850101e+00
3.3370000000e-01   2.9967036260e+00
3.3467500000e-01   2.9879734070e+00
3.3565000000e-01   2.9792939073e+00
3.3662500000e-01   2.9706646862e+00
3.3760000000e-01   2.9620853081e+00
3.3857500000e-01   2.9535553422e+00
3.3955000000e-01   2.9450743631e+00
3.4052500000e-01   2.9366419499e+00
3.4150000000e-01   2.9282576867e+00
3.4247500000e-01   2.9199211621e+00
3.4345000000e-01   2.9116319697e+00
3.4442500000e-01   2.9033897075e+00
3.4540000000e-01   2.8951939780e+00
3.4637500000e-01   2.8870443883e+00
3.4735000000e-01   2.8789405499e+00
3.4832500000e-01   2.8708820785e+00
3.4930000000e-01   2.8628685943e+00
3.5027500000e-01   2.8548997216e+00
3.5125000000e-01   2.8469750890e+00
3.5222500000e-01   2.8390943289e+00
3.5320000000e-01   2.8312570781e+00
3.5417500000e-01   2.8234629773e+00
3.5515000000e-01   2.8157116711e+00
3.5612500000e-01   2.8080028080e+00
3.5710000000e-01   2.8003360403e+00
3.5807500000e-01   2.7927110242e+00
3.5905000000e-01   2.7851274196e+00
3.6002500000e-01   2.7775848899e+00
3.6100000000e-01   2.7700831025e+00
3.6197500000e-01   2.7626217280e+00
3.6295000000e-01   2.7552004408e+00
3.6392500000e-01   2.7478189187e+00
3.6490000000e-01   2.7404768430e+00
3.6587500000e-01   2.7331738982e+00
3.6685000000e-01   2.7259097724e+00
3.6782500000e-01   2.7186841569e+00
3.6880000000e-01   2.7114967462e+00
3.6977500000e-01   2.7043472382e+00
3.7075000000e-01   2.6972353338e+00
3.7172500000e-01   2.6901607371e+00
3.7270000000e-01   2.6831231554e+00
3.7367500000e-01   2.6761222988e+00
3.7465000000e-01   2.6691578807e+00
3.7562500000e-01   2.6622296173e+00
3.7660000000e-01   2.6553372278e+00
3.7757500000e-01   2.6484804344e+00
3.7855000000e-01   2.6416589618e+00
3.7952500000e-01   2.6348725380e+00
3.8050000000e-01   2.6281208936e+00
3.8147500000e-01   2.6214037617e+00
3.8245000000e-01   2.6147208785e+00
3.8342500000e-01   2.6080719828e+00
3.8440000000e-01   2.6014568158e+00
3.8537500000e-01   2.5948751216e+00
3.8635000000e-01   2.5883266468e+00
3.8732500000e-01   2.5818111405e+00
3.8830000000e-01   2.5753283544e+00
3.8927500000e-01   2.5688780425e+00
3.9025000000e-01   2.5624599616e+00
3.9122500000e-01   2.5560738705e+00
3.9220000000e-01   2.5497195309e+00
3.9317500000e-01   2.5433967063e+00
3.9415000000e-01   2.5371051630e+00
3.9512500000e-01   2.5308446694e+00
3.9610000000e-01   2.5246149962e+00
3.9707500000e-01   2.5184159164e+00
3.9805000000e-01   2.5122472051e+00
3.9902500000e-01   2.5061086398e+00
4.0000000000e-01   2.5000000000e+00
