X    Y
-3.8100000000e+02   1.5707963263e+00
-3.8000000000e+02   1.5707963273e+00
-3.7900000000e+02   1.5707963262e+00
-3.7800000000e+02   1.5707963274e+00
-3.7700000000e+02   1.5707963262e+00
-3.7600000000e+02   1.5707963275e+00
-3.7500000000e+02   1.5707963260e+00
-3.7400000000e+02   1.5707963276e+00
-3.7300000000e+02   1.5707963259e+00
-3.7200000000e+02   1.5707963277e+00
-3.7100000000e+02   1.5707963258e+00
-3.7000000000e+02   1.5707963279e+00
-3.6900000000e+02   1.5707963256e+00
-3.6800000000e+02   1.5707963281e+00
-3.6700000000e+02   1.5707963254e+00
-3.6600000000e+02   1.5707963283e+00
-3.6500000000e+02   1.5707963252e+00
-3.6400000000e+02   1.5707963286e+00
-3.6300000000e+02   1.5707963249e+00
-3.6200000000e+02   1.5707963288e+00
-3.6100000000e+02   1.5707963246e+00
-3.6000000000e+02   1.5707963292e+00
-3.5900000000e+02   1.5707963242e+00
-3.5800000000e+02   1.5707963295e+00
-3.5700000000e+02   1.5707963238e+00
-3.5600000000e+02   1.5707963300e+00
-3.5500000000e+02   1.5707963234e+00
-3.5400000000e+02   1.5707963305e+00
-3.5300000000e+02   1.5707963228e+00
-3.5200000000e+02   1.5707963311e+00
-3.5100000000e+02   1.5707963222e+00
-3.5000000000e+02   1.5707963318e+00
-3.4900000000e+02   1.5707963215e+00
-3.4800000000e+02   1.5707963325e+00
-3.4700000000e+02   1.5707963206e+00
-3.4600000000e+02   1.5707963334e+00
-3.4500000000e+02   1.5707963197e+00
-3.4400000000e+02   1.5707963344e+00
-3.4300000000e+02   1.5707963186e+00
-3.4200000000e+02   1.5707963356e+00
-3.4100000000e+02   1.5707963173e+00
-3.4000000000e+02   1.5707963369e+00
-3.3900000000e+02   1.5707963159e+00
-3.3800000000e+02   1.5707963385e+00
-3.3700000000e+02   1.5707963143e+00
-3.3600000000e+02   1.5707963402e+00
-3.3500000000e+02   1.5707963124e+00
-3.3400000000e+02   1.5707963422e+00
-3.3300000000e+02   1.5707963102e+00
-3.3200000000e+02   1.5707963445e+00
-3.3100000000e+02   1.5707963078e+00
-3.3000000000e+02   1.5707963472e+00
-3.2900000000e+02   1.5707963050e+00
-3.2800000000e+02   1.5707963501e+00
-3.2700000000e+02   1.5707963018e+00
-3.2600000000e+02   1.5707963536e+00
-3.2500000000e+02   1.5707962982e+00
-3.2400000000e+02   1.5707963574e+00
-3.2300000000e+02   1.5707962940e+00
-3.2200000000e+02   1.5707963619e+00
-3.2100000000e+02   1.5707962893e+00
-3.2000000000e+02   1.5707963669e+00
-3.1900000000e+02   1.5707962839e+00
-3.1800000000e+02   1.5707963726e+00
-3.1700000000e+02   1.5707962779e+00
-3.1600000000e+02   1.5707963791e+00
-3.1500000000e+02   1.5707962710e+00
-3.1400000000e+02   1.5707963864e+00
-3.1300000000e+02   1.5707962631e+00
-3.1200000000e+02   1.5707963948e+00
-3.1100000000e+02   1.5707962543e+00
-3.1000000000e+02   1.5707964042e+00
-3.0900000000e+02   1.5707962442e+00
-3.0800000000e+02   1.5707964149e+00
-3.0700000000e+02   1.5707962328e+00
-3.0600000000e+02   1.5707964270e+00
-3.0500000000e+02   1.5707962200e+00
-3.0400000000e+02   1.5707964406e+00
-3.0300000000e+02   1.5707962055e+00
-3.0200000000e+02   1.5707964561e+00
-3.0100000000e+02   1.5707961891e+00
-3.0000000000e+02   1.5707964735e+00
-2.9900000000e+02   1.5707961706e+00
-2.9800000000e+02   1.5707964931e+00
-2.9700000000e+02   1.5707961498e+00
-2.9600000000e+02   1.5707965152e+00
-2.9500000000e+02   1.5707961263e+00
-2.9400000000e+02   1.5707965401e+00
-2.9300000000e+02   1.5707961000e+00
-2.9200000000e+02   1.5707965680e+00
-2.9100000000e+02   1.5707960703e+00
-2.9000000000e+02   1.5707965995e+00
-2.8900000000e+02   1.5707960370e+00
-2.8800000000e+02   1.5707966347e+00
-2.8700000000e+02   1.5707959996e+00
-2.8600000000e+02   1.5707966743e+00
-2.8500000000e+02   1.5707959577e+00
-2.8400000000e+02   1.5707967187e+00
-2.8300000000e+02   1.5707959107e+00
-2.8200000000e+02   1.5707967684e+00
-2.8100000000e+02   1.5707958581e+00
-2.8000000000e+02   1.5707968241e+00
-2.7900000000e+02   1.5707957993e+00
-2.7800000000e+02   1.5707968863e+00
-2.7700000000e+02   1.5707957335e+00
-2.7600000000e+02   1.5707969559e+00
-2.7500000000e+02   1.5707956600e+00
-2.7400000000e+02   1.5707970335e+00
-2.7300000000e+02   1.5707955780e+00
-2.7200000000e+02   1.5707971201e+00
-2.7100000000e+02   1.5707954865e+00
-2.7000000000e+02   1.5707972167e+00
-2.6900000000e+02   1.5707953845e+00
-2.6800000000e+02   1.5707973243e+00
-2.6700000000e+02   1.5707952711e+00
-2.6600000000e+02   1.5707974440e+00
-2.6500000000e+02   1.5707951448e+00
-2.6400000000e+02   1.5707975771e+00
-2.6300000000e+02   1.5707950044e+00
-2.6200000000e+02   1.5707977251e+00
-2.6100000000e+02   1.5707948485e+00
-2.6000000000e+02   1.5707978894e+00
-2.5900000000e+02   1.5707946754e+00
-2.5800000000e+02   1.5707980717e+00
-2.5700000000e+02   1.5707944835e+00
-2.5600000000e+02   1.5707982737e+00
-2.5500000000e+02   1.5707942708e+00
-2.5400000000e+02   1.5707984975e+00
-2.5300000000e+02   1.5707940353e+00
-2.5200000000e+02   1.5707987452e+00
-2.5100000000e+02   1.5707937748e+00
-2.5000000000e+02   1.5707990192e+00
-2.4900000000e+02   1.5707934868e+00
-2.4800000000e+02   1.5707993219e+00
-2.4700000000e+02   1.5707931687e+00
-2.4600000000e+02   1.5707996562e+00
-2.4500000000e+02   1.5707928175e+00
-2.4400000000e+02   1.5708000250e+00
-2.4300000000e+02   1.5707924303e+00
-2.4200000000e+02   1.5708004315e+00
-2.4100000000e+02   1.5707920036e+00
-2.4000000000e+02   1.5708008793e+00
-2.3900000000e+02   1.5707915337e+00
-2.3800000000e+02   1.5708013722e+00
-2.3700000000e+02   1.5707910168e+00
-2.3600000000e+02   1.5708019142e+00
-2.3500000000e+02   1.5707904486e+00
-2.3400000000e+02   1.5708025098e+00
-2.3300000000e+02   1.5707898244e+00
-2.3200000000e+02   1.5708031638e+00
-2.3100000000e+02   1.5707891393e+00
-2.3000000000e+02   1.5708038814e+00
-2.2900000000e+02   1.5707883879e+00
-2.2800000000e+02   1.5708046679e+00
-2.2700000000e+02   1.5707875646e+00
-2.2600000000e+02   1.5708055295e+00
-2.2500000000e+02   1.5707866631e+00
-2.2400000000e+02   1.5708064726e+00
-2.2300000000e+02   1.5707856769e+00
-2.2200000000e+02   1.5708075039e+00
-2.2100000000e+02   1.5707845987e+00
-2.2000000000e+02   1.5708086308e+00
-2.1900000000e+02   1.5707834210e+00
-2.1800000000e+02   1.5708098613e+00
-2.1700000000e+02   1.5707821356e+00
-2.1600000000e+02   1.5708112038e+00
-2.1500000000e+02   1.5707807338e+00
-2.1400000000e+02   1.5708126673e+00
-2.1300000000e+02   1.5707792062e+00
-2.1200000000e+02   1.5708142614e+00
-2.1100000000e+02   1.5707775429e+00
-2.1000000000e+02   1.5708159965e+00
-2.0900000000e+02   1.5707757334e+00
-2.0800000000e+02   1.5708178834e+00
-2.0700000000e+02   1.5707737662e+00
-2.0600000000e+02   1.5708199338e+00
-2.0500000000e+02   1.5707716294e+00
-2.0400000000e+02   1.5708221601e+00
-2.0300000000e+02   1.5707693102e+00
-2.0200000000e+02   1.5708245755e+00
-2.0100000000e+02   1.5707667951e+00
-2.0000000000e+02   1.5708271940e+00
-1.9900000000e+02   1.5707640697e+00
-1.9800000000e+02   1.5708300302e+00
-1.9700000000e+02   1.5707611187e+00
-1.9600000000e+02   1.5708331000e+00
-1.9500000000e+02   1.5707579260e+00
-1.9400000000e+02   1.5708364198e+00
-1.9300000000e+02   1.5707544746e+00
-1.9200000000e+02   1.5708400072e+00
-1.9100000000e+02   1.5707507466e+00
-1.9000000000e+02   1.5708438807e+00
-1.8900000000e+02   1.5707467229e+00
-1.8800000000e+02   1.5708480596e+00
-1.8700000000e+02   1.5707423835e+00
-1.8600000000e+02   1.5708525646e+00
-1.8500000000e+02   1.5707377075e+00
-1.8400000000e+02   1.5708574172e+00
-1.8300000000e+02   1.5707326728e+00
-1.8200000000e+02   1.5708626399e+00
-1.8100000000e+02   1.5707272561e+00
-1.8000000000e+02   1.5708682566e+00
-1.7900000000e+02   1.5707214332e+00
-1.7800000000e+02   1.5708742921e+00
-1.7700000000e+02   1.5707151785e+00
-1.7600000000e+02   1.5708807725e+00
-1.7500000000e+02   1.5707084655e+00
-1.7400000000e+02   1.5708877251e+00
-1.7300000000e+02   1.5707012663e+00
-1.7200000000e+02   1.5708951782e+00
-1.7100000000e+02   1.5706935518e+00
-1.7000000000e+02   1.5709031616e+00
-1.6900000000e+02   1.5706852918e+00
-1.6800000000e+02   1.5709117061e+00
-1.6700000000e+02   1.5706764548e+00
-1.6600000000e+02   1.5709208438e+00
-1.6500000000e+02   1.5706670080e+00
-1.6400000000e+02   1.5709306082e+00
-1.6300000000e+02   1.5706569174e+00
-1.6200000000e+02   1.5709410338e+00
-1.6100000000e+02   1.5706461478e+00
-1.6000000000e+02   1.5709521566e+00
-1.5900000000e+02   1.5706346626e+00
-1.5800000000e+02   1.5709640137e+00
-1.5700000000e+02   1.5706224241e+00
-1.5600000000e+02   1.5709766434e+00
-1.5500000000e+02   1.5706093933e+00
-1.5400000000e+02   1.5709900853e+00
-1.5300000000e+02   1.5705955300e+00
-1.5200000000e+02   1.5710043803e+00
-1.5100000000e+02   1.5705807928e+00
-1.5000000000e+02   1.5710195703e+00
-1.4900000000e+02   1.5705651392e+00
-1.4800000000e+02   1.5710356985e+00
-1.4700000000e+02   1.5705485254e+00
-1.4600000000e+02   1.5710528090e+00
-1.4500000000e+02   1.5705309068e+00
-1.4400000000e+02   1.5710709473e+00
-1.4300000000e+02   1.5705122374e+00
-1.4200000000e+02   1.5710901595e+00
-1.4100000000e+02   1.5704924704e+00
-1.4000000000e+02   1.5711104931e+00
-1.3900000000e+02   1.5704715581e+00
-1.3800000000e+02   1.5711319963e+00
-1.3700000000e+02   1.5704494518e+00
-1.3600000000e+02   1.5711547181e+00
-1.3500000000e+02   1.5704261021e+00
-1.3400000000e+02   1.5711787083e+00
-1.3300000000e+02   1.5704014587e+00
-1.3200000000e+02   1.5712040175e+00
-1.3100000000e+02   1.5703754709e+00
-1.3000000000e+02   1.5712306968e+00
-1.2900000000e+02   1.5703480873e+00
-1.2800000000e+02   1.5712587977e+00
-1.2700000000e+02   1.5703192561e+00
-1.2600000000e+02   1.5712883722e+00
-1.2500000000e+02   1.5702889252e+00
-1.2400000000e+02   1.5713194727e+00
-1.2300000000e+02   1.5702570420e+00
-1.2200000000e+02   1.5713521516e+00
-1.2100000000e+02   1.5702235542e+00
-1.2000000000e+02   1.5713864614e+00
-1.1900000000e+02   1.5701884094e+00
-1.1800000000e+02   1.5714224545e+00
-1.1700000000e+02   1.5701515550e+00
-1.1600000000e+02   1.5714601830e+00
-1.1500000000e+02   1.5701129393e+00
-1.1400000000e+02   1.5714996988e+00
-1.1300000000e+02   1.5700725106e+00
-1.1200000000e+02   1.5715410531e+00
-1.1100000000e+02   1.5700302180e+00
-1.1000000000e+02   1.5715842966e+00
-1.0900000000e+02   1.5699860113e+00
-1.0800000000e+02   1.5716294788e+00
-1.0700000000e+02   1.5699398413e+00
-1.0600000000e+02   1.5716766486e+00
-1.0500000000e+02   1.5698916599e+00
-1.0400000000e+02   1.5717258533e+00
-1.0300000000e+02   1.5698414204e+00
-1.0200000000e+02   1.5717771390e+00
-1.0100000000e+02   1.5697890773e+00
-1.0000000000e+02   1.5718305503e+00
-9.9000000000e+01   1.5697345872e+00
-9.8000000000e+01   1.5718861298e+00
-9.7000000000e+01   1.5696779082e+00
-9.6000000000e+01   1.5719439182e+00
-9.5000000000e+01   1.5696190007e+00
-9.4000000000e+01   1.5720039541e+00
-9.3000000000e+01   1.5695578274e+00
-9.2000000000e+01   1.5720662735e+00
-9.1000000000e+01   1.5694943534e+00
-9.0000000000e+01   1.5721309100e+00
-8.9000000000e+01   1.5694285467e+00
-8.8000000000e+01   1.5721978943e+00
-8.7000000000e+01   1.5693603780e+00
-8.6000000000e+01   1.5722672540e+00
-8.5000000000e+01   1.5692898213e+00
-8.4000000000e+01   1.5723390134e+00
-8.3000000000e+01   1.5692168539e+00
-8.2000000000e+01   1.5724131934e+00
-8.1000000000e+01   1.5691414569e+00
-8.0000000000e+01   1.5724898112e+00
-7.9000000000e+01   1.5690636151e+00
-7.8000000000e+01   1.5725688799e+00
-7.7000000000e+01   1.5689833172e+00
-7.6000000000e+01   1.5726504087e+00
-7.5000000000e+01   1.5689005564e+00
-7.4000000000e+01   1.5727344021e+00
-7.3000000000e+01   1.5688153303e+00
-7.2000000000e+01   1.5728208603e+00
-7.1000000000e+01   1.5687276413e+00
-7.0000000000e+01   1.5729097783e+00
-6.9000000000e+01   1.5686374967e+00
-6.8000000000e+01   1.5730011463e+00
-6.7000000000e+01   1.5685449090e+00
-6.6000000000e+01   1.5730949493e+00
-6.5000000000e+01   1.5684498960e+00
-6.4000000000e+01   1.5731911665e+00
-6.3000000000e+01   1.5683524810e+00
-6.2000000000e+01   1.5732897718e+00
-6.1000000000e+01   1.5682526935e+00
-6.0000000000e+01   1.5733907329e+00
-5.9000000000e+01   1.5681505684e+00
-5.8000000000e+01   1.5734940116e+00
-5.7000000000e+01   1.5680461473e+00
-5.6000000000e+01   1.5735995632e+00
-5.5000000000e+01   1.5679394779e+00
-5.4000000000e+01   1.5737073369e+00
-5.3000000000e+01   1.5678306144e+00
-5.2000000000e+01   1.5738172749e+00
-5.1000000000e+01   1.5677196179e+00
-5.0000000000e+01   1.5739293130e+00
-4.9000000000e+01   1.5676065561e+00
-4.8000000000e+01   1.5740433797e+00
-4.7000000000e+01   1.5674915040e+00
-4.6000000000e+01   1.5741593967e+00
-4.5000000000e+01   1.5673745435e+00
-4.4000000000e+01   1.5742772785e+00
-4.3000000000e+01   1.5672557637e+00
-4.2000000000e+01   1.5743969321e+00
-4.1000000000e+01   1.5671352612e+00
-4.0000000000e+01   1.5745182574e+00
-3.9000000000e+01   1.5670131400e+00
-3.8000000000e+01   1.5746411467e+00
-3.7000000000e+01   1.5668895114e+00
-3.6000000000e+01   1.5747654850e+00
-3.5000000000e+01   1.5667644942e+00
-3.4000000000e+01   1.5748911494e+00
-3.3000000000e+01   1.5666382150e+00
-3.2000000000e+01   1.5750180100e+00
-3.1000000000e+01   1.5665108075e+00
-3.0000000000e+01   1.5751459290e+00
-2.9000000000e+01   1.5663824132e+00
-2.8000000000e+01   1.5752747614e+00
-2.7000000000e+01   1.5662531807e+00
-2.6000000000e+01   1.5754043549e+00
-2.5000000000e+01   1.5661232662e+00
-2.4000000000e+01   1.5755345498e+00
-2.3000000000e+01   1.5659928327e+00
-2.2000000000e+01   1.5756651793e+00
-2.1000000000e+01   1.5658620504e+00
-2.0000000000e+01   1.5757960700e+00
-1.9000000000e+01   1.5657310964e+00
-1.8000000000e+01   1.5759270415e+00
-1.7000000000e+01   1.5656001540e+00
-1.6000000000e+01   1.5760579073e+00
-1.5000000000e+01   1.5654694131e+00
-1.4000000000e+01   1.5761884744e+00
-1.3000000000e+01   1.5653390694e+00
-1.2000000000e+01   1.5763185445e+00
-1.1000000000e+01   1.5652093240e+00
-1.0000000000e+01   1.5764479135e+00
-9.0000000000e+00   1.5650803835e+00
-8.0000000000e+00   1.5765763727e+00
-7.0000000000e+00   1.5649524589e+00
-6.0000000000e+00   1.5767037088e+00
-5.0000000000e+00   1.5648257657e+00
-4.0000000000e+00   1.5768297045e+00
-3.0000000000e+00   1.5647005227e+00
-2.0000000000e+00   1.5769541392e+00
-1.0000000000e+00   1.5645769522e+00
0.0000000000e+00   1.5645769522e+00
1.0000000000e+00   1.5769541392e+00
2.0000000000e+00   1.5647005227e+00
3.0000000000e+00   1.5768297045e+00
4.0000000000e+00   1.5648257657e+00
5.0000000000e+00   1.5767037088e+00
6.0000000000e+00   1.5649524589e+00
7.0000000000e+00   1.5765763727e+00
8.0000000000e+00   1.5650803835e+00
9.0000000000e+00   1.5764479135e+00
1.0000000000e+01   1.5652093240e+00
1.1000000000e+01   1.5763185445e+00
1.2000000000e+01   1.5653390694e+00
1.3000000000e+01   1.5761884744e+00
1.4000000000e+01   1.5654694131e+00
1.5000000000e+01   1.5760579073e+00
1.6000000000e+01   1.5656001540e+00
1.7000000000e+01   1.5759270415e+00
1.8000000000e+01   1.5657310964e+00
1.9000000000e+01   1.5757960700e+00
2.0000000000e+01   1.5658620504e+00
2.1000000000e+01   1.5756651793e+00
2.2000000000e+01   1.5659928327e+00
2.3000000000e+01   1.5755345498e+00
2.4000000000e+01   1.5661232662e+00
2.5000000000e+01   1.5754043549e+00
2.6000000000e+01   1.5662531807e+00
2.7000000000e+01   1.5752747614e+00
2.8000000000e+01   1.5663824132e+00
2.9000000000e+01   1.5751459290e+00
3.0000000000e+01   1.5665108075e+00
3.1000000000e+01   1.5750180100e+00
3.2000000000e+01   1.5666382150e+00
3.3000000000e+01   1.5748911494e+00
3.4000000000e+01   1.5667644942e+00
3.5000000000e+01   1.5747654850e+00
3.6000000000e+01   1.5668895114e+00
3.7000000000e+01   1.5746411467e+00
3.8000000000e+01   1.5670131400e+00
3.9000000000e+01   1.5745182574e+00
4.0000000000e+01   1.5671352612e+00
4.1000000000e+01   1.5743969321e+00
4.2000000000e+01   1.5672557637e+00
4.3000000000e+01   1.5742772785e+00
4.4000000000e+01   1.5673745435e+00
4.5000000000e+01   1.5741593967e+00
4.6000000000e+01   1.5674915040e+00
4.7000000000e+01   1.5740433797e+00
4.8000000000e+01   1.5676065561e+00
4.9000000000e+01   1.5739293130e+00
5.0000000000e+01   1.5677196179e+00
5.1000000000e+01   1.5738172749e+00
5.2000000000e+01   1.5678306144e+00
5.3000000000e+01   1.5737073369e+00
5.4000000000e+01   1.5679394779e+00
5.5000000000e+01   1.5735995632e+00
5.6000000000e+01   1.5680461473e+00
5.7000000000e+01   1.5734940116e+00
5.8000000000e+01   1.5681505684e+00
5.9000000000e+01   1.5733907329e+00
6.0000000000e+01   1.5682526935e+00
6.1000000000e+01   1.5732897718e+00
6.2000000000e+01   1.5683524810e+00
6.3000000000e+01   1.5731911665e+00
6.4000000000e+01   1.5684498960e+00
6.5000000000e+01   1.5730949493e+00
6.6000000000e+01   1.5685449090e+00
6.7000000000e+01   1.5730011463e+00
6.8000000000e+01   1.5686374967e+00
6.9000000000e+01   1.5729097783e+00
7.0000000000e+01   1.5687276413e+00
7.1000000000e+01   1.5728208603e+00
7.2000000000e+01   1.5688153303e+00
7.3000000000e+01   1.5727344021e+00
7.4000000000e+01   1.5689005564e+00
7.5000000000e+01   1.5726504087e+00
7.6000000000e+01   1.5689833172e+00
7.7000000000e+01   1.5725688799e+00
7.8000000000e+01   1.5690636151e+00
7.9000000000e+01   1.5724898112e+00
8.0000000000e+01   1.5691414569e+00
8.1000000000e+01   1.5724131934e+00
8.2000000000e+01   1.5692168539e+00
8.3000000000e+01   1.5723390134e+00
8.4000000000e+01   1.5692898213e+00
8.5000000000e+01   1.5722672540e+00
8.6000000000e+01   1.5693603780e+00
8.7000000000e+01   1.5721978943e+00
8.8000000000e+01   1.5694285467e+00
8.9000000000e+01   1.5721309100e+00
9.0000000000e+01   1.5694943534e+00
9.1000000000e+01   1.5720662735e+00
9.2000000000e+01   1.5695578274e+00
9.3000000000e+01   1.5720039541e+00
9.4000000000e+01   1.5696190007e+00
9.5000000000e+01   1.5719439182e+00
9.6000000000e+01   1.5696779082e+00
9.7000000000e+01   1.5718861298e+00
9.8000000000e+01   1.5697345872e+00
9.9000000000e+01   1.5718305503e+00
1.0000000000e+02   1.5697890773e+00
1.0100000000e+02   1.5717771390e+00
1.0200000000e+02   1.5698414204e+00
1.0300000000e+02   1.5717258533e+00
1.0400000000e+02   1.5698916599e+00
1.0500000000e+02   1.5716766486e+00
1.0600000000e+02   1.5699398413e+00
1.0700000000e+02   1.5716294788e+00
1.0800000000e+02   1.5699860113e+00
1.0900000000e+02   1.5715842966e+00
1.1000000000e+02   1.5700302180e+00
1.1100000000e+02   1.5715410531e+00
1.1200000000e+02   1.5700725106e+00
1.1300000000e+02   1.5714996988e+00
1.1400000000e+02   1.5701129393e+00
1.1500000000e+02   1.5714601830e+00
1.1600000000e+02   1.5701515550e+00
1.1700000000e+02   1.5714224545e+00
1.1800000000e+02   1.5701884094e+00
1.1900000000e+02   1.5713864614e+00
1.2000000000e+02   1.5702235542e+00
1.2100000000e+02   1.5713521516e+00
1.2200000000e+02   1.5702570420e+00
1.2300000000e+02   1.5713194727e+00
1.2400000000e+02   1.5702889252e+00
1.2500000000e+02   1.5712883722e+00
1.2600000000e+02   1.5703192561e+00
1.2700000000e+02   1.5712587977e+00
1.2800000000e+02   1.5703480873e+00
1.2900000000e+02   1.5712306968e+00
1.3000000000e+02   1.5703754709e+00
1.3100000000e+02   1.5712040175e+00
1.3200000000e+02   1.5704014587e+00
1.3300000000e+02   1.5711787083e+00
1.3400000000e+02   1.5704261021e+00
1.3500000000e+02   1.5711547181e+00
1.3600000000e+02   1.5704494518e+00
1.3700000000e+02   1.5711319963e+00
1.3800000000e+02   1.5704715581e+00
1.3900000000e+02   1.5711104931e+00
1.4000000000e+02   1.5704924704e+00
1.4100000000e+02   1.5710901595e+00
1.4200000000e+02   1.5705122374e+00
1.4300000000e+02   1.5710709473e+00
1.4400000000e+02   1.5705309068e+00
1.4500000000e+02   1.5710528090e+00
1.4600000000e+02   1.5705485254e+00
1.4700000000e+02   1.5710356985e+00
1.4800000000e+02   1.5705651392e+00
1.4900000000e+02   1.5710195703e+00
1.5000000000e+02   1.5705807928e+00
1.5100000000e+02   1.5710043803e+00
1.5200000000e+02   1.5705955300e+00
1.5300000000e+02   1.5709900853e+00
1.5400000000e+02   1.5706093933e+00
1.5500000000e+02   1.5709766434e+00
1.5600000000e+02   1.5706224241e+00
1.5700000000e+02   1.5709640137e+00
1.5800000000e+02   1.5706346626e+00
1.5900000000e+02   1.5709521566e+00
1.6000000000e+02   1.5706461478e+00
1.6100000000e+02   1.5709410338e+00
1.6200000000e+02   1.5706569174e+00
1.6300000000e+02   1.5709306082e+00
1.6400000000e+02   1.5706670080e+00
1.6500000000e+02   1.5709208438e+00
1.6600000000e+02   1.5706764548e+00
1.6700000000e+02   1.5709117061e+00
1.6800000000e+02   1.5706852918e+00
1.6900000000e+02   1.5709031616e+00
1.7000000000e+02   1.5706935518e+00
1.7100000000e+02   1.5708951782e+00
1.7200000000e+02   1.5707012663e+00
1.7300000000e+02   1.5708877251e+00
1.7400000000e+02   1.5707084655e+00
1.7500000000e+02   1.5708807725e+00
1.7600000000e+02   1.5707151785e+00
1.7700000000e+02   1.5708742921e+00
1.7800000000e+02   1.5707214332e+00
1.7900000000e+02   1.5708682566e+00
1.8000000000e+02   1.5707272561e+00
1.8100000000e+02   1.5708626399e+00
1.8200000000e+02   1.5707326728e+00
1.8300000000e+02   1.5708574172e+00
1.8400000000e+02   1.5707377075e+00
1.8500000000e+02   1.5708525646e+00
1.8600000000e+02   1.5707423835e+00
1.8700000000e+02   1.5708480596e+00
1.8800000000e+02   1.5707467229e+00
1.8900000000e+02   1.5708438807e+00
1.9000000000e+02   1.5707507466e+00
1.9100000000e+02   1.5708400072e+00
1.9200000000e+02   1.5707544746e+00
1.9300000000e+02   1.5708364198e+00
1.9400000000e+02   1.5707579260e+00
1.9500000000e+02   1.5708331000e+00
1.9600000000e+02   1.5707611187e+00
1.9700000000e+02   1.5708300302e+00
1.9800000000e+02   1.5707640697e+00
1.9900000000e+02   1.5708271940e+00
2.0000000000e+02   1.5707667951e+00
2.0100000000e+02   1.5708245755e+00
2.0200000000e+02   1.5707693102e+00
2.0300000000e+02   1.5708221601e+00
2.0400000000e+02   1.5707716294e+00
2.0500000000e+02   1.5708199338e+00
2.0600000000e+02   1.5707737662e+00
2.0700000000e+02   1.5708178834e+00
2.0800000000e+02   1.5707757334e+00
2.0900000000e+02   1.5708159965e+00
2.1000000000e+02   1.5707775429e+00
2.1100000000e+02   1.5708142614e+00
2.1200000000e+02   1.5707792062e+00
2.1300000000e+02   1.5708126673e+00
2.1400000000e+02   1.5707807338e+00
2.1500000000e+02   1.5708112038e+00
2.1600000000e+02   1.5707821356e+00
2.1700000000e+02   1.5708098613e+00
2.1800000000e+02   1.5707834210e+00
2.1900000000e+02   1.5708086308e+00
2.2000000000e+02   1.5707845987e+00
2.2100000000e+02   1.5708075039e+00
2.2200000000e+02   1.5707856769e+00
2.2300000000e+02   1.5708064726e+00
2.2400000000e+02   1.5707866631e+00
2.2500000000e+02   1.5708055295e+00
2.2600000000e+02   1.5707875646e+00
2.2700000000e+02   1.5708046679e+00
2.2800000000e+02   1.5707883879e+00
2.2900000000e+02   1.5708038814e+00
2.3000000000e+02   1.5707891393e+00
2.3100000000e+02   1.5708031638e+00
2.3200000000e+02   1.5707898244e+00
2.3300000000e+02   1.5708025098e+00
2.3400000000e+02   1.5707904486e+00
2.3500000000e+02   1.5708019142e+00
2.3600000000e+02   1.5707910168e+00
2.3700000000e+02   1.5708013722e+00
2.3800000000e+02   1.5707915337e+00
2.3900000000e+02   1.5708008793e+00
2.4000000000e+02   1.5707920036e+00
2.4100000000e+02   1.5708004315e+00
2.4200000000e+02   1.5707924303e+00
2.4300000000e+02   1.5708000250e+00
2.4400000000e+02   1.5707928175e+00
2.4500000000e+02   1.5707996562e+00
2.4600000000e+02   1.5707931687e+00
2.4700000000e+02   1.5707993219e+00
2.4800000000e+02   1.5707934868e+00
2.4900000000e+02   1.5707990192e+00
2.5000000000e+02   1.5707937748e+00
2.5100000000e+02   1.5707987452e+00
2.5200000000e+02   1.5707940353e+00
2.5300000000e+02   1.5707984975e+00
2.5400000000e+02   1.5707942708e+00
2.5500000000e+02   1.5707982737e+00
2.5600000000e+02   1.5707944835e+00
2.5700000000e+02   1.5707980717e+00
2.5800000000e+02   1.5707946754e+00
2.5900000000e+02   1.5707978894e+00
2.6000000000e+02   1.5707948485e+00
2.6100000000e+02   1.5707977251e+00
2.6200000000e+02   1.5707950044e+00
2.6300000000e+02   1.5707975771e+00
2.6400000000e+02   1.5707951448e+00
2.6500000000e+02   1.5707974440e+00
2.6600000000e+02   1.5707952711e+00
2.6700000000e+02   1.5707973243e+00
2.6800000000e+02   1.5707953845e+00
2.6900000000e+02   1.5707972167e+00
2.7000000000e+02   1.5707954865e+00
2.7100000000e+02   1.5707971201e+00
2.7200000000e+02   1.5707955780e+00
2.7300000000e+02   1.5707970335e+00
2.7400000000e+02   1.5707956600e+00
2.7500000000e+02   1.5707969559e+00
2.7600000000e+02   1.5707957335e+00
2.7700000000e+02   1.5707968863e+00
2.7800000000e+02   1.5707957993e+00
2.7900000000e+02   1.5707968241e+00
2.8000000000e+02   1.5707958581e+00
2.8100000000e+02   1.5707967684e+00
2.8200000000e+02   1.5707959107e+00
2.8300000000e+02   1.5707967187e+00
2.8400000000e+02   1.5707959577e+00
2.8500000000e+02   1.5707966743e+00
2.8600000000e+02   1.5707959996e+00
2.8700000000e+02   1.5707966347e+00
2.8800000000e+02   1.5707960370e+00
2.8900000000e+02   1.5707965995e+00
2.9000000000e+02   1.5707960703e+00
2.9100000000e+02   1.5707965680e+00
2.9200000000e+02   1.5707961000e+00
2.9300000000e+02   1.5707965401e+00
2.9400000000e+02   1.5707961263e+00
2.9500000000e+02   1.5707965152e+00
2.9600000000e+02   1.5707961498e+00
2.9700000000e+02   1.5707964931e+00
2.9800000000e+02   1.5707961706e+00
2.9900000000e+02   1.5707964735e+00
3.0000000000e+02   1.5707961891e+00
3.0100000000e+02   1.5707964561e+00
3.0200000000e+02   1.5707962055e+00
3.0300000000e+02   1.5707964406e+00
3.0400000000e+02   1.5707962200e+00
3.0500000000e+02   1.5707964270e+00
3.0600000000e+02   1.5707962328e+00
3.0700000000e+02   1.5707964149e+00
3.0800000000e+02   1.5707962442e+00
3.0900000000e+02   1.5707964042e+00
3.1000000000e+02   1.5707962543e+00
3.1100000000e+02   1.5707963948e+00
3.1200000000e+02   1.5707962631e+00
3.1300000000e+02   1.5707963864e+00
3.1400000000e+02   1.5707962710e+00
3.1500000000e+02   1.5707963791e+00
3.1600000000e+02   1.5707962779e+00
3.1700000000e+02   1.5707963726e+00
3.1800000000e+02   1.5707962839e+00
3.1900000000e+02   1.5707963669e+00
3.2000000000e+02   1.5707962893e+00
3.2100000000e+02   1.5707963619e+00
3.2200000000e+02   1.5707962940e+00
3.2300000000e+02   1.5707963574e+00
3.2400000000e+02   1.5707962982e+00
3.2500000000e+02   1.5707963536e+00
3.2600000000e+02   1.5707963018e+00
3.2700000000e+02   1.5707963501e+00
3.2800000000e+02   1.5707963050e+00
3.2900000000e+02   1.5707963472e+00
3.3000000000e+02   1.5707963078e+00
3.3100000000e+02   1.5707963445e+00
3.3200000000e+02   1.5707963102e+00
3.3300000000e+02   1.5707963422e+00
3.3400000000e+02   1.5707963124e+00
3.3500000000e+02   1.5707963402e+00
3.3600000000e+02   1.5707963143e+00
3.3700000000e+02   1.5707963385e+00
3.3800000000e+02   1.5707963159e+00
3.3900000000e+02   1.5707963369e+00
3.4000000000e+02   1.5707963173e+00
3.4100000000e+02   1.5707963356e+00
3.4200000000e+02   1.5707963186e+00
3.4300000000e+02   1.5707963344e+00
3.4400000000e+02   1.5707963197e+00
3.4500000000e+02   1.5707963334e+00
3.4600000000e+02   1.5707963206e+00
3.4700000000e+02   1.5707963325e+00
3.4800000000e+02   1.5707963215e+00
3.4900000000e+02   1.5707963318e+00
3.5000000000e+02   1.5707963222e+00
3.5100000000e+02   1.5707963311e+00
3.5200000000e+02   1.5707963228e+00
3.5300000000e+02   1.5707963305e+00
3.5400000000e+02   1.5707963234e+00
3.5500000000e+02   1.5707963300e+00
3.5600000000e+02   1.5707963238e+00
3.5700000000e+02   1.5707963295e+00
3.5800000000e+02   1.5707963242e+00
3.5900000000e+02   1.5707963292e+00
3.6000000000e+02   1.5707963246e+00
3.6100000000e+02   1.5707963288e+00
3.6200000000e+02   1.5707963249e+00
3.6300000000e+02   1.5707963286e+00
3.6400000000e+02   1.5707963252e+00
3.6500000000e+02   1.5707963283e+00
3.6600000000e+02   1.5707963254e+00
3.6700000000e+02   1.5707963281e+00
3.6800000000e+02   1.5707963256e+00
3.6900000000e+02   1.5707963279e+00
3.7000000000e+02   1.5707963258e+00
3.7100000000e+02   1.5707963277e+00
3.7200000000e+02   1.5707963259e+00
3.7300000000e+02   1.5707963276e+00
3.7400000000e+02   1.5707963260e+00
3.7500000000e+02   1.5707963275e+00
3.7600000000e+02   1.5707963262e+00
3.7700000000e+02   1.5707963274e+00
3.7800000000e+02   1.5707963262e+00
3.7900000000e+02   1.5707963273e+00
3.8000000000e+02   1.5707963263e+00
