X    Y
-1.2750000000e+03   1.5707963165e+00
-1.2740000000e+03   1.5707963373e+00
-1.2730000000e+03   1.5707963161e+00
-1.2720000000e+03   1.5707963377e+00
-1.2710000000e+03   1.5707963157e+00
-1.2700000000e+03   1.5707963381e+00
-1.2690000000e+03   1.5707963153e+00
-1.2680000000e+03   1.5707963384e+00
-1.2670000000e+03   1.5707963149e+00
-1.2660000000e+03   1.5707963388e+00
-1.2650000000e+03   1.5707963145e+00
-1.2640000000e+03   1.5707963393e+00
-1.2630000000e+03   1.5707963141e+00
-1.2620000000e+03   1.5707963397e+00
-1.2610000000e+03   1.5707963137e+00
-1.2600000000e+03   1.5707963401e+00
-1.2590000000e+03   1.5707963132e+00
-1.2580000000e+03   1.5707963406e+00
-1.2570000000e+03   1.5707963128e+00
-1.2560000000e+03   1.5707963411e+00
-1.2550000000e+03   1.5707963123e+00
-1.2540000000e+03   1.5707963416e+00
-1.2530000000e+03   1.5707963118e+00
-1.2520000000e+03   1.5707963421e+00
-1.2510000000e+03   1.5707963113e+00
-1.2500000000e+03   1.5707963426e+00
-1.2490000000e+03   1.5707963107e+00
-1.2480000000e+03   1.5707963431e+00
-1.2470000000e+03   1.5707963102e+00
-1.2460000000e+03   1.5707963437e+00
-1.2450000000e+03   1.5707963096e+00
-1.2440000000e+03   1.5707963442e+00
-1.2430000000e+03   1.5707963090e+00
-1.2420000000e+03   1.5707963448e+00
-1.2410000000e+03   1.5707963085e+00
-1.2400000000e+03   1.5707963454e+00
-1.2390000000e+03   1.5707963078e+00
-1.2380000000e+03   1.5707963461e+00
-1.2370000000e+03   1.5707963072e+00
-1.2360000000e+03   1.5707963467e+00
-1.2350000000e+03   1.5707963065e+00
-1.2340000000e+03   1.5707963474e+00
-1.2330000000e+03   1.5707963059e+00
-1.2320000000e+03   1.5707963481e+00
-1.2310000000e+03   1.5707963052e+00
-1.2300000000e+03   1.5707963488e+00
-1.2290000000e+03   1.5707963045e+00
-1.2280000000e+03   1.5707963495e+00
-1.2270000000e+03   1.5707963037e+00
-1.2260000000e+03   1.5707963503e+00
-1.2250000000e+03   1.5707963029e+00
-1.2240000000e+03   1.5707963510e+00
-1.2230000000e+03   1.5707963022e+00
-1.2220000000e+03   1.5707963518e+00
-1.2210000000e+03   1.5707963014e+00
-1.2200000000e+03   1.5707963527e+00
-1.2190000000e+03   1.5707963005e+00
-1.2180000000e+03   1.5707963535e+00
-1.2170000000e+03   1.5707962997e+00
-1.2160000000e+03   1.5707963544e+00
-1.2150000000e+03   1.5707962988e+00
-1.2140000000e+03   1.5707963553e+00
-1.2130000000e+03   1.5707962978e+00
-1.2120000000e+03   1.5707963562e+00
-1.2110000000e+03   1.5707962969e+00
-1.2100000000e+03   1.5707963572e+00
-1.2090000000e+03   1.5707962959e+00
-1.2080000000e+03   1.5707963582e+00
-1.2070000000e+03   1.5707962949e+00
-1.2060000000e+03   1.5707963592e+00
-1.2050000000e+03   1.5707962939e+00
-1.2040000000e+03   1.5707963602e+00
-1.2030000000e+03   1.5707962928e+00
-1.2020000000e+03   1.5707963613e+00
-1.2010000000e+03   1.5707962917e+00
-1.2000000000e+03   1.5707963624e+00
-1.1990000000e+03   1.5707962906e+00
-1.1980000000e+03   1.5707963636e+00
-1.1970000000e+03   1.5707962894e+00
-1.1960000000e+03   1.5707963647e+00
-1.1950000000e+03   1.5707962882e+00
-1.1940000000e+03   1.5707963660e+00
-1.1930000000e+03   1.5707962870e+00
-1.1920000000e+03   1.5707963672e+00
-1.1910000000e+03   1.5707962857e+00
-1.1900000000e+03   1.5707963685e+00
-1.1890000000e+03   1.5707962844e+00
-1.1880000000e+03   1.5707963698e+00
-1.1870000000e+03   1.5707962831e+00
-1.1860000000e+03   1.5707963712e+00
-1.1850000000e+03   1.5707962817e+00
-1.1840000000e+03   1.5707963726e+00
-1.1830000000e+03   1.5707962802e+00
-1.1820000000e+03   1.5707963741e+00
-1.1810000000e+03   1.5707962788e+00
-1.1800000000e+03   1.5707963756e+00
-1.1790000000e+03   1.5707962772e+00
-1.1780000000e+03   1.5707963771e+00
-1.1770000000e+03   1.5707962757e+00
-1.1760000000e+03   1.5707963787e+00
-1.1750000000e+03   1.5707962741e+00
-1.1740000000e+03   1.5707963803e+00
-1.1730000000e+03   1.5707962724e+00
-1.1720000000e+03   1.5707963820e+00
-1.1710000000e+03   1.5707962707e+00
-1.1700000000e+03   1.5707963838e+00
-1.1690000000e+03   1.5707962689e+00
-1.1680000000e+03   1.5707963856e+00
-1.1670000000e+03   1.5707962671e+00
-1.1660000000e+03   1.5707963874e+00
-1.1650000000e+03   1.5707962653e+00
-1.1640000000e+03   1.5707963893e+00
-1.1630000000e+03   1.5707962633e+00
-1.1620000000e+03   1.5707963912e+00
-1.1610000000e+03   1.5707962614e+00
-1.1600000000e+03   1.5707963932e+00
-1.1590000000e+03   1.5707962593e+00
-1.1580000000e+03   1.5707963953e+00
-1.1570000000e+03   1.5707962572e+00
-1.1560000000e+03   1.5707963974e+00
-1.1550000000e+03   1.5707962551e+00
-1.1540000000e+03   1.5707963996e+00
-1.1530000000e+03   1.5707962529e+00
-1.1520000000e+03   1.5707964019e+00
-1.1510000000e+03   1.5707962506e+00
-1.1500000000e+03   1.5707964042e+00
-1.1490000000e+03   1.5707962482e+00
-1.1480000000e+03   1.5707964066e+00
-1.1470000000e+03   1.5707962458e+00
-1.1460000000e+03   1.5707964090e+00
-1.1450000000e+03   1.5707962433e+00
-1.1440000000e+03   1.5707964116e+00
-1.1430000000e+03   1.5707962407e+00
-1.1420000000e+03   1.5707964142e+00
-1.1410000000e+03   1.5707962381e+00
-1.1400000000e+03   1.5707964168e+00
-1.1390000000e+03   1.5707962354e+00
-1.1380000000e+03   1.5707964196e+00
-1.1370000000e+03   1.5707962326e+00
-1.1360000000e+03   1.5707964224e+00
-1.1350000000e+03   1.5707962297e+00
-1.1340000000e+03   1.5707964253e+00
-1.1330000000e+03   1.5707962268e+00
-1.1320000000e+03   1.5707964283e+00
-1.1310000000e+03   1.5707962237e+00
-1.1300000000e+03   1.5707964314e+00
-1.1290000000e+03   1.5707962206e+00
-1.1280000000e+03   1.5707964346e+00
-1.1270000000e+03   1.5707962174e+00
-1.1260000000e+03   1.5707964378e+00
-1.1250000000e+03   1.5707962141e+00
-1.1240000000e+03   1.5707964412e+00
-1.1230000000e+03   1.5707962107e+00
-1.1220000000e+03   1.5707964446e+00
-1.1210000000e+03   1.5707962072e+00
-1.1200000000e+03   1.5707964482e+00
-1.1190000000e+03   1.5707962036e+00
-1.1180000000e+03   1.5707964518e+00
-1.1170000000e+03   1.5707961999e+00
-1.1160000000e+03   1.5707964556e+00
-1.1150000000e+03   1.5707961961e+00
-1.1140000000e+03   1.5707964595e+00
-1.1130000000e+03   1.5707961922e+00
-1.1120000000e+03   1.5707964634e+00
-1.1110000000e+03   1.5707961881e+00
-1.1100000000e+03   1.5707964675e+00
-1.1090000000e+03   1.5707961840e+00
-1.1080000000e+03   1.5707964717e+00
-1.1070000000e+03   1.5707961798e+00
-1.1060000000e+03   1.5707964760e+00
-1.1050000000e+03   1.5707961754e+00
-1.1040000000e+03   1.5707964804e+00
-1.1030000000e+03   1.5707961709e+00
-1.1020000000e+03   1.5707964850e+00
-1.1010000000e+03   1.5707961663e+00
-1.1000000000e+03   1.5707964897e+00
-1.0990000000e+03   1.5707961615e+00
-1.0980000000e+03   1.5707964945e+00
-1.0970000000e+03   1.5707961566e+00
-1.0960000000e+03   1.5707964994e+00
-1.0950000000e+03   1.5707961516e+00
-1.0940000000e+03   1.5707965045e+00
-1.0930000000e+03   1.5707961465e+00
-1.0920000000e+03   1.5707965098e+00
-1.0910000000e+03   1.5707961412e+00
-1.0900000000e+03   1.5707965151e+00
-1.0890000000e+03   1.5707961357e+00
-1.0880000000e+03   1.5707965206e+00
-1.0870000000e+03   1.5707961301e+00
-1.0860000000e+03   1.5707965263e+00
-1.0850000000e+03   1.5707961244e+00
-1.0840000000e+03   1.5707965321e+00
-1.0830000000e+03   1.5707961185e+00
-1.0820000000e+03   1.5707965381e+00
-1.0810000000e+03   1.5707961124e+00
-1.0800000000e+03   1.5707965443e+00
-1.0790000000e+03   1.5707961062e+00
-1.0780000000e+03   1.5707965506e+00
-1.0770000000e+03   1.5707960998e+00
-1.0760000000e+03   1.5707965571e+00
-1.0750000000e+03   1.5707960932e+00
-1.0740000000e+03   1.5707965638e+00
-1.0730000000e+03   1.5707960864e+00
-1.0720000000e+03   1.5707965706e+00
-1.0710000000e+03   1.5707960795e+00
-1.0700000000e+03   1.5707965777e+00
-1.0690000000e+03   1.5707960723e+00
-1.0680000000e+03   1.5707965849e+00
-1.0670000000e+03   1.5707960650e+00
-1.0660000000e+03   1.5707965923e+00
-1.0650000000e+03   1.5707960575e+00
-1.0640000000e+03   1.5707965999e+00
-1.0630000000e+03   1.5707960498e+00
-1.0620000000e+03   1.5707966078e+00
-1.0610000000e+03   1.5707960418e+00
-1.0600000000e+03   1.5707966158e+00
-1.0590000000e+03   1.5707960337e+00
-1.0580000000e+03   1.5707966241e+00
-1.0570000000e+03   1.5707960253e+00
-1.0560000000e+03   1.5707966326e+00
-1.0550000000e+03   1.5707960167e+00
-1.0540000000e+03   1.5707966413e+00
-1.0530000000e+03   1.5707960079e+00
-1.0520000000e+03   1.5707966502e+00
-1.0510000000e+03   1.5707959988e+00
-1.0500000000e+03   1.5707966594e+00
-1.0490000000e+03   1.5707959895e+00
-1.0480000000e+03   1.5707966688e+00
-1.0470000000e+03   1.5707959800e+00
-1.0460000000e+03   1.5707966785e+00
-1.0450000000e+03   1.5707959702e+00
-1.0440000000e+03   1.5707966884e+00
-1.0430000000e+03   1.5707959601e+00
-1.0420000000e+03   1.5707966986e+00
-1.0410000000e+03   1.5707959498e+00
-1.0400000000e+03   1.5707967091e+00
-1.0390000000e+03   1.5707959392e+00
-1.0380000000e+03   1.5707967198e+00
-1.0370000000e+03   1.5707959283e+00
-1.0360000000e+03   1.5707967308e+00
-1.0350000000e+03   1.5707959172e+00
-1.0340000000e+03   1.5707967421e+00
-1.0330000000e+03   1.5707959057e+00
-1.0320000000e+03   1.5707967537e+00
-1.0310000000e+03   1.5707958940e+00
-1.0300000000e+03   1.5707967656e+00
-1.0290000000e+03   1.5707958819e+00
-1.0280000000e+03   1.5707967778e+00
-1.0270000000e+03   1.5707958695e+00
-1.0260000000e+03   1.5707967904e+00
-1.0250000000e+03   1.5707958568e+00
-1.0240000000e+03   1.5707968032e+00
-1.0230000000e+03   1.5707958438e+00
-1.0220000000e+03   1.5707968164e+00
-1.0210000000e+03   1.5707958304e+00
-1.0200000000e+03   1.5707968300e+00
-1.0190000000e+03   1.5707958167e+00
-1.0180000000e+03   1.5707968438e+00
-1.0170000000e+03   1.5707958027e+00
-1.0160000000e+03   1.5707968581e+00
-1.0150000000e+03   1.5707957882e+00
-1.0140000000e+03   1.5707968727e+00
-1.0130000000e+03   1.5707957734e+00
-1.0120000000e+03   1.5707968877e+00
-1.0110000000e+03   1.5707957583e+00
-1.0100000000e+03   1.5707969031e+00
-1.0090000000e+03   1.5707957427e+00
-1.0080000000e+03   1.5707969188e+00
-1.0070000000e+03   1.5707957267e+00
-1.0060000000e+03   1.5707969350e+00
-1.0050000000e+03   1.5707957104e+00
-1.0040000000e+03   1.5707969516e+00
-1.0030000000e+03   1.5707956936e+00
-1.0020000000e+03   1.5707969686e+00
-1.0010000000e+03   1.5707956764e+00
-1.0000000000e+03   1.5707969860e+00
-9.9900000000e+02   1.5707956587e+00
-9.9800000000e+02   1.5707970039e+00
-9.9700000000e+02   1.5707956406e+00
-9.9600000000e+02   1.5707970222e+00
-9.9500000000e+02   1.5707956221e+00
-9.9400000000e+02   1.5707970410e+00
-9.9300000000e+02   1.5707956030e+00
-9.9200000000e+02   1.5707970602e+00
-9.9100000000e+02   1.5707955835e+00
-9.9000000000e+02   1.5707970800e+00
-9.8900000000e+02   1.5707955635e+00
-9.8800000000e+02   1.5707971002e+00
-9.8700000000e+02   1.5707955431e+00
-9.8600000000e+02   1.5707971210e+00
-9.8500000000e+02   1.5707955221e+00
-9.8400000000e+02   1.5707971422e+00
-9.8300000000e+02   1.5707955005e+00
-9.8200000000e+02   1.5707971640e+00
-9.8100000000e+02   1.5707954785e+00
-9.8000000000e+02   1.5707971864e+00
-9.7900000000e+02   1.5707954559e+00
-9.7800000000e+02   1.5707972092e+00
-9.7700000000e+02   1.5707954327e+00
-9.7600000000e+02   1.5707972327e+00
-9.7500000000e+02   1.5707954089e+00
-9.7400000000e+02   1.5707972567e+00
-9.7300000000e+02   1.5707953846e+00
-9.7200000000e+02   1.5707972814e+00
-9.7100000000e+02   1.5707953597e+00
-9.7000000000e+02   1.5707973066e+00
-9.6900000000e+02   1.5707953341e+00
-9.6800000000e+02   1.5707973325e+00
-9.6700000000e+02   1.5707953080e+00
-9.6600000000e+02   1.5707973589e+00
-9.6500000000e+02   1.5707952812e+00
-9.6400000000e+02   1.5707973861e+00
-9.6300000000e+02   1.5707952537e+00
-9.6200000000e+02   1.5707974139e+00
-9.6100000000e+02   1.5707952256e+00
-9.6000000000e+02   1.5707974424e+00
-9.5900000000e+02   1.5707951967e+00
-9.5800000000e+02   1.5707974715e+00
-9.5700000000e+02   1.5707951672e+00
-9.5600000000e+02   1.5707975014e+00
-9.5500000000e+02   1.5707951370e+00
-9.5400000000e+02   1.5707975320e+00
-9.5300000000e+02   1.5707951060e+00
-9.5200000000e+02   1.5707975633e+00
-9.5100000000e+02   1.5707950743e+00
-9.5000000000e+02   1.5707975954e+00
-9.4900000000e+02   1.5707950418e+00
-9.4800000000e+02   1.5707976283e+00
-9.4700000000e+02   1.5707950086e+00
-9.4600000000e+02   1.5707976619e+00
-9.4500000000e+02   1.5707949745e+00
-9.4400000000e+02   1.5707976964e+00
-9.4300000000e+02   1.5707949397e+00
-9.4200000000e+02   1.5707977317e+00
-9.4100000000e+02   1.5707949040e+00
-9.4000000000e+02   1.5707977678e+00
-9.3900000000e+02   1.5707948674e+00
-9.3800000000e+02   1.5707978048e+00
-9.3700000000e+02   1.5707948300e+00
-9.3600000000e+02   1.5707978426e+00
-9.3500000000e+02   1.5707947917e+00
-9.3400000000e+02   1.5707978814e+00
-9.3300000000e+02   1.5707947525e+00
-9.3200000000e+02   1.5707979211e+00
-9.3100000000e+02   1.5707947123e+00
-9.3000000000e+02   1.5707979617e+00
-9.2900000000e+02   1.5707946712e+00
-9.2800000000e+02   1.5707980033e+00
-9.2700000000e+02   1.5707946292e+00
-9.2600000000e+02   1.5707980458e+00
-9.2500000000e+02   1.5707945861e+00
-9.2400000000e+02   1.5707980893e+00
-9.2300000000e+02   1.5707945421e+00
-9.2200000000e+02   1.5707981339e+00
-9.2100000000e+02   1.5707944970e+00
-9.2000000000e+02   1.5707981795e+00
-9.1900000000e+02   1.5707944509e+00
-9.1800000000e+02   1.5707982262e+00
-9.1700000000e+02   1.5707944037e+00
-9.1600000000e+02   1.5707982739e+00
-9.1500000000e+02   1.5707943554e+00
-9.1400000000e+02   1.5707983227e+00
-9.1300000000e+02   1.5707943060e+00
-9.1200000000e+02   1.5707983727e+00
-9.1100000000e+02   1.5707942554e+00
-9.1000000000e+02   1.5707984239e+00
-9.0900000000e+02   1.5707942037e+00
-9.0800000000e+02   1.5707984762e+00
-9.0700000000e+02   1.5707941508e+00
-9.0600000000e+02   1.5707985297e+00
-9.0500000000e+02   1.5707940967e+00
-9.0400000000e+02   1.5707985844e+00
-9.0300000000e+02   1.5707940413e+00
-9.0200000000e+02   1.5707986404e+00
-9.0100000000e+02   1.5707939847e+00
-9.0000000000e+02   1.5707986977e+00
-8.9900000000e+02   1.5707939268e+00
-8.9800000000e+02   1.5707987563e+00
-8.9700000000e+02   1.5707938675e+00
-8.9600000000e+02   1.5707988162e+00
-8.9500000000e+02   1.5707938070e+00
-8.9400000000e+02   1.5707988774e+00
-8.9300000000e+02   1.5707937450e+00
-8.9200000000e+02   1.5707989401e+00
-8.9100000000e+02   1.5707936817e+00
-8.9000000000e+02   1.5707990041e+00
-8.8900000000e+02   1.5707936169e+00
-8.8800000000e+02   1.5707990696e+00
-8.8700000000e+02   1.5707935506e+00
-8.8600000000e+02   1.5707991366e+00
-8.8500000000e+02   1.5707934829e+00
-8.8400000000e+02   1.5707992051e+00
-8.8300000000e+02   1.5707934137e+00
-8.8200000000e+02   1.5707992751e+00
-8.8100000000e+02   1.5707933429e+00
-8.8000000000e+02   1.5707993467e+00
-8.7900000000e+02   1.5707932705e+00
-8.7800000000e+02   1.5707994199e+00
-8.7700000000e+02   1.5707931965e+00
-8.7600000000e+02   1.5707994946e+00
-8.7500000000e+02   1.5707931209e+00
-8.7400000000e+02   1.5707995711e+00
-8.7300000000e+02   1.5707930436e+00
-8.7200000000e+02   1.5707996492e+00
-8.7100000000e+02   1.5707929646e+00
-8.7000000000e+02   1.5707997291e+00
-8.6900000000e+02   1.5707928839e+00
-8.6800000000e+02   1.5707998107e+00
-8.6700000000e+02   1.5707928014e+00
-8.6600000000e+02   1.5707998941e+00
-8.6500000000e+02   1.5707927171e+00
-8.6400000000e+02   1.5707999794e+00
-8.6300000000e+02   1.5707926309e+00
-8.6200000000e+02   1.5708000665e+00
-8.6100000000e+02   1.5707925429e+00
-8.6000000000e+02   1.5708001555e+00
-8.5900000000e+02   1.5707924529e+00
-8.5800000000e+02   1.5708002464e+00
-8.5700000000e+02   1.5707923610e+00
-8.5600000000e+02   1.5708003393e+00
-8.5500000000e+02   1.5707922671e+00
-8.5400000000e+02   1.5708004342e+00
-8.5300000000e+02   1.5707921711e+00
-8.5200000000e+02   1.5708005312e+00
-8.5100000000e+02   1.5707920731e+00
-8.5000000000e+02   1.5708006303e+00
-8.4900000000e+02   1.5707919730e+00
-8.4800000000e+02   1.5708007314e+00
-8.4700000000e+02   1.5707918707e+00
-8.4600000000e+02   1.5708008348e+00
-8.4500000000e+02   1.5707917663e+00
-8.4400000000e+02   1.5708009404e+00
-8.4300000000e+02   1.5707916596e+00
-8.4200000000e+02   1.5708010482e+00
-8.4100000000e+02   1.5707915506e+00
-8.4000000000e+02   1.5708011583e+00
-8.3900000000e+02   1.5707914393e+00
-8.3800000000e+02   1.5708012708e+00
-8.3700000000e+02   1.5707913257e+00
-8.3600000000e+02   1.5708013856e+00
-8.3500000000e+02   1.5707912096e+00
-8.3400000000e+02   1.5708015029e+00
-8.3300000000e+02   1.5707910911e+00
-8.3200000000e+02   1.5708016226e+00
-8.3100000000e+02   1.5707909701e+00
-8.3000000000e+02   1.5708017449e+00
-8.2900000000e+02   1.5707908466e+00
-8.2800000000e+02   1.5708018697e+00
-8.2700000000e+02   1.5707907205e+00
-8.2600000000e+02   1.5708019972e+00
-8.2500000000e+02   1.5707905917e+00
-8.2400000000e+02   1.5708021273e+00
-8.2300000000e+02   1.5707904603e+00
-8.2200000000e+02   1.5708022601e+00
-8.2100000000e+02   1.5707903261e+00
-8.2000000000e+02   1.5708023957e+00
-8.1900000000e+02   1.5707901891e+00
-8.1800000000e+02   1.5708025340e+00
-8.1700000000e+02   1.5707900493e+00
-8.1600000000e+02   1.5708026753e+00
-8.1500000000e+02   1.5707899066e+00
-8.1400000000e+02   1.5708028194e+00
-8.1300000000e+02   1.5707897610e+00
-8.1200000000e+02   1.5708029666e+00
-8.1100000000e+02   1.5707896123e+00
-8.1000000000e+02   1.5708031167e+00
-8.0900000000e+02   1.5707894606e+00
-8.0800000000e+02   1.5708032699e+00
-8.0700000000e+02   1.5707893059e+00
-8.0600000000e+02   1.5708034263e+00
-8.0500000000e+02   1.5707891479e+00
-8.0400000000e+02   1.5708035858e+00
-8.0300000000e+02   1.5707889868e+00
-8.0200000000e+02   1.5708037486e+00
-8.0100000000e+02   1.5707888224e+00
-8.0000000000e+02   1.5708039147e+00
-7.9900000000e+02   1.5707886546e+00
-7.9800000000e+02   1.5708040841e+00
-7.9700000000e+02   1.5707884835e+00
-7.9600000000e+02   1.5708042570e+00
-7.9500000000e+02   1.5707883089e+00
-7.9400000000e+02   1.5708044333e+00
-7.9300000000e+02   1.5707881308e+00
-7.9200000000e+02   1.5708046132e+00
-7.9100000000e+02   1.5707879491e+00
-7.9000000000e+02   1.5708047966e+00
-7.8900000000e+02   1.5707877638e+00
-7.8800000000e+02   1.5708049838e+00
-7.8700000000e+02   1.5707875749e+00
-7.8600000000e+02   1.5708051746e+00
-7.8500000000e+02   1.5707873821e+00
-7.8400000000e+02   1.5708053693e+00
-7.8300000000e+02   1.5707871855e+00
-7.8200000000e+02   1.5708055678e+00
-7.8100000000e+02   1.5707869851e+00
-7.8000000000e+02   1.5708057702e+00
-7.7900000000e+02   1.5707867807e+00
-7.7800000000e+02   1.5708059766e+00
-7.7700000000e+02   1.5707865722e+00
-7.7600000000e+02   1.5708061871e+00
-7.7500000000e+02   1.5707863597e+00
-7.7400000000e+02   1.5708064017e+00
-7.7300000000e+02   1.5707861430e+00
-7.7200000000e+02   1.5708066205e+00
-7.7100000000e+02   1.5707859220e+00
-7.7000000000e+02   1.5708068436e+00
-7.6900000000e+02   1.5707856968e+00
-7.6800000000e+02   1.5708070710e+00
-7.6700000000e+02   1.5707854672e+00
-7.6600000000e+02   1.5708073029e+00
-7.6500000000e+02   1.5707852331e+00
-7.6400000000e+02   1.5708075392e+00
-7.6300000000e+02   1.5707849946e+00
-7.6200000000e+02   1.5708077800e+00
-7.6100000000e+02   1.5707847514e+00
-7.6000000000e+02   1.5708080256e+00
-7.5900000000e+02   1.5707845035e+00
-7.5800000000e+02   1.5708082758e+00
-7.5700000000e+02   1.5707842509e+00
-7.5600000000e+02   1.5708085308e+00
-7.5500000000e+02   1.5707839934e+00
-7.5400000000e+02   1.5708087907e+00
-7.5300000000e+02   1.5707837311e+00
-7.5200000000e+02   1.5708090555e+00
-7.5100000000e+02   1.5707834637e+00
-7.5000000000e+02   1.5708093254e+00
-7.4900000000e+02   1.5707831913e+00
-7.4800000000e+02   1.5708096004e+00
-7.4700000000e+02   1.5707829137e+00
-7.4600000000e+02   1.5708098806e+00
-7.4500000000e+02   1.5707826309e+00
-7.4400000000e+02   1.5708101661e+00
-7.4300000000e+02   1.5707823428e+00
-7.4200000000e+02   1.5708104569e+00
-7.4100000000e+02   1.5707820493e+00
-7.4000000000e+02   1.5708107532e+00
-7.3900000000e+02   1.5707817502e+00
-7.3800000000e+02   1.5708110550e+00
-7.3700000000e+02   1.5707814456e+00
-7.3600000000e+02   1.5708113624e+00
-7.3500000000e+02   1.5707811353e+00
-7.3400000000e+02   1.5708116756e+00
-7.3300000000e+02   1.5707808192e+00
-7.3200000000e+02   1.5708119946e+00
-7.3100000000e+02   1.5707804973e+00
-7.3000000000e+02   1.5708123194e+00
-7.2900000000e+02   1.5707801695e+00
-7.2800000000e+02   1.5708126503e+00
-7.2700000000e+02   1.5707798356e+00
-7.2600000000e+02   1.5708129872e+00
-7.2500000000e+02   1.5707794956e+00
-7.2400000000e+02   1.5708133303e+00
-7.2300000000e+02   1.5707791493e+00
-7.2200000000e+02   1.5708136797e+00
-7.2100000000e+02   1.5707787968e+00
-7.2000000000e+02   1.5708140355e+00
-7.1900000000e+02   1.5707784378e+00
-7.1800000000e+02   1.5708143977e+00
-7.1700000000e+02   1.5707780723e+00
-7.1600000000e+02   1.5708147665e+00
-7.1500000000e+02   1.5707777002e+00
-7.1400000000e+02   1.5708151420e+00
-7.1300000000e+02   1.5707773213e+00
-7.1200000000e+02   1.5708155242e+00
-7.1100000000e+02   1.5707769357e+00
-7.1000000000e+02   1.5708159133e+00
-7.0900000000e+02   1.5707765431e+00
-7.0800000000e+02   1.5708163094e+00
-7.0700000000e+02   1.5707761435e+00
-7.0600000000e+02   1.5708167126e+00
-7.0500000000e+02   1.5707757367e+00
-7.0400000000e+02   1.5708171230e+00
-7.0300000000e+02   1.5707753227e+00
-7.0200000000e+02   1.5708175406e+00
-7.0100000000e+02   1.5707749014e+00
-7.0000000000e+02   1.5708179657e+00
-6.9900000000e+02   1.5707744726e+00
-6.9800000000e+02   1.5708183982e+00
-6.9700000000e+02   1.5707740362e+00
-6.9600000000e+02   1.5708188384e+00
-6.9500000000e+02   1.5707735922e+00
-6.9400000000e+02   1.5708192864e+00
-6.9300000000e+02   1.5707731403e+00
-6.9200000000e+02   1.5708197421e+00
-6.9100000000e+02   1.5707726806e+00
-6.9000000000e+02   1.5708202059e+00
-6.8900000000e+02   1.5707722128e+00
-6.8800000000e+02   1.5708206777e+00
-6.8700000000e+02   1.5707717369e+00
-6.8600000000e+02   1.5708211577e+00
-6.8500000000e+02   1.5707712527e+00
-6.8400000000e+02   1.5708216461e+00
-6.8300000000e+02   1.5707707602e+00
-6.8200000000e+02   1.5708221428e+00
-6.8100000000e+02   1.5707702592e+00
-6.8000000000e+02   1.5708226481e+00
-6.7900000000e+02   1.5707697496e+00
-6.7800000000e+02   1.5708231621e+00
-6.7700000000e+02   1.5707692312e+00
-6.7600000000e+02   1.5708236849e+00
-6.7500000000e+02   1.5707687039e+00
-6.7400000000e+02   1.5708242166e+00
-6.7300000000e+02   1.5707681677e+00
-6.7200000000e+02   1.5708247574e+00
-6.7100000000e+02   1.5707676224e+00
-6.7000000000e+02   1.5708253073e+00
-6.6900000000e+02   1.5707670678e+00
-6.6800000000e+02   1.5708258665e+00
-6.6700000000e+02   1.5707665039e+00
-6.6600000000e+02   1.5708264352e+00
-6.6500000000e+02   1.5707659305e+00
-6.6400000000e+02   1.5708270134e+00
-6.6300000000e+02   1.5707653474e+00
-6.6200000000e+02   1.5708276013e+00
-6.6100000000e+02   1.5707647546e+00
-6.6000000000e+02   1.5708281991e+00
-6.5900000000e+02   1.5707641519e+00
-6.5800000000e+02   1.5708288068e+00
-6.5700000000e+02   1.5707635392e+00
-6.5600000000e+02   1.5708294246e+00
-6.5500000000e+02   1.5707629163e+00
-6.5400000000e+02   1.5708300526e+00
-6.5300000000e+02   1.5707622831e+00
-6.5200000000e+02   1.5708306909e+00
-6.5100000000e+02   1.5707616395e+00
-6.5000000000e+02   1.5708313398e+00
-6.4900000000e+02   1.5707609853e+00
-6.4800000000e+02   1.5708319994e+00
-6.4700000000e+02   1.5707603204e+00
-6.4600000000e+02   1.5708326697e+00
-6.4500000000e+02   1.5707596447e+00
-6.4400000000e+02   1.5708333509e+00
-6.4300000000e+02   1.5707589579e+00
-6.4200000000e+02   1.5708340432e+00
-6.4100000000e+02   1.5707582600e+00
-6.4000000000e+02   1.5708347468e+00
-6.3900000000e+02   1.5707575508e+00
-6.3800000000e+02   1.5708354617e+00
-6.3700000000e+02   1.5707568302e+00
-6.3600000000e+02   1.5708361881e+00
-6.3500000000e+02   1.5707560980e+00
-6.3400000000e+02   1.5708369261e+00
-6.3300000000e+02   1.5707553540e+00
-6.3200000000e+02   1.5708376760e+00
-6.3100000000e+02   1.5707545982e+00
-6.3000000000e+02   1.5708384378e+00
-6.2900000000e+02   1.5707538303e+00
-6.2800000000e+02   1.5708392118e+00
-6.2700000000e+02   1.5707530503e+00
-6.2600000000e+02   1.5708399980e+00
-6.2500000000e+02   1.5707522579e+00
-6.2400000000e+02   1.5708407966e+00
-6.2300000000e+02   1.5707514530e+00
-6.2200000000e+02   1.5708416078e+00
-6.2100000000e+02   1.5707506355e+00
-6.2000000000e+02   1.5708424317e+00
-6.1900000000e+02   1.5707498051e+00
-6.1800000000e+02   1.5708432685e+00
-6.1700000000e+02   1.5707489618e+00
-6.1600000000e+02   1.5708441184e+00
-6.1500000000e+02   1.5707481054e+00
-6.1400000000e+02   1.5708449814e+00
-6.1300000000e+02   1.5707472356e+00
-6.1200000000e+02   1.5708458578e+00
-6.1100000000e+02   1.5707463525e+00
-6.1000000000e+02   1.5708467478e+00
-6.0900000000e+02   1.5707454557e+00
-6.0800000000e+02   1.5708476515e+00
-6.0700000000e+02   1.5707445451e+00
-6.0600000000e+02   1.5708485690e+00
-6.0500000000e+02   1.5707436206e+00
-6.0400000000e+02   1.5708495005e+00
-6.0300000000e+02   1.5707426820e+00
-6.0200000000e+02   1.5708504463e+00
-6.0100000000e+02   1.5707417291e+00
-6.0000000000e+02   1.5708514064e+00
-5.9900000000e+02   1.5707407617e+00
-5.9800000000e+02   1.5708523810e+00
-5.9700000000e+02   1.5707397798e+00
-5.9600000000e+02   1.5708533703e+00
-5.9500000000e+02   1.5707387830e+00
-5.9400000000e+02   1.5708543746e+00
-5.9300000000e+02   1.5707377713e+00
-5.9200000000e+02   1.5708553938e+00
-5.9100000000e+02   1.5707367445e+00
-5.9000000000e+02   1.5708564283e+00
-5.8900000000e+02   1.5707357023e+00
-5.8800000000e+02   1.5708574781e+00
-5.8700000000e+02   1.5707346447e+00
-5.8600000000e+02   1.5708585436e+00
-5.8500000000e+02   1.5707335714e+00
-5.8400000000e+02   1.5708596247e+00
-5.8300000000e+02   1.5707324823e+00
-5.8200000000e+02   1.5708607218e+00
-5.8100000000e+02   1.5707313772e+00
-5.8000000000e+02   1.5708618350e+00
-5.7900000000e+02   1.5707302558e+00
-5.7800000000e+02   1.5708629645e+00
-5.7700000000e+02   1.5707291182e+00
-5.7600000000e+02   1.5708641105e+00
-5.7500000000e+02   1.5707279639e+00
-5.7400000000e+02   1.5708652731e+00
-5.7300000000e+02   1.5707267929e+00
-5.7200000000e+02   1.5708664525e+00
-5.7100000000e+02   1.5707256050e+00
-5.7000000000e+02   1.5708676489e+00
-5.6900000000e+02   1.5707244000e+00
-5.6800000000e+02   1.5708688626e+00
-5.6700000000e+02   1.5707231777e+00
-5.6600000000e+02   1.5708700936e+00
-5.6500000000e+02   1.5707219379e+00
-5.6400000000e+02   1.5708713421e+00
-5.6300000000e+02   1.5707206805e+00
-5.6200000000e+02   1.5708726085e+00
-5.6100000000e+02   1.5707194052e+00
-5.6000000000e+02   1.5708738928e+00
-5.5900000000e+02   1.5707181119e+00
-5.5800000000e+02   1.5708751952e+00
-5.5700000000e+02   1.5707168004e+00
-5.5600000000e+02   1.5708765159e+00
-5.5500000000e+02   1.5707154704e+00
-5.5400000000e+02   1.5708778551e+00
-5.5300000000e+02   1.5707141218e+00
-5.5200000000e+02   1.5708792131e+00
-5.5100000000e+02   1.5707127545e+00
-5.5000000000e+02   1.5708805899e+00
-5.4900000000e+02   1.5707113681e+00
-5.4800000000e+02   1.5708819859e+00
-5.4700000000e+02   1.5707099625e+00
-5.4600000000e+02   1.5708834011e+00
-5.4500000000e+02   1.5707085376e+00
-5.4400000000e+02   1.5708848358e+00
-5.4300000000e+02   1.5707070931e+00
-5.4200000000e+02   1.5708862901e+00
-5.4100000000e+02   1.5707056288e+00
-5.4000000000e+02   1.5708877644e+00
-5.3900000000e+02   1.5707041446e+00
-5.3800000000e+02   1.5708892587e+00
-5.3700000000e+02   1.5707026402e+00
-5.3600000000e+02   1.5708907733e+00
-5.3500000000e+02   1.5707011154e+00
-5.3400000000e+02   1.5708923083e+00
-5.3300000000e+02   1.5706995701e+00
-5.3200000000e+02   1.5708938640e+00
-5.3100000000e+02   1.5706980040e+00
-5.3000000000e+02   1.5708954405e+00
-5.2900000000e+02   1.5706964169e+00
-5.2800000000e+02   1.5708970381e+00
-5.2700000000e+02   1.5706948087e+00
-5.2600000000e+02   1.5708986570e+00
-5.2500000000e+02   1.5706931792e+00
-5.2400000000e+02   1.5709002973e+00
-5.2300000000e+02   1.5706915280e+00
-5.2200000000e+02   1.5709019593e+00
-5.2100000000e+02   1.5706898552e+00
-5.2000000000e+02   1.5709036431e+00
-5.1900000000e+02   1.5706881603e+00
-5.1800000000e+02   1.5709053490e+00
-5.1700000000e+02   1.5706864433e+00
-5.1600000000e+02   1.5709070771e+00
-5.1500000000e+02   1.5706847040e+00
-5.1400000000e+02   1.5709088278e+00
-5.1300000000e+02   1.5706829420e+00
-5.1200000000e+02   1.5709106011e+00
-5.1100000000e+02   1.5706811573e+00
-5.1000000000e+02   1.5709123972e+00
-5.0900000000e+02   1.5706793496e+00
-5.0800000000e+02   1.5709142165e+00
-5.0700000000e+02   1.5706775187e+00
-5.0600000000e+02   1.5709160590e+00
-5.0500000000e+02   1.5706756645e+00
-5.0400000000e+02   1.5709179250e+00
-5.0300000000e+02   1.5706737867e+00
-5.0200000000e+02   1.5709198148e+00
-5.0100000000e+02   1.5706718850e+00
-5.0000000000e+02   1.5709217284e+00
-4.9900000000e+02   1.5706699594e+00
-4.9800000000e+02   1.5709236661e+00
-4.9700000000e+02   1.5706680096e+00
-4.9600000000e+02   1.5709256281e+00
-4.9500000000e+02   1.5706660353e+00
-4.9400000000e+02   1.5709276146e+00
-4.9300000000e+02   1.5706640365e+00
-4.9200000000e+02   1.5709296258e+00
-4.9100000000e+02   1.5706620128e+00
-4.9000000000e+02   1.5709316620e+00
-4.8900000000e+02   1.5706599641e+00
-4.8800000000e+02   1.5709337233e+00
-4.8700000000e+02   1.5706578902e+00
-4.8600000000e+02   1.5709358099e+00
-4.8500000000e+02   1.5706557909e+00
-4.8400000000e+02   1.5709379220e+00
-4.8300000000e+02   1.5706536659e+00
-4.8200000000e+02   1.5709400599e+00
-4.8100000000e+02   1.5706515150e+00
-4.8000000000e+02   1.5709422237e+00
-4.7900000000e+02   1.5706493382e+00
-4.7800000000e+02   1.5709444137e+00
-4.7700000000e+02   1.5706471350e+00
-4.7600000000e+02   1.5709466300e+00
-4.7500000000e+02   1.5706449055e+00
-4.7400000000e+02   1.5709488729e+00
-4.7300000000e+02   1.5706426492e+00
-4.7200000000e+02   1.5709511426e+00
-4.7100000000e+02   1.5706403661e+00
-4.7000000000e+02   1.5709534392e+00
-4.6900000000e+02   1.5706380559e+00
-4.6800000000e+02   1.5709557630e+00
-4.6700000000e+02   1.5706357185e+00
-4.6600000000e+02   1.5709581141e+00
-4.6500000000e+02   1.5706333536e+00
-4.6400000000e+02   1.5709604929e+00
-4.6300000000e+02   1.5706309610e+00
-4.6200000000e+02   1.5709628994e+00
-4.6100000000e+02   1.5706285405e+00
-4.6000000000e+02   1.5709653339e+00
-4.5900000000e+02   1.5706260919e+00
-4.5800000000e+02   1.5709677965e+00
-4.5700000000e+02   1.5706236151e+00
-4.5600000000e+02   1.5709702876e+00
-4.5500000000e+02   1.5706211098e+00
-4.5400000000e+02   1.5709728072e+00
-4.5300000000e+02   1.5706185758e+00
-4.5200000000e+02   1.5709753556e+00
-4.5100000000e+02   1.5706160130e+00
-4.5000000000e+02   1.5709779330e+00
-4.4900000000e+02   1.5706134210e+00
-4.4800000000e+02   1.5709805395e+00
-4.4700000000e+02   1.5706107998e+00
-4.4600000000e+02   1.5709831754e+00
-4.4500000000e+02   1.5706081491e+00
-4.4400000000e+02   1.5709858409e+00
-4.4300000000e+02   1.5706054688e+00
-4.4200000000e+02   1.5709885362e+00
-4.4100000000e+02   1.5706027586e+00
-4.4000000000e+02   1.5709912614e+00
-4.3900000000e+02   1.5706000183e+00
-4.3800000000e+02   1.5709940168e+00
-4.3700000000e+02   1.5705972478e+00
-4.3600000000e+02   1.5709968025e+00
-4.3500000000e+02   1.5705944468e+00
-4.3400000000e+02   1.5709996187e+00
-4.3300000000e+02   1.5705916152e+00
-4.3200000000e+02   1.5710024657e+00
-4.3100000000e+02   1.5705887528e+00
-4.3000000000e+02   1.5710053436e+00
-4.2900000000e+02   1.5705858594e+00
-4.2800000000e+02   1.5710082526e+00
-4.2700000000e+02   1.5705829348e+00
-4.2600000000e+02   1.5710111928e+00
-4.2500000000e+02   1.5705799788e+00
-4.2400000000e+02   1.5710141646e+00
-4.2300000000e+02   1.5705769913e+00
-4.2200000000e+02   1.5710171680e+00
-4.2100000000e+02   1.5705739719e+00
-4.2000000000e+02   1.5710202033e+00
-4.1900000000e+02   1.5705709207e+00
-4.1800000000e+02   1.5710232706e+00
-4.1700000000e+02   1.5705678373e+00
-4.1600000000e+02   1.5710263700e+00
-4.1500000000e+02   1.5705647217e+00
-4.1400000000e+02   1.5710295019e+00
-4.1300000000e+02   1.5705615735e+00
-4.1200000000e+02   1.5710326664e+00
-4.1100000000e+02   1.5705583927e+00
-4.1000000000e+02   1.5710358635e+00
-4.0900000000e+02   1.5705551791e+00
-4.0800000000e+02   1.5710390936e+00
-4.0700000000e+02   1.5705519325e+00
-4.0600000000e+02   1.5710423568e+00
-4.0500000000e+02   1.5705486527e+00
-4.0400000000e+02   1.5710456532e+00
-4.0300000000e+02   1.5705453396e+00
-4.0200000000e+02   1.5710489831e+00
-4.0100000000e+02   1.5705419930e+00
-4.0000000000e+02   1.5710523465e+00
-3.9900000000e+02   1.5705386127e+00
-3.9800000000e+02   1.5710557438e+00
-3.9700000000e+02   1.5705351985e+00
-3.9600000000e+02   1.5710591749e+00
-3.9500000000e+02   1.5705317504e+00
-3.9400000000e+02   1.5710626401e+00
-3.9300000000e+02   1.5705282681e+00
-3.9200000000e+02   1.5710661396e+00
-3.9100000000e+02   1.5705247514e+00
-3.9000000000e+02   1.5710696734e+00
-3.8900000000e+02   1.5705212003e+00
-3.8800000000e+02   1.5710732418e+00
-3.8700000000e+02   1.5705176146e+00
-3.8600000000e+02   1.5710768449e+00
-3.8500000000e+02   1.5705139940e+00
-3.8400000000e+02   1.5710804829e+00
-3.8300000000e+02   1.5705103386e+00
-3.8200000000e+02   1.5710841559e+00
-3.8100000000e+02   1.5705066480e+00
-3.8000000000e+02   1.5710878641e+00
-3.7900000000e+02   1.5705029222e+00
-3.7800000000e+02   1.5710916075e+00
-3.7700000000e+02   1.5704991611e+00
-3.7600000000e+02   1.5710953864e+00
-3.7500000000e+02   1.5704953644e+00
-3.7400000000e+02   1.5710992008e+00
-3.7300000000e+02   1.5704915321e+00
-3.7200000000e+02   1.5711030510e+00
-3.7100000000e+02   1.5704876640e+00
-3.7000000000e+02   1.5711069371e+00
-3.6900000000e+02   1.5704837600e+00
-3.6800000000e+02   1.5711108591e+00
-3.6700000000e+02   1.5704798200e+00
-3.6600000000e+02   1.5711148172e+00
-3.6500000000e+02   1.5704758437e+00
-3.6400000000e+02   1.5711188116e+00
-3.6300000000e+02   1.5704718312e+00
-3.6200000000e+02   1.5711228423e+00
-3.6100000000e+02   1.5704677822e+00
-3.6000000000e+02   1.5711269095e+00
-3.5900000000e+02   1.5704636967e+00
-3.5800000000e+02   1.5711310133e+00
-3.5700000000e+02   1.5704595746e+00
-3.5600000000e+02   1.5711351539e+00
-3.5500000000e+02   1.5704554156e+00
-3.5400000000e+02   1.5711393312e+00
-3.5300000000e+02   1.5704512198e+00
-3.5200000000e+02   1.5711435455e+00
-3.5100000000e+02   1.5704469870e+00
-3.5000000000e+02   1.5711477969e+00
-3.4900000000e+02   1.5704427171e+00
-3.4800000000e+02   1.5711520853e+00
-3.4700000000e+02   1.5704384101e+00
-3.4600000000e+02   1.5711564111e+00
-3.4500000000e+02   1.5704340657e+00
-3.4400000000e+02   1.5711607741e+00
-3.4300000000e+02   1.5704296839e+00
-3.4200000000e+02   1.5711651746e+00
-3.4100000000e+02   1.5704252647e+00
-3.4000000000e+02   1.5711696126e+00
-3.3900000000e+02   1.5704208079e+00
-3.3800000000e+02   1.5711740882e+00
-3.3700000000e+02   1.5704163134e+00
-3.3600000000e+02   1.5711786015e+00
-3.3500000000e+02   1.5704117812e+00
-3.3400000000e+02   1.5711831526e+00
-3.3300000000e+02   1.5704072112e+00
-3.3200000000e+02   1.5711877415e+00
-3.3100000000e+02   1.5704026034e+00
-3.3000000000e+02   1.5711923684e+00
-3.2900000000e+02   1.5703979576e+00
-3.2800000000e+02   1.5711970332e+00
-3.2700000000e+02   1.5703932737e+00
-3.2600000000e+02   1.5712017361e+00
-3.2500000000e+02   1.5703885518e+00
-3.2400000000e+02   1.5712064770e+00
-3.2300000000e+02   1.5703837917e+00
-3.2200000000e+02   1.5712112562e+00
-3.2100000000e+02   1.5703789935e+00
-3.2000000000e+02   1.5712160735e+00
-3.1900000000e+02   1.5703741570e+00
-3.1800000000e+02   1.5712209292e+00
-3.1700000000e+02   1.5703692822e+00
-3.1600000000e+02   1.5712258231e+00
-3.1500000000e+02   1.5703643691e+00
-3.1400000000e+02   1.5712307554e+00
-3.1300000000e+02   1.5703594177e+00
-3.1200000000e+02   1.5712357261e+00
-3.1100000000e+02   1.5703544278e+00
-3.1000000000e+02   1.5712407352e+00
-3.0900000000e+02   1.5703493995e+00
-3.0800000000e+02   1.5712457827e+00
-3.0700000000e+02   1.5703443327e+00
-3.0600000000e+02   1.5712508687e+00
-3.0500000000e+02   1.5703392274e+00
-3.0400000000e+02   1.5712559932e+00
-3.0300000000e+02   1.5703340837e+00
-3.0200000000e+02   1.5712611562e+00
-3.0100000000e+02   1.5703289014e+00
-3.0000000000e+02   1.5712663578e+00
-2.9900000000e+02   1.5703236806e+00
-2.9800000000e+02   1.5712715978e+00
-2.9700000000e+02   1.5703184213e+00
-2.9600000000e+02   1.5712768764e+00
-2.9500000000e+02   1.5703131235e+00
-2.9400000000e+02   1.5712821935e+00
-2.9300000000e+02   1.5703077871e+00
-2.9200000000e+02   1.5712875491e+00
-2.9100000000e+02   1.5703024123e+00
-2.9000000000e+02   1.5712929432e+00
-2.8900000000e+02   1.5702969989e+00
-2.8800000000e+02   1.5712983758e+00
-2.8700000000e+02   1.5702915471e+00
-2.8600000000e+02   1.5713038468e+00
-2.8500000000e+02   1.5702860568e+00
-2.8400000000e+02   1.5713093563e+00
-2.8300000000e+02   1.5702805281e+00
-2.8200000000e+02   1.5713149042e+00
-2.8100000000e+02   1.5702749611e+00
-2.8000000000e+02   1.5713204904e+00
-2.7900000000e+02   1.5702693557e+00
-2.7800000000e+02   1.5713261150e+00
-2.7700000000e+02   1.5702637120e+00
-2.7600000000e+02   1.5713317778e+00
-2.7500000000e+02   1.5702580300e+00
-2.7400000000e+02   1.5713374789e+00
-2.7300000000e+02   1.5702523099e+00
-2.7200000000e+02   1.5713432181e+00
-2.7100000000e+02   1.5702465516e+00
-2.7000000000e+02   1.5713489954e+00
-2.6900000000e+02   1.5702407552e+00
-2.6800000000e+02   1.5713548108e+00
-2.6700000000e+02   1.5702349209e+00
-2.6600000000e+02   1.5713606641e+00
-2.6500000000e+02   1.5702290486e+00
-2.6400000000e+02   1.5713665553e+00
-2.6300000000e+02   1.5702231385e+00
-2.6200000000e+02   1.5713724843e+00
-2.6100000000e+02   1.5702171907e+00
-2.6000000000e+02   1.5713784510e+00
-2.5900000000e+02   1.5702112051e+00
-2.5800000000e+02   1.5713844553e+00
-2.5700000000e+02   1.5702051821e+00
-2.5600000000e+02   1.5713904971e+00
-2.5500000000e+02   1.5701991215e+00
-2.5400000000e+02   1.5713965763e+00
-2.5300000000e+02   1.5701930237e+00
-2.5200000000e+02   1.5714026928e+00
-2.5100000000e+02   1.5701868886e+00
-2.5000000000e+02   1.5714088465e+00
-2.4900000000e+02   1.5701807164e+00
-2.4800000000e+02   1.5714150372e+00
-2.4700000000e+02   1.5701745072e+00
-2.4600000000e+02   1.5714212649e+00
-2.4500000000e+02   1.5701682611e+00
-2.4400000000e+02   1.5714275293e+00
-2.4300000000e+02   1.5701619784e+00
-2.4200000000e+02   1.5714338303e+00
-2.4100000000e+02   1.5701556590e+00
-2.4000000000e+02   1.5714401679e+00
-2.3900000000e+02   1.5701493033e+00
-2.3800000000e+02   1.5714465417e+00
-2.3700000000e+02   1.5701429113e+00
-2.3600000000e+02   1.5714529518e+00
-2.3500000000e+02   1.5701364832e+00
-2.3400000000e+02   1.5714593979e+00
-2.3300000000e+02   1.5701300192e+00
-2.3200000000e+02   1.5714658798e+00
-2.3100000000e+02   1.5701235195e+00
-2.3000000000e+02   1.5714723973e+00
-2.2900000000e+02   1.5701169842e+00
-2.2800000000e+02   1.5714789504e+00
-2.2700000000e+02   1.5701104135e+00
-2.2600000000e+02   1.5714855387e+00
-2.2500000000e+02   1.5701038076e+00
-2.2400000000e+02   1.5714921621e+00
-2.2300000000e+02   1.5700971667e+00
-2.2200000000e+02   1.5714988204e+00
-2.2100000000e+02   1.5700904911e+00
-2.2000000000e+02   1.5715055133e+00
-2.1900000000e+02   1.5700837808e+00
-2.1800000000e+02   1.5715122407e+00
-2.1700000000e+02   1.5700770363e+00
-2.1600000000e+02   1.5715190024e+00
-2.1500000000e+02   1.5700702576e+00
-2.1400000000e+02   1.5715257980e+00
-2.1300000000e+02   1.5700634451e+00
-2.1200000000e+02   1.5715326274e+00
-2.1100000000e+02   1.5700565989e+00
-2.1000000000e+02   1.5715394904e+00
-2.0900000000e+02   1.5700497193e+00
-2.0800000000e+02   1.5715463866e+00
-2.0700000000e+02   1.5700428065e+00
-2.0600000000e+02   1.5715533158e+00
-2.0500000000e+02   1.5700358609e+00
-2.0400000000e+02   1.5715602777e+00
-2.0300000000e+02   1.5700288827e+00
-2.0200000000e+02   1.5715672722e+00
-2.0100000000e+02   1.5700218721e+00
-2.0000000000e+02   1.5715742988e+00
-1.9900000000e+02   1.5700148294e+00
-1.9800000000e+02   1.5715813574e+00
-1.9700000000e+02   1.5700077550e+00
-1.9600000000e+02   1.5715884476e+00
-1.9500000000e+02   1.5700006491e+00
-1.9400000000e+02   1.5715955692e+00
-1.9300000000e+02   1.5699935120e+00
-1.9200000000e+02   1.5716027217e+00
-1.9100000000e+02   1.5699863440e+00
-1.9000000000e+02   1.5716099050e+00
-1.8900000000e+02   1.5699791455e+00
-1.8800000000e+02   1.5716171187e+00
-1.8700000000e+02   1.5699719167e+00
-1.8600000000e+02   1.5716243625e+00
-1.8500000000e+02   1.5699646581e+00
-1.8400000000e+02   1.5716316360e+00
-1.8300000000e+02   1.5699573698e+00
-1.8200000000e+02   1.5716389389e+00
-1.8100000000e+02   1.5699500524e+00
-1.8000000000e+02   1.5716462708e+00
-1.7900000000e+02   1.5699427060e+00
-1.7800000000e+02   1.5716536315e+00
-1.7700000000e+02   1.5699353311e+00
-1.7600000000e+02   1.5716610205e+00
-1.7500000000e+02   1.5699279281e+00
-1.7400000000e+02   1.5716684375e+00
-1.7300000000e+02   1.5699204973e+00
-1.7200000000e+02   1.5716758820e+00
-1.7100000000e+02   1.5699130390e+00
-1.7000000000e+02   1.5716833538e+00
-1.6900000000e+02   1.5699055538e+00
-1.6800000000e+02   1.5716908524e+00
-1.6700000000e+02   1.5698980419e+00
-1.6600000000e+02   1.5716983775e+00
-1.6500000000e+02   1.5698905038e+00
-1.6400000000e+02   1.5717059285e+00
-1.6300000000e+02   1.5698829399e+00
-1.6200000000e+02   1.5717135052e+00
-1.6100000000e+02   1.5698753506e+00
-1.6000000000e+02   1.5717211071e+00
-1.5900000000e+02   1.5698677363e+00
-1.5800000000e+02   1.5717287337e+00
-1.5700000000e+02   1.5698600974e+00
-1.5600000000e+02   1.5717363847e+00
-1.5500000000e+02   1.5698524344e+00
-1.5400000000e+02   1.5717440596e+00
-1.5300000000e+02   1.5698447478e+00
-1.5200000000e+02   1.5717517579e+00
-1.5100000000e+02   1.5698370379e+00
-1.5000000000e+02   1.5717594792e+00
-1.4900000000e+02   1.5698293053e+00
-1.4800000000e+02   1.5717672230e+00
-1.4700000000e+02   1.5698215503e+00
-1.4600000000e+02   1.5717749889e+00
-1.4500000000e+02   1.5698137736e+00
-1.4400000000e+02   1.5717827764e+00
-1.4300000000e+02   1.5698059755e+00
-1.4200000000e+02   1.5717905850e+00
-1.4100000000e+02   1.5697981565e+00
-1.4000000000e+02   1.5717984142e+00
-1.3900000000e+02   1.5697903172e+00
-1.3800000000e+02   1.5718062635e+00
-1.3700000000e+02   1.5697824581e+00
-1.3600000000e+02   1.5718141324e+00
-1.3500000000e+02   1.5697745796e+00
-1.3400000000e+02   1.5718220204e+00
-1.3300000000e+02   1.5697666822e+00
-1.3200000000e+02   1.5718299269e+00
-1.3100000000e+02   1.5697587666e+00
-1.3000000000e+02   1.5718378515e+00
-1.2900000000e+02   1.5697508332e+00
-1.2800000000e+02   1.5718457936e+00
-1.2700000000e+02   1.5697428826e+00
-1.2600000000e+02   1.5718537526e+00
-1.2500000000e+02   1.5697349153e+00
-1.2400000000e+02   1.5718617281e+00
-1.2300000000e+02   1.5697269318e+00
-1.2200000000e+02   1.5718697194e+00
-1.2100000000e+02   1.5697189328e+00
-1.2000000000e+02   1.5718777259e+00
-1.1900000000e+02   1.5697109188e+00
-1.1800000000e+02   1.5718857472e+00
-1.1700000000e+02   1.5697028904e+00
-1.1600000000e+02   1.5718937827e+00
-1.1500000000e+02   1.5696948481e+00
-1.1400000000e+02   1.5719018316e+00
-1.1300000000e+02   1.5696867926e+00
-1.1200000000e+02   1.5719098936e+00
-1.1100000000e+02   1.5696787244e+00
-1.1000000000e+02   1.5719179679e+00
-1.0900000000e+02   1.5696706441e+00
-1.0800000000e+02   1.5719260539e+00
-1.0700000000e+02   1.5696625525e+00
-1.0600000000e+02   1.5719341511e+00
-1.0500000000e+02   1.5696544500e+00
-1.0400000000e+02   1.5719422587e+00
-1.0300000000e+02   1.5696463373e+00
-1.0200000000e+02   1.5719503763e+00
-1.0100000000e+02   1.5696382150e+00
-1.0000000000e+02   1.5719585031e+00
-9.9000000000e+01   1.5696300838e+00
-9.8000000000e+01   1.5719666385e+00
-9.7000000000e+01   1.5696219444e+00
-9.6000000000e+01   1.5719747818e+00
-9.5000000000e+01   1.5696137973e+00
-9.4000000000e+01   1.5719829325e+00
-9.3000000000e+01   1.5696056433e+00
-9.2000000000e+01   1.5719910898e+00
-9.1000000000e+01   1.5695974829e+00
-9.0000000000e+01   1.5719992530e+00
-8.9000000000e+01   1.5695893169e+00
-8.8000000000e+01   1.5720074215e+00
-8.7000000000e+01   1.5695811460e+00
-8.6000000000e+01   1.5720155947e+00
-8.5000000000e+01   1.5695729708e+00
-8.4000000000e+01   1.5720237717e+00
-8.3000000000e+01   1.5695647921e+00
-8.2000000000e+01   1.5720319520e+00
-8.1000000000e+01   1.5695566105e+00
-8.0000000000e+01   1.5720401348e+00
-7.9000000000e+01   1.5695484267e+00
-7.8000000000e+01   1.5720483194e+00
-7.7000000000e+01   1.5695402415e+00
-7.6000000000e+01   1.5720565050e+00
-7.5000000000e+01   1.5695320555e+00
-7.4000000000e+01   1.5720646911e+00
-7.3000000000e+01   1.5695238696e+00
-7.2000000000e+01   1.5720728768e+00
-7.1000000000e+01   1.5695156843e+00
-7.0000000000e+01   1.5720810614e+00
-6.9000000000e+01   1.5695075006e+00
-6.8000000000e+01   1.5720892441e+00
-6.7000000000e+01   1.5694993190e+00
-6.6000000000e+01   1.5720974243e+00
-6.5000000000e+01   1.5694911404e+00
-6.4000000000e+01   1.5721056012e+00
-6.3000000000e+01   1.5694829655e+00
-6.2000000000e+01   1.5721137740e+00
-6.1000000000e+01   1.5694747950e+00
-6.0000000000e+01   1.5721219419e+00
-5.9000000000e+01   1.5694666298e+00
-5.8000000000e+01   1.5721301042e+00
-5.7000000000e+01   1.5694584706e+00
-5.6000000000e+01   1.5721382601e+00
-5.5000000000e+01   1.5694503182e+00
-5.4000000000e+01   1.5721464089e+00
-5.3000000000e+01   1.5694421733e+00
-5.2000000000e+01   1.5721545496e+00
-5.1000000000e+01   1.5694340368e+00
-5.0000000000e+01   1.5721626817e+00
-4.9000000000e+01   1.5694259094e+00
-4.8000000000e+01   1.5721708042e+00
-4.7000000000e+01   1.5694177920e+00
-4.6000000000e+01   1.5721789163e+00
-4.5000000000e+01   1.5694096853e+00
-4.4000000000e+01   1.5721870173e+00
-4.3000000000e+01   1.5694015902e+00
-4.2000000000e+01   1.5721951064e+00
-4.1000000000e+01   1.5693935075e+00
-4.0000000000e+01   1.5722031826e+00
-3.9000000000e+01   1.5693854379e+00
-3.8000000000e+01   1.5722112453e+00
-3.7000000000e+01   1.5693773823e+00
-3.6000000000e+01   1.5722192936e+00
-3.5000000000e+01   1.5693693416e+00
-3.4000000000e+01   1.5722273266e+00
-3.3000000000e+01   1.5693613165e+00
-3.2000000000e+01   1.5722353435e+00
-3.1000000000e+01   1.5693533079e+00
-3.0000000000e+01   1.5722433435e+00
-2.9000000000e+01   1.5693453166e+00
-2.8000000000e+01   1.5722513258e+00
-2.7000000000e+01   1.5693373436e+00
-2.6000000000e+01   1.5722592895e+00
-2.5000000000e+01   1.5693293895e+00
-2.4000000000e+01   1.5722672337e+00
-2.3000000000e+01   1.5693214553e+00
-2.2000000000e+01   1.5722751576e+00
-2.1000000000e+01   1.5693135419e+00
-2.0000000000e+01   1.5722830604e+00
-1.9000000000e+01   1.5693056500e+00
-1.8000000000e+01   1.5722909412e+00
-1.7000000000e+01   1.5692977806e+00
-1.6000000000e+01   1.5722987991e+00
-1.5000000000e+01   1.5692899344e+00
-1.4000000000e+01   1.5723066332e+00
-1.3000000000e+01   1.5692821125e+00
-1.2000000000e+01   1.5723144428e+00
-1.1000000000e+01   1.5692743156e+00
-1.0000000000e+01   1.5723222268e+00
-9.0000000000e+00   1.5692665445e+00
-8.0000000000e+00   1.5723299846e+00
-7.0000000000e+00   1.5692588003e+00
-6.0000000000e+00   1.5723377151e+00
-5.0000000000e+00   1.5692510837e+00
-4.0000000000e+00   1.5723454175e+00
-3.0000000000e+00   1.5692433957e+00
-2.0000000000e+00   1.5723530909e+00
-1.0000000000e+00   1.5692357371e+00
0.0000000000e+00   1.5692357371e+00
1.0000000000e+00   1.5723530909e+00
2.0000000000e+00   1.5692433957e+00
3.0000000000e+00   1.5723454175e+00
4.0000000000e+00   1.5692510837e+00
5.0000000000e+00   1.5723377151e+00
6.0000000000e+00   1.5692588003e+00
7.0000000000e+00   1.5723299846e+00
8.0000000000e+00   1.5692665445e+00
9.0000000000e+00   1.5723222268e+00
1.0000000000e+01   1.5692743156e+00
1.1000000000e+01   1.5723144428e+00
1.2000000000e+01   1.5692821125e+00
1.3000000000e+01   1.5723066332e+00
1.4000000000e+01   1.5692899344e+00
1.5000000000e+01   1.5722987991e+00
1.6000000000e+01   1.5692977806e+00
1.7000000000e+01   1.5722909412e+00
1.8000000000e+01   1.5693056500e+00
1.9000000000e+01   1.5722830604e+00
2.0000000000e+01   1.5693135419e+00
2.1000000000e+01   1.5722751576e+00
2.2000000000e+01   1.5693214553e+00
2.3000000000e+01   1.5722672337e+00
2.4000000000e+01   1.5693293895e+00
2.5000000000e+01   1.5722592895e+00
2.6000000000e+01   1.5693373436e+00
2.7000000000e+01   1.5722513258e+00
2.8000000000e+01   1.5693453166e+00
2.9000000000e+01   1.5722433435e+00
3.0000000000e+01   1.5693533079e+00
3.1000000000e+01   1.5722353435e+00
3.2000000000e+01   1.5693613165e+00
3.3000000000e+01   1.5722273266e+00
3.4000000000e+01   1.5693693416e+00
3.5000000000e+01   1.5722192936e+00
3.6000000000e+01   1.5693773823e+00
3.7000000000e+01   1.5722112453e+00
3.8000000000e+01   1.5693854379e+00
3.9000000000e+01   1.5722031826e+00
4.0000000000e+01   1.5693935075e+00
4.1000000000e+01   1.5721951064e+00
4.2000000000e+01   1.5694015902e+00
4.3000000000e+01   1.5721870173e+00
4.4000000000e+01   1.5694096853e+00
4.5000000000e+01   1.5721789163e+00
4.6000000000e+01   1.5694177920e+00
4.7000000000e+01   1.5721708042e+00
4.8000000000e+01   1.5694259094e+00
4.9000000000e+01   1.5721626817e+00
5.0000000000e+01   1.5694340368e+00
5.1000000000e+01   1.5721545496e+00
5.2000000000e+01   1.5694421733e+00
5.3000000000e+01   1.5721464089e+00
5.4000000000e+01   1.5694503182e+00
5.5000000000e+01   1.5721382601e+00
5.6000000000e+01   1.5694584706e+00
5.7000000000e+01   1.5721301042e+00
5.8000000000e+01   1.5694666298e+00
5.9000000000e+01   1.5721219419e+00
6.0000000000e+01   1.5694747950e+00
6.1000000000e+01   1.5721137740e+00
6.2000000000e+01   1.5694829655e+00
6.3000000000e+01   1.5721056012e+00
6.4000000000e+01   1.5694911404e+00
6.5000000000e+01   1.5720974243e+00
6.6000000000e+01   1.5694993190e+00
6.7000000000e+01   1.5720892441e+00
6.8000000000e+01   1.5695075006e+00
6.9000000000e+01   1.5720810614e+00
7.0000000000e+01   1.5695156843e+00
7.1000000000e+01   1.5720728768e+00
7.2000000000e+01   1.5695238696e+00
7.3000000000e+01   1.5720646911e+00
7.4000000000e+01   1.5695320555e+00
7.5000000000e+01   1.5720565050e+00
7.6000000000e+01   1.5695402415e+00
7.7000000000e+01   1.5720483194e+00
7.8000000000e+01   1.5695484267e+00
7.9000000000e+01   1.5720401348e+00
8.0000000000e+01   1.5695566105e+00
8.1000000000e+01   1.5720319520e+00
8.2000000000e+01   1.5695647921e+00
8.3000000000e+01   1.5720237717e+00
8.4000000000e+01   1.5695729708e+00
8.5000000000e+01   1.5720155947e+00
8.6000000000e+01   1.5695811460e+00
8.7000000000e+01   1.5720074215e+00
8.8000000000e+01   1.5695893169e+00
8.9000000000e+01   1.5719992530e+00
9.0000000000e+01   1.5695974829e+00
9.1000000000e+01   1.5719910898e+00
9.2000000000e+01   1.5696056433e+00
9.3000000000e+01   1.5719829325e+00
9.4000000000e+01   1.5696137973e+00
9.5000000000e+01   1.5719747818e+00
9.6000000000e+01   1.5696219444e+00
9.7000000000e+01   1.5719666385e+00
9.8000000000e+01   1.5696300838e+00
9.9000000000e+01   1.5719585031e+00
1.0000000000e+02   1.5696382150e+00
1.0100000000e+02   1.5719503763e+00
1.0200000000e+02   1.5696463373e+00
1.0300000000e+02   1.5719422587e+00
1.0400000000e+02   1.5696544500e+00
1.0500000000e+02   1.5719341511e+00
1.0600000000e+02   1.5696625525e+00
1.0700000000e+02   1.5719260539e+00
1.0800000000e+02   1.5696706441e+00
1.0900000000e+02   1.5719179679e+00
1.1000000000e+02   1.5696787244e+00
1.1100000000e+02   1.5719098936e+00
1.1200000000e+02   1.5696867926e+00
1.1300000000e+02   1.5719018316e+00
1.1400000000e+02   1.5696948481e+00
1.1500000000e+02   1.5718937827e+00
1.1600000000e+02   1.5697028904e+00
1.1700000000e+02   1.5718857472e+00
1.1800000000e+02   1.5697109188e+00
1.1900000000e+02   1.5718777259e+00
1.2000000000e+02   1.5697189328e+00
1.2100000000e+02   1.5718697194e+00
1.2200000000e+02   1.5697269318e+00
1.2300000000e+02   1.5718617281e+00
1.2400000000e+02   1.5697349153e+00
1.2500000000e+02   1.5718537526e+00
1.2600000000e+02   1.5697428826e+00
1.2700000000e+02   1.5718457936e+00
1.2800000000e+02   1.5697508332e+00
1.2900000000e+02   1.5718378515e+00
1.3000000000e+02   1.5697587666e+00
1.3100000000e+02   1.5718299269e+00
1.3200000000e+02   1.5697666822e+00
1.3300000000e+02   1.5718220204e+00
1.3400000000e+02   1.5697745796e+00
1.3500000000e+02   1.5718141324e+00
1.3600000000e+02   1.5697824581e+00
1.3700000000e+02   1.5718062635e+00
1.3800000000e+02   1.5697903172e+00
1.3900000000e+02   1.5717984142e+00
1.4000000000e+02   1.5697981565e+00
1.4100000000e+02   1.5717905850e+00
1.4200000000e+02   1.5698059755e+00
1.4300000000e+02   1.5717827764e+00
1.4400000000e+02   1.5698137736e+00
1.4500000000e+02   1.5717749889e+00
1.4600000000e+02   1.5698215503e+00
1.4700000000e+02   1.5717672230e+00
1.4800000000e+02   1.5698293053e+00
1.4900000000e+02   1.5717594792e+00
1.5000000000e+02   1.5698370379e+00
1.5100000000e+02   1.5717517579e+00
1.5200000000e+02   1.5698447478e+00
1.5300000000e+02   1.5717440596e+00
1.5400000000e+02   1.5698524344e+00
1.5500000000e+02   1.5717363847e+00
1.5600000000e+02   1.5698600974e+00
1.5700000000e+02   1.5717287337e+00
1.5800000000e+02   1.5698677363e+00
1.5900000000e+02   1.5717211071e+00
1.6000000000e+02   1.5698753506e+00
1.6100000000e+02   1.5717135052e+00
1.6200000000e+02   1.5698829399e+00
1.6300000000e+02   1.5717059285e+00
1.6400000000e+02   1.5698905038e+00
1.6500000000e+02   1.5716983775e+00
1.6600000000e+02   1.5698980419e+00
1.6700000000e+02   1.5716908524e+00
1.6800000000e+02   1.5699055538e+00
1.6900000000e+02   1.5716833538e+00
1.7000000000e+02   1.5699130390e+00
1.7100000000e+02   1.5716758820e+00
1.7200000000e+02   1.5699204973e+00
1.7300000000e+02   1.5716684375e+00
1.7400000000e+02   1.5699279281e+00
1.7500000000e+02   1.5716610205e+00
1.7600000000e+02   1.5699353311e+00
1.7700000000e+02   1.5716536315e+00
1.7800000000e+02   1.5699427060e+00
1.7900000000e+02   1.5716462708e+00
1.8000000000e+02   1.5699500524e+00
1.8100000000e+02   1.5716389389e+00
1.8200000000e+02   1.5699573698e+00
1.8300000000e+02   1.5716316360e+00
1.8400000000e+02   1.5699646581e+00
1.8500000000e+02   1.5716243625e+00
1.8600000000e+02   1.5699719167e+00
1.8700000000e+02   1.5716171187e+00
1.8800000000e+02   1.5699791455e+00
1.8900000000e+02   1.5716099050e+00
1.9000000000e+02   1.5699863440e+00
1.9100000000e+02   1.5716027217e+00
1.9200000000e+02   1.5699935120e+00
1.9300000000e+02   1.5715955692e+00
1.9400000000e+02   1.5700006491e+00
1.9500000000e+02   1.5715884476e+00
1.9600000000e+02   1.5700077550e+00
1.9700000000e+02   1.5715813574e+00
1.9800000000e+02   1.5700148294e+00
1.9900000000e+02   1.5715742988e+00
2.0000000000e+02   1.5700218721e+00
2.0100000000e+02   1.5715672722e+00
2.0200000000e+02   1.5700288827e+00
2.0300000000e+02   1.5715602777e+00
2.0400000000e+02   1.5700358609e+00
2.0500000000e+02   1.5715533158e+00
2.0600000000e+02   1.5700428065e+00
2.0700000000e+02   1.5715463866e+00
2.0800000000e+02   1.5700497193e+00
2.0900000000e+02   1.5715394904e+00
2.1000000000e+02   1.5700565989e+00
2.1100000000e+02   1.5715326274e+00
2.1200000000e+02   1.5700634451e+00
2.1300000000e+02   1.5715257980e+00
2.1400000000e+02   1.5700702576e+00
2.1500000000e+02   1.5715190024e+00
2.1600000000e+02   1.5700770363e+00
2.1700000000e+02   1.5715122407e+00
2.1800000000e+02   1.5700837808e+00
2.1900000000e+02   1.5715055133e+00
2.2000000000e+02   1.5700904911e+00
2.2100000000e+02   1.5714988204e+00
2.2200000000e+02   1.5700971667e+00
2.2300000000e+02   1.5714921621e+00
2.2400000000e+02   1.5701038076e+00
2.2500000000e+02   1.5714855387e+00
2.2600000000e+02   1.5701104135e+00
2.2700000000e+02   1.5714789504e+00
2.2800000000e+02   1.5701169842e+00
2.2900000000e+02   1.5714723973e+00
2.3000000000e+02   1.5701235195e+00
2.3100000000e+02   1.5714658798e+00
2.3200000000e+02   1.5701300192e+00
2.3300000000e+02   1.5714593979e+00
2.3400000000e+02   1.5701364832e+00
2.3500000000e+02   1.5714529518e+00
2.3600000000e+02   1.5701429113e+00
2.3700000000e+02   1.5714465417e+00
2.3800000000e+02   1.5701493033e+00
2.3900000000e+02   1.5714401679e+00
2.4000000000e+02   1.5701556590e+00
2.4100000000e+02   1.5714338303e+00
2.4200000000e+02   1.5701619784e+00
2.4300000000e+02   1.5714275293e+00
2.4400000000e+02   1.5701682611e+00
2.4500000000e+02   1.5714212649e+00
2.4600000000e+02   1.5701745072e+00
2.4700000000e+02   1.5714150372e+00
2.4800000000e+02   1.5701807164e+00
2.4900000000e+02   1.5714088465e+00
2.5000000000e+02   1.5701868886e+00
2.5100000000e+02   1.5714026928e+00
2.5200000000e+02   1.5701930237e+00
2.5300000000e+02   1.5713965763e+00
2.5400000000e+02   1.5701991215e+00
2.5500000000e+02   1.5713904971e+00
2.5600000000e+02   1.5702051821e+00
2.5700000000e+02   1.5713844553e+00
2.5800000000e+02   1.5702112051e+00
2.5900000000e+02   1.5713784510e+00
2.6000000000e+02   1.5702171907e+00
2.6100000000e+02   1.5713724843e+00
2.6200000000e+02   1.5702231385e+00
2.6300000000e+02   1.5713665553e+00
2.6400000000e+02   1.5702290486e+00
2.6500000000e+02   1.5713606641e+00
2.6600000000e+02   1.5702349209e+00
2.6700000000e+02   1.5713548108e+00
2.6800000000e+02   1.5702407552e+00
2.6900000000e+02   1.5713489954e+00
2.7000000000e+02   1.5702465516e+00
2.7100000000e+02   1.5713432181e+00
2.7200000000e+02   1.5702523099e+00
2.7300000000e+02   1.5713374789e+00
2.7400000000e+02   1.5702580300e+00
2.7500000000e+02   1.5713317778e+00
2.7600000000e+02   1.5702637120e+00
2.7700000000e+02   1.5713261150e+00
2.7800000000e+02   1.5702693557e+00
2.7900000000e+02   1.5713204904e+00
2.8000000000e+02   1.5702749611e+00
2.8100000000e+02   1.5713149042e+00
2.8200000000e+02   1.5702805281e+00
2.8300000000e+02   1.5713093563e+00
2.8400000000e+02   1.5702860568e+00
2.8500000000e+02   1.5713038468e+00
2.8600000000e+02   1.5702915471e+00
2.8700000000e+02   1.5712983758e+00
2.8800000000e+02   1.5702969989e+00
2.8900000000e+02   1.5712929432e+00
2.9000000000e+02   1.5703024123e+00
2.9100000000e+02   1.5712875491e+00
2.9200000000e+02   1.5703077871e+00
2.9300000000e+02   1.5712821935e+00
2.9400000000e+02   1.5703131235e+00
2.9500000000e+02   1.5712768764e+00
2.9600000000e+02   1.5703184213e+00
2.9700000000e+02   1.5712715978e+00
2.9800000000e+02   1.5703236806e+00
2.9900000000e+02   1.5712663578e+00
3.0000000000e+02   1.5703289014e+00
3.0100000000e+02   1.5712611562e+00
3.0200000000e+02   1.5703340837e+00
3.0300000000e+02   1.5712559932e+00
3.0400000000e+02   1.5703392274e+00
3.0500000000e+02   1.5712508687e+00
3.0600000000e+02   1.5703443327e+00
3.0700000000e+02   1.5712457827e+00
3.0800000000e+02   1.5703493995e+00
3.0900000000e+02   1.5712407352e+00
3.1000000000e+02   1.5703544278e+00
3.1100000000e+02   1.5712357261e+00
3.1200000000e+02   1.5703594177e+00
3.1300000000e+02   1.5712307554e+00
3.1400000000e+02   1.5703643691e+00
3.1500000000e+02   1.5712258231e+00
3.1600000000e+02   1.5703692822e+00
3.1700000000e+02   1.5712209292e+00
3.1800000000e+02   1.5703741570e+00
3.1900000000e+02   1.5712160735e+00
3.2000000000e+02   1.5703789935e+00
3.2100000000e+02   1.5712112562e+00
3.2200000000e+02   1.5703837917e+00
3.2300000000e+02   1.5712064770e+00
3.2400000000e+02   1.5703885518e+00
3.2500000000e+02   1.5712017361e+00
3.2600000000e+02   1.5703932737e+00
3.2700000000e+02   1.5711970332e+00
3.2800000000e+02   1.5703979576e+00
3.2900000000e+02   1.5711923684e+00
3.3000000000e+02   1.5704026034e+00
3.3100000000e+02   1.5711877415e+00
3.3200000000e+02   1.5704072112e+00
3.3300000000e+02   1.5711831526e+00
3.3400000000e+02   1.5704117812e+00
3.3500000000e+02   1.5711786015e+00
3.3600000000e+02   1.5704163134e+00
3.3700000000e+02   1.5711740882e+00
3.3800000000e+02   1.5704208079e+00
3.3900000000e+02   1.5711696126e+00
3.4000000000e+02   1.5704252647e+00
3.4100000000e+02   1.5711651746e+00
3.4200000000e+02   1.5704296839e+00
3.4300000000e+02   1.5711607741e+00
3.4400000000e+02   1.5704340657e+00
3.4500000000e+02   1.5711564111e+00
3.4600000000e+02   1.5704384101e+00
3.4700000000e+02   1.5711520853e+00
3.4800000000e+02   1.5704427171e+00
3.4900000000e+02   1.5711477969e+00
3.5000000000e+02   1.5704469870e+00
3.5100000000e+02   1.5711435455e+00
3.5200000000e+02   1.5704512198e+00
3.5300000000e+02   1.5711393312e+00
3.5400000000e+02   1.5704554156e+00
3.5500000000e+02   1.5711351539e+00
3.5600000000e+02   1.5704595746e+00
3.5700000000e+02   1.5711310133e+00
3.5800000000e+02   1.5704636967e+00
3.5900000000e+02   1.5711269095e+00
3.6000000000e+02   1.5704677822e+00
3.6100000000e+02   1.5711228423e+00
3.6200000000e+02   1.5704718312e+00
3.6300000000e+02   1.5711188116e+00
3.6400000000e+02   1.5704758437e+00
3.6500000000e+02   1.5711148172e+00
3.6600000000e+02   1.5704798200e+00
3.6700000000e+02   1.5711108591e+00
3.6800000000e+02   1.5704837600e+00
3.6900000000e+02   1.5711069371e+00
3.7000000000e+02   1.5704876640e+00
3.7100000000e+02   1.5711030510e+00
3.7200000000e+02   1.5704915321e+00
3.7300000000e+02   1.5710992008e+00
3.7400000000e+02   1.5704953644e+00
3.7500000000e+02   1.5710953864e+00
3.7600000000e+02   1.5704991611e+00
3.7700000000e+02   1.5710916075e+00
3.7800000000e+02   1.5705029222e+00
3.7900000000e+02   1.5710878641e+00
3.8000000000e+02   1.5705066480e+00
3.8100000000e+02   1.5710841559e+00
3.8200000000e+02   1.5705103386e+00
3.8300000000e+02   1.5710804829e+00
3.8400000000e+02   1.5705139940e+00
3.8500000000e+02   1.5710768449e+00
3.8600000000e+02   1.5705176146e+00
3.8700000000e+02   1.5710732418e+00
3.8800000000e+02   1.5705212003e+00
3.8900000000e+02   1.5710696734e+00
3.9000000000e+02   1.5705247514e+00
3.9100000000e+02   1.5710661396e+00
3.9200000000e+02   1.5705282681e+00
3.9300000000e+02   1.5710626401e+00
3.9400000000e+02   1.5705317504e+00
3.9500000000e+02   1.5710591749e+00
3.9600000000e+02   1.5705351985e+00
3.9700000000e+02   1.5710557438e+00
3.9800000000e+02   1.5705386127e+00
3.9900000000e+02   1.5710523465e+00
4.0000000000e+02   1.5705419930e+00
4.0100000000e+02   1.5710489831e+00
4.0200000000e+02   1.5705453396e+00
4.0300000000e+02   1.5710456532e+00
4.0400000000e+02   1.5705486527e+00
4.0500000000e+02   1.5710423568e+00
4.0600000000e+02   1.5705519325e+00
4.0700000000e+02   1.5710390936e+00
4.0800000000e+02   1.5705551791e+00
4.0900000000e+02   1.5710358635e+00
4.1000000000e+02   1.5705583927e+00
4.1100000000e+02   1.5710326664e+00
4.1200000000e+02   1.5705615735e+00
4.1300000000e+02   1.5710295019e+00
4.1400000000e+02   1.5705647217e+00
4.1500000000e+02   1.5710263700e+00
4.1600000000e+02   1.5705678373e+00
4.1700000000e+02   1.5710232706e+00
4.1800000000e+02   1.5705709207e+00
4.1900000000e+02   1.5710202033e+00
4.2000000000e+02   1.5705739719e+00
4.2100000000e+02   1.5710171680e+00
4.2200000000e+02   1.5705769913e+00
4.2300000000e+02   1.5710141646e+00
4.2400000000e+02   1.5705799788e+00
4.2500000000e+02   1.5710111928e+00
4.2600000000e+02   1.5705829348e+00
4.2700000000e+02   1.5710082526e+00
4.2800000000e+02   1.5705858594e+00
4.2900000000e+02   1.5710053436e+00
4.3000000000e+02   1.5705887528e+00
4.3100000000e+02   1.5710024657e+00
4.3200000000e+02   1.5705916152e+00
4.3300000000e+02   1.5709996187e+00
4.3400000000e+02   1.5705944468e+00
4.3500000000e+02   1.5709968025e+00
4.3600000000e+02   1.5705972478e+00
4.3700000000e+02   1.5709940168e+00
4.3800000000e+02   1.5706000183e+00
4.3900000000e+02   1.5709912614e+00
4.4000000000e+02   1.5706027586e+00
4.4100000000e+02   1.5709885362e+00
4.4200000000e+02   1.5706054688e+00
4.4300000000e+02   1.5709858409e+00
4.4400000000e+02   1.5706081491e+00
4.4500000000e+02   1.5709831754e+00
4.4600000000e+02   1.5706107998e+00
4.4700000000e+02   1.5709805395e+00
4.4800000000e+02   1.5706134210e+00
4.4900000000e+02   1.5709779330e+00
4.5000000000e+02   1.5706160130e+00
4.5100000000e+02   1.5709753556e+00
4.5200000000e+02   1.5706185758e+00
4.5300000000e+02   1.5709728072e+00
4.5400000000e+02   1.5706211098e+00
4.5500000000e+02   1.5709702876e+00
4.5600000000e+02   1.5706236151e+00
4.5700000000e+02   1.5709677965e+00
4.5800000000e+02   1.5706260919e+00
4.5900000000e+02   1.5709653339e+00
4.6000000000e+02   1.5706285405e+00
4.6100000000e+02   1.5709628994e+00
4.6200000000e+02   1.5706309610e+00
4.6300000000e+02   1.5709604929e+00
4.6400000000e+02   1.5706333536e+00
4.6500000000e+02   1.5709581141e+00
4.6600000000e+02   1.5706357185e+00
4.6700000000e+02   1.5709557630e+00
4.6800000000e+02   1.5706380559e+00
4.6900000000e+02   1.5709534392e+00
4.7000000000e+02   1.5706403661e+00
4.7100000000e+02   1.5709511426e+00
4.7200000000e+02   1.5706426492e+00
4.7300000000e+02   1.5709488729e+00
4.7400000000e+02   1.5706449055e+00
4.7500000000e+02   1.5709466300e+00
4.7600000000e+02   1.5706471350e+00
4.7700000000e+02   1.5709444137e+00
4.7800000000e+02   1.5706493382e+00
4.7900000000e+02   1.5709422237e+00
4.8000000000e+02   1.5706515150e+00
4.8100000000e+02   1.5709400599e+00
4.8200000000e+02   1.5706536659e+00
4.8300000000e+02   1.5709379220e+00
4.8400000000e+02   1.5706557909e+00
4.8500000000e+02   1.5709358099e+00
4.8600000000e+02   1.5706578902e+00
4.8700000000e+02   1.5709337233e+00
4.8800000000e+02   1.5706599641e+00
4.8900000000e+02   1.5709316620e+00
4.9000000000e+02   1.5706620128e+00
4.9100000000e+02   1.5709296258e+00
4.9200000000e+02   1.5706640365e+00
4.9300000000e+02   1.5709276146e+00
4.9400000000e+02   1.5706660353e+00
4.9500000000e+02   1.5709256281e+00
4.9600000000e+02   1.5706680096e+00
4.9700000000e+02   1.5709236661e+00
4.9800000000e+02   1.5706699594e+00
4.9900000000e+02   1.5709217284e+00
5.0000000000e+02   1.5706718850e+00
5.0100000000e+02   1.5709198148e+00
5.0200000000e+02   1.5706737867e+00
5.0300000000e+02   1.5709179250e+00
5.0400000000e+02   1.5706756645e+00
5.0500000000e+02   1.5709160590e+00
5.0600000000e+02   1.5706775187e+00
5.0700000000e+02   1.5709142165e+00
5.0800000000e+02   1.5706793496e+00
5.0900000000e+02   1.5709123972e+00
5.1000000000e+02   1.5706811573e+00
5.1100000000e+02   1.5709106011e+00
5.1200000000e+02   1.5706829420e+00
5.1300000000e+02   1.5709088278e+00
5.1400000000e+02   1.5706847040e+00
5.1500000000e+02   1.5709070771e+00
5.1600000000e+02   1.5706864433e+00
5.1700000000e+02   1.5709053490e+00
5.1800000000e+02   1.5706881603e+00
5.1900000000e+02   1.5709036431e+00
5.2000000000e+02   1.5706898552e+00
5.2100000000e+02   1.5709019593e+00
5.2200000000e+02   1.5706915280e+00
5.2300000000e+02   1.5709002973e+00
5.2400000000e+02   1.5706931792e+00
5.2500000000e+02   1.5708986570e+00
5.2600000000e+02   1.5706948087e+00
5.2700000000e+02   1.5708970381e+00
5.2800000000e+02   1.5706964169e+00
5.2900000000e+02   1.5708954405e+00
5.3000000000e+02   1.5706980040e+00
5.3100000000e+02   1.5708938640e+00
5.3200000000e+02   1.5706995701e+00
5.3300000000e+02   1.5708923083e+00
5.3400000000e+02   1.5707011154e+00
5.3500000000e+02   1.5708907733e+00
5.3600000000e+02   1.5707026402e+00
5.3700000000e+02   1.5708892587e+00
5.3800000000e+02   1.5707041446e+00
5.3900000000e+02   1.5708877644e+00
5.4000000000e+02   1.5707056288e+00
5.4100000000e+02   1.5708862901e+00
5.4200000000e+02   1.5707070931e+00
5.4300000000e+02   1.5708848358e+00
5.4400000000e+02   1.5707085376e+00
5.4500000000e+02   1.5708834011e+00
5.4600000000e+02   1.5707099625e+00
5.4700000000e+02   1.5708819859e+00
5.4800000000e+02   1.5707113681e+00
5.4900000000e+02   1.5708805899e+00
5.5000000000e+02   1.5707127545e+00
5.5100000000e+02   1.5708792131e+00
5.5200000000e+02   1.5707141218e+00
5.5300000000e+02   1.5708778551e+00
5.5400000000e+02   1.5707154704e+00
5.5500000000e+02   1.5708765159e+00
5.5600000000e+02   1.5707168004e+00
5.5700000000e+02   1.5708751952e+00
5.5800000000e+02   1.5707181119e+00
5.5900000000e+02   1.5708738928e+00
5.6000000000e+02   1.5707194052e+00
5.6100000000e+02   1.5708726085e+00
5.6200000000e+02   1.5707206805e+00
5.6300000000e+02   1.5708713421e+00
5.6400000000e+02   1.5707219379e+00
5.6500000000e+02   1.5708700936e+00
5.6600000000e+02   1.5707231777e+00
5.6700000000e+02   1.5708688626e+00
5.6800000000e+02   1.5707244000e+00
5.6900000000e+02   1.5708676489e+00
5.7000000000e+02   1.5707256050e+00
5.7100000000e+02   1.5708664525e+00
5.7200000000e+02   1.5707267929e+00
5.7300000000e+02   1.5708652731e+00
5.7400000000e+02   1.5707279639e+00
5.7500000000e+02   1.5708641105e+00
5.7600000000e+02   1.5707291182e+00
5.7700000000e+02   1.5708629645e+00
5.7800000000e+02   1.5707302558e+00
5.7900000000e+02   1.5708618350e+00
5.8000000000e+02   1.5707313772e+00
5.8100000000e+02   1.5708607218e+00
5.8200000000e+02   1.5707324823e+00
5.8300000000e+02   1.5708596247e+00
5.8400000000e+02   1.5707335714e+00
5.8500000000e+02   1.5708585436e+00
5.8600000000e+02   1.5707346447e+00
5.8700000000e+02   1.5708574781e+00
5.8800000000e+02   1.5707357023e+00
5.8900000000e+02   1.5708564283e+00
5.9000000000e+02   1.5707367445e+00
5.9100000000e+02   1.5708553938e+00
5.9200000000e+02   1.5707377713e+00
5.9300000000e+02   1.5708543746e+00
5.9400000000e+02   1.5707387830e+00
5.9500000000e+02   1.5708533703e+00
5.9600000000e+02   1.5707397798e+00
5.9700000000e+02   1.5708523810e+00
5.9800000000e+02   1.5707407617e+00
5.9900000000e+02   1.5708514064e+00
6.0000000000e+02   1.5707417291e+00
6.0100000000e+02   1.5708504463e+00
6.0200000000e+02   1.5707426820e+00
6.0300000000e+02   1.5708495005e+00
6.0400000000e+02   1.5707436206e+00
6.0500000000e+02   1.5708485690e+00
6.0600000000e+02   1.5707445451e+00
6.0700000000e+02   1.5708476515e+00
6.0800000000e+02   1.5707454557e+00
6.0900000000e+02   1.5708467478e+00
6.1000000000e+02   1.5707463525e+00
6.1100000000e+02   1.5708458578e+00
6.1200000000e+02   1.5707472356e+00
6.1300000000e+02   1.5708449814e+00
6.1400000000e+02   1.5707481054e+00
6.1500000000e+02   1.5708441184e+00
6.1600000000e+02   1.5707489618e+00
6.1700000000e+02   1.5708432685e+00
6.1800000000e+02   1.5707498051e+00
6.1900000000e+02   1.5708424317e+00
6.2000000000e+02   1.5707506355e+00
6.2100000000e+02   1.5708416078e+00
6.2200000000e+02   1.5707514530e+00
6.2300000000e+02   1.5708407966e+00
6.2400000000e+02   1.5707522579e+00
6.2500000000e+02   1.5708399980e+00
6.2600000000e+02   1.5707530503e+00
6.2700000000e+02   1.5708392118e+00
6.2800000000e+02   1.5707538303e+00
6.2900000000e+02   1.5708384378e+00
6.3000000000e+02   1.5707545982e+00
6.3100000000e+02   1.5708376760e+00
6.3200000000e+02   1.5707553540e+00
6.3300000000e+02   1.5708369261e+00
6.3400000000e+02   1.5707560980e+00
6.3500000000e+02   1.5708361881e+00
6.3600000000e+02   1.5707568302e+00
6.3700000000e+02   1.5708354617e+00
6.3800000000e+02   1.5707575508e+00
6.3900000000e+02   1.5708347468e+00
6.4000000000e+02   1.5707582600e+00
6.4100000000e+02   1.5708340432e+00
6.4200000000e+02   1.5707589579e+00
6.4300000000e+02   1.5708333509e+00
6.4400000000e+02   1.5707596447e+00
6.4500000000e+02   1.5708326697e+00
6.4600000000e+02   1.5707603204e+00
6.4700000000e+02   1.5708319994e+00
6.4800000000e+02   1.5707609853e+00
6.4900000000e+02   1.5708313398e+00
6.5000000000e+02   1.5707616395e+00
6.5100000000e+02   1.5708306909e+00
6.5200000000e+02   1.5707622831e+00
6.5300000000e+02   1.5708300526e+00
6.5400000000e+02   1.5707629163e+00
6.5500000000e+02   1.5708294246e+00
6.5600000000e+02   1.5707635392e+00
6.5700000000e+02   1.5708288068e+00
6.5800000000e+02   1.5707641519e+00
6.5900000000e+02   1.5708281991e+00
6.6000000000e+02   1.5707647546e+00
6.6100000000e+02   1.5708276013e+00
6.6200000000e+02   1.5707653474e+00
6.6300000000e+02   1.5708270134e+00
6.6400000000e+02   1.5707659305e+00
6.6500000000e+02   1.5708264352e+00
6.6600000000e+02   1.5707665039e+00
6.6700000000e+02   1.5708258665e+00
6.6800000000e+02   1.5707670678e+00
6.6900000000e+02   1.5708253073e+00
6.7000000000e+02   1.5707676224e+00
6.7100000000e+02   1.5708247574e+00
6.7200000000e+02   1.5707681677e+00
6.7300000000e+02   1.5708242166e+00
6.7400000000e+02   1.5707687039e+00
6.7500000000e+02   1.5708236849e+00
6.7600000000e+02   1.5707692312e+00
6.7700000000e+02   1.5708231621e+00
6.7800000000e+02   1.5707697496e+00
6.7900000000e+02   1.5708226481e+00
6.8000000000e+02   1.5707702592e+00
6.8100000000e+02   1.5708221428e+00
6.8200000000e+02   1.5707707602e+00
6.8300000000e+02   1.5708216461e+00
6.8400000000e+02   1.5707712527e+00
6.8500000000e+02   1.5708211577e+00
6.8600000000e+02   1.5707717369e+00
6.8700000000e+02   1.5708206777e+00
6.8800000000e+02   1.5707722128e+00
6.8900000000e+02   1.5708202059e+00
6.9000000000e+02   1.5707726806e+00
6.9100000000e+02   1.5708197421e+00
6.9200000000e+02   1.5707731403e+00
6.9300000000e+02   1.5708192864e+00
6.9400000000e+02   1.5707735922e+00
6.9500000000e+02   1.5708188384e+00
6.9600000000e+02   1.5707740362e+00
6.9700000000e+02   1.5708183982e+00
6.9800000000e+02   1.5707744726e+00
6.9900000000e+02   1.5708179657e+00
7.0000000000e+02   1.5707749014e+00
7.0100000000e+02   1.5708175406e+00
7.0200000000e+02   1.5707753227e+00
7.0300000000e+02   1.5708171230e+00
7.0400000000e+02   1.5707757367e+00
7.0500000000e+02   1.5708167126e+00
7.0600000000e+02   1.5707761435e+00
7.0700000000e+02   1.5708163094e+00
7.0800000000e+02   1.5707765431e+00
7.0900000000e+02   1.5708159133e+00
7.1000000000e+02   1.5707769357e+00
7.1100000000e+02   1.5708155242e+00
7.1200000000e+02   1.5707773213e+00
7.1300000000e+02   1.5708151420e+00
7.1400000000e+02   1.5707777002e+00
7.1500000000e+02   1.5708147665e+00
7.1600000000e+02   1.5707780723e+00
7.1700000000e+02   1.5708143977e+00
7.1800000000e+02   1.5707784378e+00
7.1900000000e+02   1.5708140355e+00
7.2000000000e+02   1.5707787968e+00
7.2100000000e+02   1.5708136797e+00
7.2200000000e+02   1.5707791493e+00
7.2300000000e+02   1.5708133303e+00
7.2400000000e+02   1.5707794956e+00
7.2500000000e+02   1.5708129872e+00
7.2600000000e+02   1.5707798356e+00
7.2700000000e+02   1.5708126503e+00
7.2800000000e+02   1.5707801695e+00
7.2900000000e+02   1.5708123194e+00
7.3000000000e+02   1.5707804973e+00
7.3100000000e+02   1.5708119946e+00
7.3200000000e+02   1.5707808192e+00
7.3300000000e+02   1.5708116756e+00
7.3400000000e+02   1.5707811353e+00
7.3500000000e+02   1.5708113624e+00
7.3600000000e+02   1.5707814456e+00
7.3700000000e+02   1.5708110550e+00
7.3800000000e+02   1.5707817502e+00
7.3900000000e+02   1.5708107532e+00
7.4000000000e+02   1.5707820493e+00
7.4100000000e+02   1.5708104569e+00
7.4200000000e+02   1.5707823428e+00
7.4300000000e+02   1.5708101661e+00
7.4400000000e+02   1.5707826309e+00
7.4500000000e+02   1.5708098806e+00
7.4600000000e+02   1.5707829137e+00
7.4700000000e+02   1.5708096004e+00
7.4800000000e+02   1.5707831913e+00
7.4900000000e+02   1.5708093254e+00
7.5000000000e+02   1.5707834637e+00
7.5100000000e+02   1.5708090555e+00
7.5200000000e+02   1.5707837311e+00
7.5300000000e+02   1.5708087907e+00
7.5400000000e+02   1.5707839934e+00
7.5500000000e+02   1.5708085308e+00
7.5600000000e+02   1.5707842509e+00
7.5700000000e+02   1.5708082758e+00
7.5800000000e+02   1.5707845035e+00
7.5900000000e+02   1.5708080256e+00
7.6000000000e+02   1.5707847514e+00
7.6100000000e+02   1.5708077800e+00
7.6200000000e+02   1.5707849946e+00
7.6300000000e+02   1.5708075392e+00
7.6400000000e+02   1.5707852331e+00
7.6500000000e+02   1.5708073029e+00
7.6600000000e+02   1.5707854672e+00
7.6700000000e+02   1.5708070710e+00
7.6800000000e+02   1.5707856968e+00
7.6900000000e+02   1.5708068436e+00
7.7000000000e+02   1.5707859220e+00
7.7100000000e+02   1.5708066205e+00
7.7200000000e+02   1.5707861430e+00
7.7300000000e+02   1.5708064017e+00
7.7400000000e+02   1.5707863597e+00
7.7500000000e+02   1.5708061871e+00
7.7600000000e+02   1.5707865722e+00
7.7700000000e+02   1.5708059766e+00
7.7800000000e+02   1.5707867807e+00
7.7900000000e+02   1.5708057702e+00
7.8000000000e+02   1.5707869851e+00
7.8100000000e+02   1.5708055678e+00
7.8200000000e+02   1.5707871855e+00
7.8300000000e+02   1.5708053693e+00
7.8400000000e+02   1.5707873821e+00
7.8500000000e+02   1.5708051746e+00
7.8600000000e+02   1.5707875749e+00
7.8700000000e+02   1.5708049838e+00
7.8800000000e+02   1.5707877638e+00
7.8900000000e+02   1.5708047966e+00
7.9000000000e+02   1.5707879491e+00
7.9100000000e+02   1.5708046132e+00
7.9200000000e+02   1.5707881308e+00
7.9300000000e+02   1.5708044333e+00
7.9400000000e+02   1.5707883089e+00
7.9500000000e+02   1.5708042570e+00
7.9600000000e+02   1.5707884835e+00
7.9700000000e+02   1.5708040841e+00
7.9800000000e+02   1.5707886546e+00
7.9900000000e+02   1.5708039147e+00
8.0000000000e+02   1.5707888224e+00
8.0100000000e+02   1.5708037486e+00
8.0200000000e+02   1.5707889868e+00
8.0300000000e+02   1.5708035858e+00
8.0400000000e+02   1.5707891479e+00
8.0500000000e+02   1.5708034263e+00
8.0600000000e+02   1.5707893059e+00
8.0700000000e+02   1.5708032699e+00
8.0800000000e+02   1.5707894606e+00
8.0900000000e+02   1.5708031167e+00
8.1000000000e+02   1.5707896123e+00
8.1100000000e+02   1.5708029666e+00
8.1200000000e+02   1.5707897610e+00
8.1300000000e+02   1.5708028194e+00
8.1400000000e+02   1.5707899066e+00
8.1500000000e+02   1.5708026753e+00
8.1600000000e+02   1.5707900493e+00
8.1700000000e+02   1.5708025340e+00
8.1800000000e+02   1.5707901891e+00
8.1900000000e+02   1.5708023957e+00
8.2000000000e+02   1.5707903261e+00
8.2100000000e+02   1.5708022601e+00
8.2200000000e+02   1.5707904603e+00
8.2300000000e+02   1.5708021273e+00
8.2400000000e+02   1.5707905917e+00
8.2500000000e+02   1.5708019972e+00
8.2600000000e+02   1.5707907205e+00
8.2700000000e+02   1.5708018697e+00
8.2800000000e+02   1.5707908466e+00
8.2900000000e+02   1.5708017449e+00
8.3000000000e+02   1.5707909701e+00
8.3100000000e+02   1.5708016226e+00
8.3200000000e+02   1.5707910911e+00
8.3300000000e+02   1.5708015029e+00
8.3400000000e+02   1.5707912096e+00
8.3500000000e+02   1.5708013856e+00
8.3600000000e+02   1.5707913257e+00
8.3700000000e+02   1.5708012708e+00
8.3800000000e+02   1.5707914393e+00
8.3900000000e+02   1.5708011583e+00
8.4000000000e+02   1.5707915506e+00
8.4100000000e+02   1.5708010482e+00
8.4200000000e+02   1.5707916596e+00
8.4300000000e+02   1.5708009404e+00
8.4400000000e+02   1.5707917663e+00
8.4500000000e+02   1.5708008348e+00
8.4600000000e+02   1.5707918707e+00
8.4700000000e+02   1.5708007314e+00
8.4800000000e+02   1.5707919730e+00
8.4900000000e+02   1.5708006303e+00
8.5000000000e+02   1.5707920731e+00
8.5100000000e+02   1.5708005312e+00
8.5200000000e+02   1.5707921711e+00
8.5300000000e+02   1.5708004342e+00
8.5400000000e+02   1.5707922671e+00
8.5500000000e+02   1.5708003393e+00
8.5600000000e+02   1.5707923610e+00
8.5700000000e+02   1.5708002464e+00
8.5800000000e+02   1.5707924529e+00
8.5900000000e+02   1.5708001555e+00
8.6000000000e+02   1.5707925429e+00
8.6100000000e+02   1.5708000665e+00
8.6200000000e+02   1.5707926309e+00
8.6300000000e+02   1.5707999794e+00
8.6400000000e+02   1.5707927171e+00
8.6500000000e+02   1.5707998941e+00
8.6600000000e+02   1.5707928014e+00
8.6700000000e+02   1.5707998107e+00
8.6800000000e+02   1.5707928839e+00
8.6900000000e+02   1.5707997291e+00
8.7000000000e+02   1.5707929646e+00
8.7100000000e+02   1.5707996492e+00
8.7200000000e+02   1.5707930436e+00
8.7300000000e+02   1.5707995711e+00
8.7400000000e+02   1.5707931209e+00
8.7500000000e+02   1.5707994946e+00
8.7600000000e+02   1.5707931965e+00
8.7700000000e+02   1.5707994199e+00
8.7800000000e+02   1.5707932705e+00
8.7900000000e+02   1.5707993467e+00
8.8000000000e+02   1.5707933429e+00
8.8100000000e+02   1.5707992751e+00
8.8200000000e+02   1.5707934137e+00
8.8300000000e+02   1.5707992051e+00
8.8400000000e+02   1.5707934829e+00
8.8500000000e+02   1.5707991366e+00
8.8600000000e+02   1.5707935506e+00
8.8700000000e+02   1.5707990696e+00
8.8800000000e+02   1.5707936169e+00
8.8900000000e+02   1.5707990041e+00
8.9000000000e+02   1.5707936817e+00
8.9100000000e+02   1.5707989401e+00
8.9200000000e+02   1.5707937450e+00
8.9300000000e+02   1.5707988774e+00
8.9400000000e+02   1.5707938070e+00
8.9500000000e+02   1.5707988162e+00
8.9600000000e+02   1.5707938675e+00
8.9700000000e+02   1.5707987563e+00
8.9800000000e+02   1.5707939268e+00
8.9900000000e+02   1.5707986977e+00
9.0000000000e+02   1.5707939847e+00
9.0100000000e+02   1.5707986404e+00
9.0200000000e+02   1.5707940413e+00
9.0300000000e+02   1.5707985844e+00
9.0400000000e+02   1.5707940967e+00
9.0500000000e+02   1.5707985297e+00
9.0600000000e+02   1.5707941508e+00
9.0700000000e+02   1.5707984762e+00
9.0800000000e+02   1.5707942037e+00
9.0900000000e+02   1.5707984239e+00
9.1000000000e+02   1.5707942554e+00
9.1100000000e+02   1.5707983727e+00
9.1200000000e+02   1.5707943060e+00
9.1300000000e+02   1.5707983227e+00
9.1400000000e+02   1.5707943554e+00
9.1500000000e+02   1.5707982739e+00
9.1600000000e+02   1.5707944037e+00
9.1700000000e+02   1.5707982262e+00
9.1800000000e+02   1.5707944509e+00
9.1900000000e+02   1.5707981795e+00
9.2000000000e+02   1.5707944970e+00
9.2100000000e+02   1.5707981339e+00
9.2200000000e+02   1.5707945421e+00
9.2300000000e+02   1.5707980893e+00
9.2400000000e+02   1.5707945861e+00
9.2500000000e+02   1.5707980458e+00
9.2600000000e+02   1.5707946292e+00
9.2700000000e+02   1.5707980033e+00
9.2800000000e+02   1.5707946712e+00
9.2900000000e+02   1.5707979617e+00
9.3000000000e+02   1.5707947123e+00
9.3100000000e+02   1.5707979211e+00
9.3200000000e+02   1.5707947525e+00
9.3300000000e+02   1.5707978814e+00
9.3400000000e+02   1.5707947917e+00
9.3500000000e+02   1.5707978426e+00
9.3600000000e+02   1.5707948300e+00
9.3700000000e+02   1.5707978048e+00
9.3800000000e+02   1.5707948674e+00
9.3900000000e+02   1.5707977678e+00
9.4000000000e+02   1.5707949040e+00
9.4100000000e+02   1.5707977317e+00
9.4200000000e+02   1.5707949397e+00
9.4300000000e+02   1.5707976964e+00
9.4400000000e+02   1.5707949745e+00
9.4500000000e+02   1.5707976619e+00
9.4600000000e+02   1.5707950086e+00
9.4700000000e+02   1.5707976283e+00
9.4800000000e+02   1.5707950418e+00
9.4900000000e+02   1.5707975954e+00
9.5000000000e+02   1.5707950743e+00
9.5100000000e+02   1.5707975633e+00
9.5200000000e+02   1.5707951060e+00
9.5300000000e+02   1.5707975320e+00
9.5400000000e+02   1.5707951370e+00
9.5500000000e+02   1.5707975014e+00
9.5600000000e+02   1.5707951672e+00
9.5700000000e+02   1.5707974715e+00
9.5800000000e+02   1.5707951967e+00
9.5900000000e+02   1.5707974424e+00
9.6000000000e+02   1.5707952256e+00
9.6100000000e+02   1.5707974139e+00
9.6200000000e+02   1.5707952537e+00
9.6300000000e+02   1.5707973861e+00
9.6400000000e+02   1.5707952812e+00
9.6500000000e+02   1.5707973589e+00
9.6600000000e+02   1.5707953080e+00
9.6700000000e+02   1.5707973325e+00
9.6800000000e+02   1.5707953341e+00
9.6900000000e+02   1.5707973066e+00
9.7000000000e+02   1.5707953597e+00
9.7100000000e+02   1.5707972814e+00
9.7200000000e+02   1.5707953846e+00
9.7300000000e+02   1.5707972567e+00
9.7400000000e+02   1.5707954089e+00
9.7500000000e+02   1.5707972327e+00
9.7600000000e+02   1.5707954327e+00
9.7700000000e+02   1.5707972092e+00
9.7800000000e+02   1.5707954559e+00
9.7900000000e+02   1.5707971864e+00
9.8000000000e+02   1.5707954785e+00
9.8100000000e+02   1.5707971640e+00
9.8200000000e+02   1.5707955005e+00
9.8300000000e+02   1.5707971422e+00
9.8400000000e+02   1.5707955221e+00
9.8500000000e+02   1.5707971210e+00
9.8600000000e+02   1.5707955431e+00
9.8700000000e+02   1.5707971002e+00
9.8800000000e+02   1.5707955635e+00
9.8900000000e+02   1.5707970800e+00
9.9000000000e+02   1.5707955835e+00
9.9100000000e+02   1.5707970602e+00
9.9200000000e+02   1.5707956030e+00
9.9300000000e+02   1.5707970410e+00
9.9400000000e+02   1.5707956221e+00
9.9500000000e+02   1.5707970222e+00
9.9600000000e+02   1.5707956406e+00
9.9700000000e+02   1.5707970039e+00
9.9800000000e+02   1.5707956587e+00
9.9900000000e+02   1.5707969860e+00
1.0000000000e+03   1.5707956764e+00
1.0010000000e+03   1.5707969686e+00
1.0020000000e+03   1.5707956936e+00
1.0030000000e+03   1.5707969516e+00
1.0040000000e+03   1.5707957104e+00
1.0050000000e+03   1.5707969350e+00
1.0060000000e+03   1.5707957267e+00
1.0070000000e+03   1.5707969188e+00
1.0080000000e+03   1.5707957427e+00
1.0090000000e+03   1.5707969031e+00
1.0100000000e+03   1.5707957583e+00
1.0110000000e+03   1.5707968877e+00
1.0120000000e+03   1.5707957734e+00
1.0130000000e+03   1.5707968727e+00
1.0140000000e+03   1.5707957882e+00
1.0150000000e+03   1.5707968581e+00
1.0160000000e+03   1.5707958027e+00
1.0170000000e+03   1.5707968438e+00
1.0180000000e+03   1.5707958167e+00
1.0190000000e+03   1.5707968300e+00
1.0200000000e+03   1.5707958304e+00
1.0210000000e+03   1.5707968164e+00
1.0220000000e+03   1.5707958438e+00
1.0230000000e+03   1.5707968032e+00
1.0240000000e+03   1.5707958568e+00
1.0250000000e+03   1.5707967904e+00
1.0260000000e+03   1.5707958695e+00
1.0270000000e+03   1.5707967778e+00
1.0280000000e+03   1.5707958819e+00
1.0290000000e+03   1.5707967656e+00
1.0300000000e+03   1.5707958940e+00
1.0310000000e+03   1.5707967537e+00
1.0320000000e+03   1.5707959057e+00
1.0330000000e+03   1.5707967421e+00
1.0340000000e+03   1.5707959172e+00
1.0350000000e+03   1.5707967308e+00
1.0360000000e+03   1.5707959283e+00
1.0370000000e+03   1.5707967198e+00
1.0380000000e+03   1.5707959392e+00
1.0390000000e+03   1.5707967091e+00
1.0400000000e+03   1.5707959498e+00
1.0410000000e+03   1.5707966986e+00
1.0420000000e+03   1.5707959601e+00
1.0430000000e+03   1.5707966884e+00
1.0440000000e+03   1.5707959702e+00
1.0450000000e+03   1.5707966785e+00
1.0460000000e+03   1.5707959800e+00
1.0470000000e+03   1.5707966688e+00
1.0480000000e+03   1.5707959895e+00
1.0490000000e+03   1.5707966594e+00
1.0500000000e+03   1.5707959988e+00
1.0510000000e+03   1.5707966502e+00
1.0520000000e+03   1.5707960079e+00
1.0530000000e+03   1.5707966413e+00
1.0540000000e+03   1.5707960167e+00
1.0550000000e+03   1.5707966326e+00
1.0560000000e+03   1.5707960253e+00
1.0570000000e+03   1.5707966241e+00
1.0580000000e+03   1.5707960337e+00
1.0590000000e+03   1.5707966158e+00
1.0600000000e+03   1.5707960418e+00
1.0610000000e+03   1.5707966078e+00
1.0620000000e+03   1.5707960498e+00
1.0630000000e+03   1.5707965999e+00
1.0640000000e+03   1.5707960575e+00
1.0650000000e+03   1.5707965923e+00
1.0660000000e+03   1.5707960650e+00
1.0670000000e+03   1.5707965849e+00
1.0680000000e+03   1.5707960723e+00
1.0690000000e+03   1.5707965777e+00
1.0700000000e+03   1.5707960795e+00
1.0710000000e+03   1.5707965706e+00
1.0720000000e+03   1.5707960864e+00
1.0730000000e+03   1.5707965638e+00
1.0740000000e+03   1.5707960932e+00
1.0750000000e+03   1.5707965571e+00
1.0760000000e+03   1.5707960998e+00
1.0770000000e+03   1.5707965506e+00
1.0780000000e+03   1.5707961062e+00
1.0790000000e+03   1.5707965443e+00
1.0800000000e+03   1.5707961124e+00
1.0810000000e+03   1.5707965381e+00
1.0820000000e+03   1.5707961185e+00
1.0830000000e+03   1.5707965321e+00
1.0840000000e+03   1.5707961244e+00
1.0850000000e+03   1.5707965263e+00
1.0860000000e+03   1.5707961301e+00
1.0870000000e+03   1.5707965206e+00
1.0880000000e+03   1.5707961357e+00
1.0890000000e+03   1.5707965151e+00
1.0900000000e+03   1.5707961412e+00
1.0910000000e+03   1.5707965098e+00
1.0920000000e+03   1.5707961465e+00
1.0930000000e+03   1.5707965045e+00
1.0940000000e+03   1.5707961516e+00
1.0950000000e+03   1.5707964994e+00
1.0960000000e+03   1.5707961566e+00
1.0970000000e+03   1.5707964945e+00
1.0980000000e+03   1.5707961615e+00
1.0990000000e+03   1.5707964897e+00
1.1000000000e+03   1.5707961663e+00
1.1010000000e+03   1.5707964850e+00
1.1020000000e+03   1.5707961709e+00
1.1030000000e+03   1.5707964804e+00
1.1040000000e+03   1.5707961754e+00
1.1050000000e+03   1.5707964760e+00
1.1060000000e+03   1.5707961798e+00
1.1070000000e+03   1.5707964717e+00
1.1080000000e+03   1.5707961840e+00
1.1090000000e+03   1.5707964675e+00
1.1100000000e+03   1.5707961881e+00
1.1110000000e+03   1.5707964634e+00
1.1120000000e+03   1.5707961922e+00
1.1130000000e+03   1.5707964595e+00
1.1140000000e+03   1.5707961961e+00
1.1150000000e+03   1.5707964556e+00
1.1160000000e+03   1.5707961999e+00
1.1170000000e+03   1.5707964518e+00
1.1180000000e+03   1.5707962036e+00
1.1190000000e+03   1.5707964482e+00
1.1200000000e+03   1.5707962072e+00
1.1210000000e+03   1.5707964446e+00
1.1220000000e+03   1.5707962107e+00
1.1230000000e+03   1.5707964412e+00
1.1240000000e+03   1.5707962141e+00
1.1250000000e+03   1.5707964378e+00
1.1260000000e+03   1.5707962174e+00
1.1270000000e+03   1.5707964346e+00
1.1280000000e+03   1.5707962206e+00
1.1290000000e+03   1.5707964314e+00
1.1300000000e+03   1.5707962237e+00
1.1310000000e+03   1.5707964283e+00
1.1320000000e+03   1.5707962268e+00
1.1330000000e+03   1.5707964253e+00
1.1340000000e+03   1.5707962297e+00
1.1350000000e+03   1.5707964224e+00
1.1360000000e+03   1.5707962326e+00
1.1370000000e+03   1.5707964196e+00
1.1380000000e+03   1.5707962354e+00
1.1390000000e+03   1.5707964168e+00
1.1400000000e+03   1.5707962381e+00
1.1410000000e+03   1.5707964142e+00
1.1420000000e+03   1.5707962407e+00
1.1430000000e+03   1.5707964116e+00
1.1440000000e+03   1.5707962433e+00
1.1450000000e+03   1.5707964090e+00
1.1460000000e+03   1.5707962458e+00
1.1470000000e+03   1.5707964066e+00
1.1480000000e+03   1.5707962482e+00
1.1490000000e+03   1.5707964042e+00
1.1500000000e+03   1.5707962506e+00
1.1510000000e+03   1.5707964019e+00
1.1520000000e+03   1.5707962529e+00
1.1530000000e+03   1.5707963996e+00
1.1540000000e+03   1.5707962551e+00
1.1550000000e+03   1.5707963974e+00
1.1560000000e+03   1.5707962572e+00
1.1570000000e+03   1.5707963953e+00
1.1580000000e+03   1.5707962593e+00
1.1590000000e+03   1.5707963932e+00
1.1600000000e+03   1.5707962614e+00
1.1610000000e+03   1.5707963912e+00
1.1620000000e+03   1.5707962633e+00
1.1630000000e+03   1.5707963893e+00
1.1640000000e+03   1.5707962653e+00
1.1650000000e+03   1.5707963874e+00
1.1660000000e+03   1.5707962671e+00
1.1670000000e+03   1.5707963856e+00
1.1680000000e+03   1.5707962689e+00
1.1690000000e+03   1.5707963838e+00
1.1700000000e+03   1.5707962707e+00
1.1710000000e+03   1.5707963820e+00
1.1720000000e+03   1.5707962724e+00
1.1730000000e+03   1.5707963803e+00
1.1740000000e+03   1.5707962741e+00
1.1750000000e+03   1.5707963787e+00
1.1760000000e+03   1.5707962757e+00
1.1770000000e+03   1.5707963771e+00
1.1780000000e+03   1.5707962772e+00
1.1790000000e+03   1.5707963756e+00
1.1800000000e+03   1.5707962788e+00
1.1810000000e+03   1.5707963741e+00
1.1820000000e+03   1.5707962802e+00
1.1830000000e+03   1.5707963726e+00
1.1840000000e+03   1.5707962817e+00
1.1850000000e+03   1.5707963712e+00
1.1860000000e+03   1.5707962831e+00
1.1870000000e+03   1.5707963698e+00
1.1880000000e+03   1.5707962844e+00
1.1890000000e+03   1.5707963685e+00
1.1900000000e+03   1.5707962857e+00
1.1910000000e+03   1.5707963672e+00
1.1920000000e+03   1.5707962870e+00
1.1930000000e+03   1.5707963660e+00
1.1940000000e+03   1.5707962882e+00
1.1950000000e+03   1.5707963647e+00
1.1960000000e+03   1.5707962894e+00
1.1970000000e+03   1.5707963636e+00
1.1980000000e+03   1.5707962906e+00
1.1990000000e+03   1.5707963624e+00
1.2000000000e+03   1.5707962917e+00
1.2010000000e+03   1.5707963613e+00
1.2020000000e+03   1.5707962928e+00
1.2030000000e+03   1.5707963602e+00
1.2040000000e+03   1.5707962939e+00
1.2050000000e+03   1.5707963592e+00
1.2060000000e+03   1.5707962949e+00
1.2070000000e+03   1.5707963582e+00
1.2080000000e+03   1.5707962959e+00
1.2090000000e+03   1.5707963572e+00
1.2100000000e+03   1.5707962969e+00
1.2110000000e+03   1.5707963562e+00
1.2120000000e+03   1.5707962978e+00
1.2130000000e+03   1.5707963553e+00
1.2140000000e+03   1.5707962988e+00
1.2150000000e+03   1.5707963544e+00
1.2160000000e+03   1.5707962997e+00
1.2170000000e+03   1.5707963535e+00
1.2180000000e+03   1.5707963005e+00
1.2190000000e+03   1.5707963527e+00
1.2200000000e+03   1.5707963014e+00
1.2210000000e+03   1.5707963518e+00
1.2220000000e+03   1.5707963022e+00
1.2230000000e+03   1.5707963510e+00
1.2240000000e+03   1.5707963029e+00
1.2250000000e+03   1.5707963503e+00
1.2260000000e+03   1.5707963037e+00
1.2270000000e+03   1.5707963495e+00
1.2280000000e+03   1.5707963045e+00
1.2290000000e+03   1.5707963488e+00
1.2300000000e+03   1.5707963052e+00
1.2310000000e+03   1.5707963481e+00
1.2320000000e+03   1.5707963059e+00
1.2330000000e+03   1.5707963474e+00
1.2340000000e+03   1.5707963065e+00
1.2350000000e+03   1.5707963467e+00
1.2360000000e+03   1.5707963072e+00
1.2370000000e+03   1.5707963461e+00
1.2380000000e+03   1.5707963078e+00
1.2390000000e+03   1.5707963454e+00
1.2400000000e+03   1.5707963085e+00
1.2410000000e+03   1.5707963448e+00
1.2420000000e+03   1.5707963090e+00
1.2430000000e+03   1.5707963442e+00
1.2440000000e+03   1.5707963096e+00
1.2450000000e+03   1.5707963437e+00
1.2460000000e+03   1.5707963102e+00
1.2470000000e+03   1.5707963431e+00
1.2480000000e+03   1.5707963107e+00
1.2490000000e+03   1.5707963426e+00
1.2500000000e+03   1.5707963113e+00
1.2510000000e+03   1.5707963421e+00
1.2520000000e+03   1.5707963118e+00
1.2530000000e+03   1.5707963416e+00
1.2540000000e+03   1.5707963123e+00
1.2550000000e+03   1.5707963411e+00
1.2560000000e+03   1.5707963128e+00
1.2570000000e+03   1.5707963406e+00
1.2580000000e+03   1.5707963132e+00
1.2590000000e+03   1.5707963401e+00
1.2600000000e+03   1.5707963137e+00
1.2610000000e+03   1.5707963397e+00
1.2620000000e+03   1.5707963141e+00
1.2630000000e+03   1.5707963393e+00
1.2640000000e+03   1.5707963145e+00
1.2650000000e+03   1.5707963388e+00
1.2660000000e+03   1.5707963149e+00
1.2670000000e+03   1.5707963384e+00
1.2680000000e+03   1.5707963153e+00
1.2690000000e+03   1.5707963381e+00
1.2700000000e+03   1.5707963157e+00
1.2710000000e+03   1.5707963377e+00
1.2720000000e+03   1.5707963161e+00
1.2730000000e+03   1.5707963373e+00
1.2740000000e+03   1.5707963165e+00
