X    Y
-9.6000000000e+02   1.5707963395e+00
-9.5900000000e+02   1.5707963138e+00
-9.5800000000e+02   1.5707963401e+00
-9.5700000000e+02   1.5707963132e+00
-9.5600000000e+02   1.5707963407e+00
-9.5500000000e+02   1.5707963125e+00
-9.5400000000e+02   1.5707963414e+00
-9.5300000000e+02   1.5707963119e+00
-9.5200000000e+02   1.5707963421e+00
-9.5100000000e+02   1.5707963112e+00
-9.5000000000e+02   1.5707963428e+00
-9.4900000000e+02   1.5707963105e+00
-9.4800000000e+02   1.5707963435e+00
-9.4700000000e+02   1.5707963097e+00
-9.4600000000e+02   1.5707963443e+00
-9.4500000000e+02   1.5707963089e+00
-9.4400000000e+02   1.5707963451e+00
-9.4300000000e+02   1.5707963081e+00
-9.4200000000e+02   1.5707963459e+00
-9.4100000000e+02   1.5707963072e+00
-9.4000000000e+02   1.5707963468e+00
-9.3900000000e+02   1.5707963063e+00
-9.3800000000e+02   1.5707963477e+00
-9.3700000000e+02   1.5707963054e+00
-9.3600000000e+02   1.5707963487e+00
-9.3500000000e+02   1.5707963044e+00
-9.3400000000e+02   1.5707963497e+00
-9.3300000000e+02   1.5707963034e+00
-9.3200000000e+02   1.5707963507e+00
-9.3100000000e+02   1.5707963024e+00
-9.3000000000e+02   1.5707963518e+00
-9.2900000000e+02   1.5707963013e+00
-9.2800000000e+02   1.5707963529e+00
-9.2700000000e+02   1.5707963001e+00
-9.2600000000e+02   1.5707963541e+00
-9.2500000000e+02   1.5707962989e+00
-9.2400000000e+02   1.5707963553e+00
-9.2300000000e+02   1.5707962977e+00
-9.2200000000e+02   1.5707963565e+00
-9.2100000000e+02   1.5707962964e+00
-9.2000000000e+02   1.5707963579e+00
-9.1900000000e+02   1.5707962951e+00
-9.1800000000e+02   1.5707963592e+00
-9.1700000000e+02   1.5707962937e+00
-9.1600000000e+02   1.5707963607e+00
-9.1500000000e+02   1.5707962922e+00
-9.1400000000e+02   1.5707963622e+00
-9.1300000000e+02   1.5707962907e+00
-9.1200000000e+02   1.5707963637e+00
-9.1100000000e+02   1.5707962891e+00
-9.1000000000e+02   1.5707963653e+00
-9.0900000000e+02   1.5707962874e+00
-9.0800000000e+02   1.5707963670e+00
-9.0700000000e+02   1.5707962857e+00
-9.0600000000e+02   1.5707963687e+00
-9.0500000000e+02   1.5707962839e+00
-9.0400000000e+02   1.5707963706e+00
-9.0300000000e+02   1.5707962821e+00
-9.0200000000e+02   1.5707963725e+00
-9.0100000000e+02   1.5707962801e+00
-9.0000000000e+02   1.5707963744e+00
-8.9900000000e+02   1.5707962781e+00
-8.9800000000e+02   1.5707963765e+00
-8.9700000000e+02   1.5707962760e+00
-8.9600000000e+02   1.5707963786e+00
-8.9500000000e+02   1.5707962739e+00
-8.9400000000e+02   1.5707963809e+00
-8.9300000000e+02   1.5707962716e+00
-8.9200000000e+02   1.5707963832e+00
-8.9100000000e+02   1.5707962692e+00
-8.9000000000e+02   1.5707963856e+00
-8.8900000000e+02   1.5707962668e+00
-8.8800000000e+02   1.5707963881e+00
-8.8700000000e+02   1.5707962642e+00
-8.8600000000e+02   1.5707963907e+00
-8.8500000000e+02   1.5707962616e+00
-8.8400000000e+02   1.5707963934e+00
-8.8300000000e+02   1.5707962588e+00
-8.8200000000e+02   1.5707963962e+00
-8.8100000000e+02   1.5707962559e+00
-8.8000000000e+02   1.5707963991e+00
-8.7900000000e+02   1.5707962529e+00
-8.7800000000e+02   1.5707964022e+00
-8.7700000000e+02   1.5707962498e+00
-8.7600000000e+02   1.5707964054e+00
-8.7500000000e+02   1.5707962466e+00
-8.7400000000e+02   1.5707964087e+00
-8.7300000000e+02   1.5707962432e+00
-8.7200000000e+02   1.5707964121e+00
-8.7100000000e+02   1.5707962397e+00
-8.7000000000e+02   1.5707964156e+00
-8.6900000000e+02   1.5707962361e+00
-8.6800000000e+02   1.5707964193e+00
-8.6700000000e+02   1.5707962323e+00
-8.6600000000e+02   1.5707964232e+00
-8.6500000000e+02   1.5707962284e+00
-8.6400000000e+02   1.5707964272e+00
-8.6300000000e+02   1.5707962244e+00
-8.6200000000e+02   1.5707964313e+00
-8.6100000000e+02   1.5707962201e+00
-8.6000000000e+02   1.5707964356e+00
-8.5900000000e+02   1.5707962157e+00
-8.5800000000e+02   1.5707964401e+00
-8.5700000000e+02   1.5707962112e+00
-8.5600000000e+02   1.5707964448e+00
-8.5500000000e+02   1.5707962064e+00
-8.5400000000e+02   1.5707964496e+00
-8.5300000000e+02   1.5707962015e+00
-8.5200000000e+02   1.5707964546e+00
-8.5100000000e+02   1.5707961964e+00
-8.5000000000e+02   1.5707964598e+00
-8.4900000000e+02   1.5707961911e+00
-8.4800000000e+02   1.5707964653e+00
-8.4700000000e+02   1.5707961855e+00
-8.4600000000e+02   1.5707964709e+00
-8.4500000000e+02   1.5707961798e+00
-8.4400000000e+02   1.5707964767e+00
-8.4300000000e+02   1.5707961739e+00
-8.4200000000e+02   1.5707964828e+00
-8.4100000000e+02   1.5707961677e+00
-8.4000000000e+02   1.5707964891e+00
-8.3900000000e+02   1.5707961613e+00
-8.3800000000e+02   1.5707964956e+00
-8.3700000000e+02   1.5707961546e+00
-8.3600000000e+02   1.5707965024e+00
-8.3500000000e+02   1.5707961477e+00
-8.3400000000e+02   1.5707965094e+00
-8.3300000000e+02   1.5707961405e+00
-8.3200000000e+02   1.5707965167e+00
-8.3100000000e+02   1.5707961331e+00
-8.3000000000e+02   1.5707965243e+00
-8.2900000000e+02   1.5707961254e+00
-8.2800000000e+02   1.5707965322e+00
-8.2700000000e+02   1.5707961174e+00
-8.2600000000e+02   1.5707965403e+00
-8.2500000000e+02   1.5707961091e+00
-8.2400000000e+02   1.5707965488e+00
-8.2300000000e+02   1.5707961004e+00
-8.2200000000e+02   1.5707965576e+00
-8.2100000000e+02   1.5707960915e+00
-8.2000000000e+02   1.5707965667e+00
-8.1900000000e+02   1.5707960822e+00
-8.1800000000e+02   1.5707965761e+00
-8.1700000000e+02   1.5707960726e+00
-8.1600000000e+02   1.5707965859e+00
-8.1500000000e+02   1.5707960627e+00
-8.1400000000e+02   1.5707965961e+00
-8.1300000000e+02   1.5707960523e+00
-8.1200000000e+02   1.5707966066e+00
-8.1100000000e+02   1.5707960416e+00
-8.1000000000e+02   1.5707966175e+00
-8.0900000000e+02   1.5707960305e+00
-8.0800000000e+02   1.5707966288e+00
-8.0700000000e+02   1.5707960190e+00
-8.0600000000e+02   1.5707966405e+00
-8.0500000000e+02   1.5707960070e+00
-8.0400000000e+02   1.5707966527e+00
-8.0300000000e+02   1.5707959946e+00
-8.0200000000e+02   1.5707966653e+00
-8.0100000000e+02   1.5707959818e+00
-8.0000000000e+02   1.5707966784e+00
-7.9900000000e+02   1.5707959685e+00
-7.9800000000e+02   1.5707966919e+00
-7.9700000000e+02   1.5707959548e+00
-7.9600000000e+02   1.5707967059e+00
-7.9500000000e+02   1.5707959405e+00
-7.9400000000e+02   1.5707967204e+00
-7.9300000000e+02   1.5707959257e+00
-7.9200000000e+02   1.5707967355e+00
-7.9100000000e+02   1.5707959104e+00
-7.9000000000e+02   1.5707967510e+00
-7.8900000000e+02   1.5707958946e+00
-7.8800000000e+02   1.5707967672e+00
-7.8700000000e+02   1.5707958781e+00
-7.8600000000e+02   1.5707967839e+00
-7.8500000000e+02   1.5707958611e+00
-7.8400000000e+02   1.5707968012e+00
-7.8300000000e+02   1.5707958435e+00
-7.8200000000e+02   1.5707968191e+00
-7.8100000000e+02   1.5707958253e+00
-7.8000000000e+02   1.5707968377e+00
-7.7900000000e+02   1.5707958064e+00
-7.7800000000e+02   1.5707968569e+00
-7.7700000000e+02   1.5707957868e+00
-7.7600000000e+02   1.5707968768e+00
-7.7500000000e+02   1.5707957666e+00
-7.7400000000e+02   1.5707968974e+00
-7.7300000000e+02   1.5707957457e+00
-7.7200000000e+02   1.5707969187e+00
-7.7100000000e+02   1.5707957240e+00
-7.7000000000e+02   1.5707969407e+00
-7.6900000000e+02   1.5707957016e+00
-7.6800000000e+02   1.5707969635e+00
-7.6700000000e+02   1.5707956784e+00
-7.6600000000e+02   1.5707969871e+00
-7.6500000000e+02   1.5707956543e+00
-7.6400000000e+02   1.5707970116e+00
-7.6300000000e+02   1.5707956295e+00
-7.6200000000e+02   1.5707970368e+00
-7.6100000000e+02   1.5707956038e+00
-7.6000000000e+02   1.5707970630e+00
-7.5900000000e+02   1.5707955772e+00
-7.5800000000e+02   1.5707970900e+00
-7.5700000000e+02   1.5707955497e+00
-7.5600000000e+02   1.5707971180e+00
-7.5500000000e+02   1.5707955213e+00
-7.5400000000e+02   1.5707971469e+00
-7.5300000000e+02   1.5707954919e+00
-7.5200000000e+02   1.5707971768e+00
-7.5100000000e+02   1.5707954615e+00
-7.5000000000e+02   1.5707972077e+00
-7.4900000000e+02   1.5707954300e+00
-7.4800000000e+02   1.5707972397e+00
-7.4700000000e+02   1.5707953975e+00
-7.4600000000e+02   1.5707972728e+00
-7.4500000000e+02   1.5707953639e+00
-7.4400000000e+02   1.5707973069e+00
-7.4300000000e+02   1.5707953291e+00
-7.4200000000e+02   1.5707973422e+00
-7.4100000000e+02   1.5707952932e+00
-7.4000000000e+02   1.5707973788e+00
-7.3900000000e+02   1.5707952561e+00
-7.3800000000e+02   1.5707974165e+00
-7.3700000000e+02   1.5707952178e+00
-7.3600000000e+02   1.5707974555e+00
-7.3500000000e+02   1.5707951782e+00
-7.3400000000e+02   1.5707974957e+00
-7.3300000000e+02   1.5707951372e+00
-7.3200000000e+02   1.5707975374e+00
-7.3100000000e+02   1.5707950949e+00
-7.3000000000e+02   1.5707975803e+00
-7.2900000000e+02   1.5707950512e+00
-7.2800000000e+02   1.5707976248e+00
-7.2700000000e+02   1.5707950061e+00
-7.2600000000e+02   1.5707976706e+00
-7.2500000000e+02   1.5707949595e+00
-7.2400000000e+02   1.5707977180e+00
-7.2300000000e+02   1.5707949113e+00
-7.2200000000e+02   1.5707977669e+00
-7.2100000000e+02   1.5707948616e+00
-7.2000000000e+02   1.5707978175e+00
-7.1900000000e+02   1.5707948103e+00
-7.1800000000e+02   1.5707978696e+00
-7.1700000000e+02   1.5707947573e+00
-7.1600000000e+02   1.5707979235e+00
-7.1500000000e+02   1.5707947025e+00
-7.1400000000e+02   1.5707979791e+00
-7.1300000000e+02   1.5707946460e+00
-7.1200000000e+02   1.5707980365e+00
-7.1100000000e+02   1.5707945877e+00
-7.1000000000e+02   1.5707980957e+00
-7.0900000000e+02   1.5707945275e+00
-7.0800000000e+02   1.5707981569e+00
-7.0700000000e+02   1.5707944654e+00
-7.0600000000e+02   1.5707982200e+00
-7.0500000000e+02   1.5707944013e+00
-7.0400000000e+02   1.5707982851e+00
-7.0300000000e+02   1.5707943352e+00
-7.0200000000e+02   1.5707983522e+00
-7.0100000000e+02   1.5707942670e+00
-7.0000000000e+02   1.5707984216e+00
-6.9900000000e+02   1.5707941966e+00
-6.9800000000e+02   1.5707984931e+00
-6.9700000000e+02   1.5707941239e+00
-6.9600000000e+02   1.5707985668e+00
-6.9500000000e+02   1.5707940490e+00
-6.9400000000e+02   1.5707986429e+00
-6.9300000000e+02   1.5707939718e+00
-6.9200000000e+02   1.5707987213e+00
-6.9100000000e+02   1.5707938921e+00
-6.9000000000e+02   1.5707988023e+00
-6.8900000000e+02   1.5707938099e+00
-6.8800000000e+02   1.5707988857e+00
-6.8700000000e+02   1.5707937252e+00
-6.8600000000e+02   1.5707989717e+00
-6.8500000000e+02   1.5707936379e+00
-6.8400000000e+02   1.5707990604e+00
-6.8300000000e+02   1.5707935478e+00
-6.8200000000e+02   1.5707991518e+00
-6.8100000000e+02   1.5707934550e+00
-6.8000000000e+02   1.5707992461e+00
-6.7900000000e+02   1.5707933593e+00
-6.7800000000e+02   1.5707993432e+00
-6.7700000000e+02   1.5707932607e+00
-6.7600000000e+02   1.5707994433e+00
-6.7500000000e+02   1.5707931591e+00
-6.7400000000e+02   1.5707995465e+00
-6.7300000000e+02   1.5707930544e+00
-6.7200000000e+02   1.5707996528e+00
-6.7100000000e+02   1.5707929465e+00
-6.7000000000e+02   1.5707997623e+00
-6.6900000000e+02   1.5707928353e+00
-6.6800000000e+02   1.5707998751e+00
-6.6700000000e+02   1.5707927208e+00
-6.6600000000e+02   1.5707999914e+00
-6.6500000000e+02   1.5707926028e+00
-6.6400000000e+02   1.5708001111e+00
-6.6300000000e+02   1.5707924813e+00
-6.6200000000e+02   1.5708002344e+00
-6.6100000000e+02   1.5707923561e+00
-6.6000000000e+02   1.5708003615e+00
-6.5900000000e+02   1.5707922272e+00
-6.5800000000e+02   1.5708004922e+00
-6.5700000000e+02   1.5707920945e+00
-6.5600000000e+02   1.5708006269e+00
-6.5500000000e+02   1.5707919578e+00
-6.5400000000e+02   1.5708007656e+00
-6.5300000000e+02   1.5707918171e+00
-6.5200000000e+02   1.5708009083e+00
-6.5100000000e+02   1.5707916723e+00
-6.5000000000e+02   1.5708010553e+00
-6.4900000000e+02   1.5707915232e+00
-6.4800000000e+02   1.5708012066e+00
-6.4700000000e+02   1.5707913697e+00
-6.4600000000e+02   1.5708013623e+00
-6.4500000000e+02   1.5707912118e+00
-6.4400000000e+02   1.5708015225e+00
-6.4300000000e+02   1.5707910493e+00
-6.4200000000e+02   1.5708016874e+00
-6.4100000000e+02   1.5707908820e+00
-6.4000000000e+02   1.5708018570e+00
-6.3900000000e+02   1.5707907099e+00
-6.3800000000e+02   1.5708020316e+00
-6.3700000000e+02   1.5707905329e+00
-6.3600000000e+02   1.5708022111e+00
-6.3500000000e+02   1.5707903507e+00
-6.3400000000e+02   1.5708023959e+00
-6.3300000000e+02   1.5707901634e+00
-6.3200000000e+02   1.5708025859e+00
-6.3100000000e+02   1.5707899707e+00
-6.3000000000e+02   1.5708027813e+00
-6.2900000000e+02   1.5707897725e+00
-6.2800000000e+02   1.5708029823e+00
-6.2700000000e+02   1.5707895687e+00
-6.2600000000e+02   1.5708031890e+00
-6.2500000000e+02   1.5707893591e+00
-6.2400000000e+02   1.5708034015e+00
-6.2300000000e+02   1.5707891436e+00
-6.2200000000e+02   1.5708036200e+00
-6.2100000000e+02   1.5707889221e+00
-6.2000000000e+02   1.5708038446e+00
-6.1900000000e+02   1.5707886943e+00
-6.1800000000e+02   1.5708040755e+00
-6.1700000000e+02   1.5707884602e+00
-6.1600000000e+02   1.5708043128e+00
-6.1500000000e+02   1.5707882196e+00
-6.1400000000e+02   1.5708045568e+00
-6.1300000000e+02   1.5707879723e+00
-6.1200000000e+02   1.5708048075e+00
-6.1100000000e+02   1.5707877182e+00
-6.1000000000e+02   1.5708050651e+00
-6.0900000000e+02   1.5707874571e+00
-6.0800000000e+02   1.5708053297e+00
-6.0700000000e+02   1.5707871888e+00
-6.0600000000e+02   1.5708056017e+00
-6.0500000000e+02   1.5707869132e+00
-6.0400000000e+02   1.5708058810e+00
-6.0300000000e+02   1.5707866300e+00
-6.0200000000e+02   1.5708061680e+00
-6.0100000000e+02   1.5707863392e+00
-6.0000000000e+02   1.5708064628e+00
-5.9900000000e+02   1.5707860405e+00
-5.9800000000e+02   1.5708067655e+00
-5.9700000000e+02   1.5707857337e+00
-5.9600000000e+02   1.5708070764e+00
-5.9500000000e+02   1.5707854186e+00
-5.9400000000e+02   1.5708073956e+00
-5.9300000000e+02   1.5707850951e+00
-5.9200000000e+02   1.5708077234e+00
-5.9100000000e+02   1.5707847630e+00
-5.9000000000e+02   1.5708080600e+00
-5.8900000000e+02   1.5707844220e+00
-5.8800000000e+02   1.5708084055e+00
-5.8700000000e+02   1.5707840720e+00
-5.8600000000e+02   1.5708087601e+00
-5.8500000000e+02   1.5707837127e+00
-5.8400000000e+02   1.5708091241e+00
-5.8300000000e+02   1.5707833439e+00
-5.8200000000e+02   1.5708094977e+00
-5.8100000000e+02   1.5707829654e+00
-5.8000000000e+02   1.5708098811e+00
-5.7900000000e+02   1.5707825771e+00
-5.7800000000e+02   1.5708102745e+00
-5.7700000000e+02   1.5707821786e+00
-5.7600000000e+02   1.5708106781e+00
-5.7500000000e+02   1.5707817697e+00
-5.7400000000e+02   1.5708110923e+00
-5.7300000000e+02   1.5707813503e+00
-5.7200000000e+02   1.5708115171e+00
-5.7100000000e+02   1.5707809200e+00
-5.7000000000e+02   1.5708119529e+00
-5.6900000000e+02   1.5707804786e+00
-5.6800000000e+02   1.5708123999e+00
-5.6700000000e+02   1.5707800260e+00
-5.6600000000e+02   1.5708128583e+00
-5.6500000000e+02   1.5707795618e+00
-5.6400000000e+02   1.5708133284e+00
-5.6300000000e+02   1.5707790857e+00
-5.6200000000e+02   1.5708138104e+00
-5.6100000000e+02   1.5707785976e+00
-5.6000000000e+02   1.5708143046e+00
-5.5900000000e+02   1.5707780972e+00
-5.5800000000e+02   1.5708148114e+00
-5.5700000000e+02   1.5707775841e+00
-5.5600000000e+02   1.5708153308e+00
-5.5500000000e+02   1.5707770582e+00
-5.5400000000e+02   1.5708158633e+00
-5.5300000000e+02   1.5707765191e+00
-5.5200000000e+02   1.5708164090e+00
-5.5100000000e+02   1.5707759667e+00
-5.5000000000e+02   1.5708169683e+00
-5.4900000000e+02   1.5707754005e+00
-5.4800000000e+02   1.5708175414e+00
-5.4700000000e+02   1.5707748203e+00
-5.4600000000e+02   1.5708181287e+00
-5.4500000000e+02   1.5707742258e+00
-5.4400000000e+02   1.5708187305e+00
-5.4300000000e+02   1.5707736167e+00
-5.4200000000e+02   1.5708193470e+00
-5.4100000000e+02   1.5707729928e+00
-5.4000000000e+02   1.5708199785e+00
-5.3900000000e+02   1.5707723536e+00
-5.3800000000e+02   1.5708206254e+00
-5.3700000000e+02   1.5707716989e+00
-5.3600000000e+02   1.5708212879e+00
-5.3500000000e+02   1.5707710284e+00
-5.3400000000e+02   1.5708219664e+00
-5.3300000000e+02   1.5707703418e+00
-5.3200000000e+02   1.5708226613e+00
-5.3100000000e+02   1.5707696387e+00
-5.3000000000e+02   1.5708233728e+00
-5.2900000000e+02   1.5707689187e+00
-5.2800000000e+02   1.5708241012e+00
-5.2700000000e+02   1.5707681817e+00
-5.2600000000e+02   1.5708248470e+00
-5.2500000000e+02   1.5707674271e+00
-5.2400000000e+02   1.5708256104e+00
-5.2300000000e+02   1.5707666547e+00
-5.2200000000e+02   1.5708263919e+00
-5.2100000000e+02   1.5707658641e+00
-5.2000000000e+02   1.5708271917e+00
-5.1900000000e+02   1.5707650550e+00
-5.1800000000e+02   1.5708280102e+00
-5.1700000000e+02   1.5707642270e+00
-5.1600000000e+02   1.5708288478e+00
-5.1500000000e+02   1.5707633797e+00
-5.1400000000e+02   1.5708297048e+00
-5.1300000000e+02   1.5707625128e+00
-5.1200000000e+02   1.5708305817e+00
-5.1100000000e+02   1.5707616259e+00
-5.1000000000e+02   1.5708314788e+00
-5.0900000000e+02   1.5707607186e+00
-5.0800000000e+02   1.5708323964e+00
-5.0700000000e+02   1.5707597905e+00
-5.0600000000e+02   1.5708333351e+00
-5.0500000000e+02   1.5707588412e+00
-5.0400000000e+02   1.5708342951e+00
-5.0300000000e+02   1.5707578704e+00
-5.0200000000e+02   1.5708352768e+00
-5.0100000000e+02   1.5707568776e+00
-5.0000000000e+02   1.5708362808e+00
-4.9900000000e+02   1.5707558624e+00
-4.9800000000e+02   1.5708373073e+00
-4.9700000000e+02   1.5707548244e+00
-4.9600000000e+02   1.5708383568e+00
-4.9500000000e+02   1.5707537632e+00
-4.9400000000e+02   1.5708394298e+00
-4.9300000000e+02   1.5707526784e+00
-4.9200000000e+02   1.5708405266e+00
-4.9100000000e+02   1.5707515696e+00
-4.9000000000e+02   1.5708416476e+00
-4.8900000000e+02   1.5707504362e+00
-4.8800000000e+02   1.5708427934e+00
-4.8700000000e+02   1.5707492779e+00
-4.8600000000e+02   1.5708439643e+00
-4.8500000000e+02   1.5707480943e+00
-4.8400000000e+02   1.5708451608e+00
-4.8300000000e+02   1.5707468848e+00
-4.8200000000e+02   1.5708463834e+00
-4.8100000000e+02   1.5707456490e+00
-4.8000000000e+02   1.5708476324e+00
-4.7900000000e+02   1.5707443865e+00
-4.7800000000e+02   1.5708489085e+00
-4.7700000000e+02   1.5707430969e+00
-4.7600000000e+02   1.5708502119e+00
-4.7500000000e+02   1.5707417795e+00
-4.7400000000e+02   1.5708515432e+00
-4.7300000000e+02   1.5707404341e+00
-4.7200000000e+02   1.5708529030e+00
-4.7100000000e+02   1.5707390600e+00
-4.7000000000e+02   1.5708542915e+00
-4.6900000000e+02   1.5707376568e+00
-4.6800000000e+02   1.5708557095e+00
-4.6700000000e+02   1.5707362240e+00
-4.6600000000e+02   1.5708571572e+00
-4.6500000000e+02   1.5707347611e+00
-4.6400000000e+02   1.5708586353e+00
-4.6300000000e+02   1.5707332677e+00
-4.6200000000e+02   1.5708601442e+00
-4.6100000000e+02   1.5707317432e+00
-4.6000000000e+02   1.5708616845e+00
-4.5900000000e+02   1.5707301871e+00
-4.5800000000e+02   1.5708632566e+00
-4.5700000000e+02   1.5707285988e+00
-4.5600000000e+02   1.5708648611e+00
-4.5500000000e+02   1.5707269780e+00
-4.5400000000e+02   1.5708664984e+00
-4.5300000000e+02   1.5707253240e+00
-4.5200000000e+02   1.5708681692e+00
-4.5100000000e+02   1.5707236363e+00
-4.5000000000e+02   1.5708698739e+00
-4.4900000000e+02   1.5707219144e+00
-4.4800000000e+02   1.5708716131e+00
-4.4700000000e+02   1.5707201578e+00
-4.4600000000e+02   1.5708733873e+00
-4.4500000000e+02   1.5707183659e+00
-4.4400000000e+02   1.5708751971e+00
-4.4300000000e+02   1.5707165381e+00
-4.4200000000e+02   1.5708770429e+00
-4.4100000000e+02   1.5707146740e+00
-4.4000000000e+02   1.5708789255e+00
-4.3900000000e+02   1.5707127729e+00
-4.3800000000e+02   1.5708808452e+00
-4.3700000000e+02   1.5707108344e+00
-4.3600000000e+02   1.5708828028e+00
-4.3500000000e+02   1.5707088577e+00
-4.3400000000e+02   1.5708847986e+00
-4.3300000000e+02   1.5707068424e+00
-4.3200000000e+02   1.5708868334e+00
-4.3100000000e+02   1.5707047880e+00
-4.3000000000e+02   1.5708889077e+00
-4.2900000000e+02   1.5707026937e+00
-4.2800000000e+02   1.5708910221e+00
-4.2700000000e+02   1.5707005591e+00
-4.2600000000e+02   1.5708931771e+00
-4.2500000000e+02   1.5706983836e+00
-4.2400000000e+02   1.5708953733e+00
-4.2300000000e+02   1.5706961665e+00
-4.2200000000e+02   1.5708976114e+00
-4.2100000000e+02   1.5706939073e+00
-4.2000000000e+02   1.5708998919e+00
-4.1900000000e+02   1.5706916054e+00
-4.1800000000e+02   1.5709022154e+00
-4.1700000000e+02   1.5706892601e+00
-4.1600000000e+02   1.5709045825e+00
-4.1500000000e+02   1.5706868709e+00
-4.1400000000e+02   1.5709069939e+00
-4.1300000000e+02   1.5706844373e+00
-4.1200000000e+02   1.5709094501e+00
-4.1100000000e+02   1.5706819584e+00
-4.1000000000e+02   1.5709119517e+00
-4.0900000000e+02   1.5706794339e+00
-4.0800000000e+02   1.5709144994e+00
-4.0700000000e+02   1.5706768629e+00
-4.0600000000e+02   1.5709170937e+00
-4.0500000000e+02   1.5706742450e+00
-4.0400000000e+02   1.5709197353e+00
-4.0300000000e+02   1.5706715795e+00
-4.0200000000e+02   1.5709224249e+00
-4.0100000000e+02   1.5706688658e+00
-4.0000000000e+02   1.5709251630e+00
-3.9900000000e+02   1.5706661032e+00
-3.9800000000e+02   1.5709279502e+00
-3.9700000000e+02   1.5706632911e+00
-3.9600000000e+02   1.5709307873e+00
-3.9500000000e+02   1.5706604289e+00
-3.9400000000e+02   1.5709336748e+00
-3.9300000000e+02   1.5706575160e+00
-3.9200000000e+02   1.5709366133e+00
-3.9100000000e+02   1.5706545517e+00
-3.9000000000e+02   1.5709396035e+00
-3.8900000000e+02   1.5706515354e+00
-3.8800000000e+02   1.5709426461e+00
-3.8700000000e+02   1.5706484664e+00
-3.8600000000e+02   1.5709457416e+00
-3.8500000000e+02   1.5706453441e+00
-3.8400000000e+02   1.5709488908e+00
-3.8300000000e+02   1.5706421679e+00
-3.8200000000e+02   1.5709520942e+00
-3.8100000000e+02   1.5706389371e+00
-3.8000000000e+02   1.5709553526e+00
-3.7900000000e+02   1.5706356511e+00
-3.7800000000e+02   1.5709586664e+00
-3.7700000000e+02   1.5706323092e+00
-3.7600000000e+02   1.5709620365e+00
-3.7500000000e+02   1.5706289108e+00
-3.7400000000e+02   1.5709654634e+00
-3.7300000000e+02   1.5706254552e+00
-3.7200000000e+02   1.5709689478e+00
-3.7100000000e+02   1.5706219418e+00
-3.7000000000e+02   1.5709724904e+00
-3.6900000000e+02   1.5706183700e+00
-3.6800000000e+02   1.5709760917e+00
-3.6700000000e+02   1.5706147390e+00
-3.6600000000e+02   1.5709797524e+00
-3.6500000000e+02   1.5706110483e+00
-3.6400000000e+02   1.5709834733e+00
-3.6300000000e+02   1.5706072972e+00
-3.6200000000e+02   1.5709872548e+00
-3.6100000000e+02   1.5706034850e+00
-3.6000000000e+02   1.5709910978e+00
-3.5900000000e+02   1.5705996111e+00
-3.5800000000e+02   1.5709950028e+00
-3.5700000000e+02   1.5705956749e+00
-3.5600000000e+02   1.5709989704e+00
-3.5500000000e+02   1.5705916757e+00
-3.5400000000e+02   1.5710030014e+00
-3.5300000000e+02   1.5705876128e+00
-3.5200000000e+02   1.5710070963e+00
-3.5100000000e+02   1.5705834857e+00
-3.5000000000e+02   1.5710112558e+00
-3.4900000000e+02   1.5705792936e+00
-3.4800000000e+02   1.5710154806e+00
-3.4700000000e+02   1.5705750360e+00
-3.4600000000e+02   1.5710197712e+00
-3.4500000000e+02   1.5705707122e+00
-3.4400000000e+02   1.5710241284e+00
-3.4300000000e+02   1.5705663215e+00
-3.4200000000e+02   1.5710285527e+00
-3.4100000000e+02   1.5705618634e+00
-3.4000000000e+02   1.5710330447e+00
-3.3900000000e+02   1.5705573372e+00
-3.3800000000e+02   1.5710376052e+00
-3.3700000000e+02   1.5705527423e+00
-3.3600000000e+02   1.5710422348e+00
-3.3500000000e+02   1.5705480780e+00
-3.3400000000e+02   1.5710469340e+00
-3.3300000000e+02   1.5705433437e+00
-3.3200000000e+02   1.5710517034e+00
-3.3100000000e+02   1.5705385389e+00
-3.3000000000e+02   1.5710565438e+00
-3.2900000000e+02   1.5705336628e+00
-3.2800000000e+02   1.5710614557e+00
-3.2700000000e+02   1.5705287150e+00
-3.2600000000e+02   1.5710664397e+00
-3.2500000000e+02   1.5705236947e+00
-3.2400000000e+02   1.5710714964e+00
-3.2300000000e+02   1.5705186014e+00
-3.2200000000e+02   1.5710766264e+00
-3.2100000000e+02   1.5705134345e+00
-3.2000000000e+02   1.5710818304e+00
-3.1900000000e+02   1.5705081933e+00
-3.1800000000e+02   1.5710871088e+00
-3.1700000000e+02   1.5705028774e+00
-3.1600000000e+02   1.5710924623e+00
-3.1500000000e+02   1.5704974861e+00
-3.1400000000e+02   1.5710978915e+00
-3.1300000000e+02   1.5704920189e+00
-3.1200000000e+02   1.5711033970e+00
-3.1100000000e+02   1.5704864752e+00
-3.1000000000e+02   1.5711089792e+00
-3.0900000000e+02   1.5704808543e+00
-3.0800000000e+02   1.5711146388e+00
-3.0700000000e+02   1.5704751559e+00
-3.0600000000e+02   1.5711203763e+00
-3.0500000000e+02   1.5704693792e+00
-3.0400000000e+02   1.5711261922e+00
-3.0300000000e+02   1.5704635238e+00
-3.0200000000e+02   1.5711320871e+00
-3.0100000000e+02   1.5704575892e+00
-3.0000000000e+02   1.5711380616e+00
-2.9900000000e+02   1.5704515747e+00
-2.9800000000e+02   1.5711441161e+00
-2.9700000000e+02   1.5704454800e+00
-2.9600000000e+02   1.5711502512e+00
-2.9500000000e+02   1.5704393044e+00
-2.9400000000e+02   1.5711564674e+00
-2.9300000000e+02   1.5704330475e+00
-2.9200000000e+02   1.5711627651e+00
-2.9100000000e+02   1.5704267088e+00
-2.9000000000e+02   1.5711691449e+00
-2.8900000000e+02   1.5704202878e+00
-2.8800000000e+02   1.5711756073e+00
-2.8700000000e+02   1.5704137840e+00
-2.8600000000e+02   1.5711821526e+00
-2.8500000000e+02   1.5704071970e+00
-2.8400000000e+02   1.5711887815e+00
-2.8300000000e+02   1.5704005263e+00
-2.8200000000e+02   1.5711954942e+00
-2.8100000000e+02   1.5703937714e+00
-2.8000000000e+02   1.5712022913e+00
-2.7900000000e+02   1.5703869319e+00
-2.7800000000e+02   1.5712091733e+00
-2.7700000000e+02   1.5703800074e+00
-2.7600000000e+02   1.5712161404e+00
-2.7500000000e+02   1.5703729976e+00
-2.7400000000e+02   1.5712231931e+00
-2.7300000000e+02   1.5703659018e+00
-2.7200000000e+02   1.5712303319e+00
-2.7100000000e+02   1.5703587199e+00
-2.7000000000e+02   1.5712375571e+00
-2.6900000000e+02   1.5703514514e+00
-2.6800000000e+02   1.5712448691e+00
-2.6700000000e+02   1.5703440959e+00
-2.6600000000e+02   1.5712522682e+00
-2.6500000000e+02   1.5703366531e+00
-2.6400000000e+02   1.5712597548e+00
-2.6300000000e+02   1.5703291226e+00
-2.6200000000e+02   1.5712673292e+00
-2.6100000000e+02   1.5703215042e+00
-2.6000000000e+02   1.5712749917e+00
-2.5900000000e+02   1.5703137974e+00
-2.5800000000e+02   1.5712827427e+00
-2.5700000000e+02   1.5703060021e+00
-2.5600000000e+02   1.5712905825e+00
-2.5500000000e+02   1.5702981179e+00
-2.5400000000e+02   1.5712985113e+00
-2.5300000000e+02   1.5702901445e+00
-2.5200000000e+02   1.5713065293e+00
-2.5100000000e+02   1.5702820817e+00
-2.5000000000e+02   1.5713146369e+00
-2.4900000000e+02   1.5702739292e+00
-2.4800000000e+02   1.5713228343e+00
-2.4700000000e+02   1.5702656869e+00
-2.4600000000e+02   1.5713311217e+00
-2.4500000000e+02   1.5702573544e+00
-2.4400000000e+02   1.5713394993e+00
-2.4300000000e+02   1.5702489317e+00
-2.4200000000e+02   1.5713479672e+00
-2.4100000000e+02   1.5702404184e+00
-2.4000000000e+02   1.5713565257e+00
-2.3900000000e+02   1.5702318146e+00
-2.3800000000e+02   1.5713651750e+00
-2.3700000000e+02   1.5702231199e+00
-2.3600000000e+02   1.5713739151e+00
-2.3500000000e+02   1.5702143344e+00
-2.3400000000e+02   1.5713827461e+00
-2.3300000000e+02   1.5702054578e+00
-2.3200000000e+02   1.5713916683e+00
-2.3100000000e+02   1.5701964901e+00
-2.3000000000e+02   1.5714006815e+00
-2.2900000000e+02   1.5701874312e+00
-2.2800000000e+02   1.5714097861e+00
-2.2700000000e+02   1.5701782810e+00
-2.2600000000e+02   1.5714189819e+00
-2.2500000000e+02   1.5701690396e+00
-2.2400000000e+02   1.5714282690e+00
-2.2300000000e+02   1.5701597068e+00
-2.2200000000e+02   1.5714376474e+00
-2.2100000000e+02   1.5701502828e+00
-2.2000000000e+02   1.5714471171e+00
-2.1900000000e+02   1.5701407674e+00
-2.1800000000e+02   1.5714566781e+00
-2.1700000000e+02   1.5701311608e+00
-2.1600000000e+02   1.5714663303e+00
-2.1500000000e+02   1.5701214630e+00
-2.1400000000e+02   1.5714760737e+00
-2.1300000000e+02   1.5701116740e+00
-2.1200000000e+02   1.5714859082e+00
-2.1100000000e+02   1.5701017941e+00
-2.1000000000e+02   1.5714958336e+00
-2.0900000000e+02   1.5700918232e+00
-2.0800000000e+02   1.5715058498e+00
-2.0700000000e+02   1.5700817617e+00
-2.0600000000e+02   1.5715159567e+00
-2.0500000000e+02   1.5700716095e+00
-2.0400000000e+02   1.5715261541e+00
-2.0300000000e+02   1.5700613669e+00
-2.0200000000e+02   1.5715364418e+00
-2.0100000000e+02   1.5700510341e+00
-2.0000000000e+02   1.5715468196e+00
-1.9900000000e+02   1.5700406114e+00
-1.9800000000e+02   1.5715572872e+00
-1.9700000000e+02   1.5700300990e+00
-1.9600000000e+02   1.5715678444e+00
-1.9500000000e+02   1.5700194971e+00
-1.9400000000e+02   1.5715784909e+00
-1.9300000000e+02   1.5700088061e+00
-1.9200000000e+02   1.5715892263e+00
-1.9100000000e+02   1.5699980263e+00
-1.9000000000e+02   1.5716000504e+00
-1.8900000000e+02   1.5699871580e+00
-1.8800000000e+02   1.5716109627e+00
-1.8700000000e+02   1.5699762017e+00
-1.8600000000e+02   1.5716219630e+00
-1.8500000000e+02   1.5699651577e+00
-1.8400000000e+02   1.5716330507e+00
-1.8300000000e+02   1.5699540264e+00
-1.8200000000e+02   1.5716442254e+00
-1.8100000000e+02   1.5699428083e+00
-1.8000000000e+02   1.5716554868e+00
-1.7900000000e+02   1.5699315038e+00
-1.7800000000e+02   1.5716668342e+00
-1.7700000000e+02   1.5699201135e+00
-1.7600000000e+02   1.5716782672e+00
-1.7500000000e+02   1.5699086379e+00
-1.7400000000e+02   1.5716897853e+00
-1.7300000000e+02   1.5698970775e+00
-1.7200000000e+02   1.5717013879e+00
-1.7100000000e+02   1.5698854329e+00
-1.7000000000e+02   1.5717130743e+00
-1.6900000000e+02   1.5698737048e+00
-1.6800000000e+02   1.5717248441e+00
-1.6700000000e+02   1.5698618936e+00
-1.6600000000e+02   1.5717366965e+00
-1.6500000000e+02   1.5698500002e+00
-1.6400000000e+02   1.5717486308e+00
-1.6300000000e+02   1.5698380251e+00
-1.6200000000e+02   1.5717606464e+00
-1.6100000000e+02   1.5698259691e+00
-1.6000000000e+02   1.5717727426e+00
-1.5900000000e+02   1.5698138329e+00
-1.5800000000e+02   1.5717849186e+00
-1.5700000000e+02   1.5698016173e+00
-1.5600000000e+02   1.5717971736e+00
-1.5500000000e+02   1.5697893231e+00
-1.5400000000e+02   1.5718095068e+00
-1.5300000000e+02   1.5697769512e+00
-1.5200000000e+02   1.5718219173e+00
-1.5100000000e+02   1.5697645022e+00
-1.5000000000e+02   1.5718344044e+00
-1.4900000000e+02   1.5697519773e+00
-1.4800000000e+02   1.5718469671e+00
-1.4700000000e+02   1.5697393771e+00
-1.4600000000e+02   1.5718596044e+00
-1.4500000000e+02   1.5697267028e+00
-1.4400000000e+02   1.5718723155e+00
-1.4300000000e+02   1.5697139552e+00
-1.4200000000e+02   1.5718850993e+00
-1.4100000000e+02   1.5697011354e+00
-1.4000000000e+02   1.5718979549e+00
-1.3900000000e+02   1.5696882443e+00
-1.3800000000e+02   1.5719108812e+00
-1.3700000000e+02   1.5696752831e+00
-1.3600000000e+02   1.5719238771e+00
-1.3500000000e+02   1.5696622528e+00
-1.3400000000e+02   1.5719369415e+00
-1.3300000000e+02   1.5696491545e+00
-1.3200000000e+02   1.5719500733e+00
-1.3100000000e+02   1.5696359895e+00
-1.3000000000e+02   1.5719632713e+00
-1.2900000000e+02   1.5696227588e+00
-1.2800000000e+02   1.5719765344e+00
-1.2700000000e+02   1.5696094636e+00
-1.2600000000e+02   1.5719898613e+00
-1.2500000000e+02   1.5695961053e+00
-1.2400000000e+02   1.5720032508e+00
-1.2300000000e+02   1.5695826850e+00
-1.2200000000e+02   1.5720167015e+00
-1.2100000000e+02   1.5695692041e+00
-1.2000000000e+02   1.5720302123e+00
-1.1900000000e+02   1.5695556639e+00
-1.1800000000e+02   1.5720437816e+00
-1.1700000000e+02   1.5695420658e+00
-1.1600000000e+02   1.5720574082e+00
-1.1500000000e+02   1.5695284111e+00
-1.1400000000e+02   1.5720710906e+00
-1.1300000000e+02   1.5695147012e+00
-1.1200000000e+02   1.5720848275e+00
-1.1100000000e+02   1.5695009377e+00
-1.1000000000e+02   1.5720986173e+00
-1.0900000000e+02   1.5694871220e+00
-1.0800000000e+02   1.5721124585e+00
-1.0700000000e+02   1.5694732556e+00
-1.0600000000e+02   1.5721263497e+00
-1.0500000000e+02   1.5694593401e+00
-1.0400000000e+02   1.5721402892e+00
-1.0300000000e+02   1.5694453771e+00
-1.0200000000e+02   1.5721542754e+00
-1.0100000000e+02   1.5694313680e+00
-1.0000000000e+02   1.5721683068e+00
-9.9000000000e+01   1.5694173147e+00
-9.8000000000e+01   1.5721823817e+00
-9.7000000000e+01   1.5694032187e+00
-9.6000000000e+01   1.5721964984e+00
-9.5000000000e+01   1.5693890817e+00
-9.4000000000e+01   1.5722106551e+00
-9.3000000000e+01   1.5693749056e+00
-9.2000000000e+01   1.5722248502e+00
-9.1000000000e+01   1.5693606920e+00
-9.0000000000e+01   1.5722390819e+00
-8.9000000000e+01   1.5693464427e+00
-8.8000000000e+01   1.5722533484e+00
-8.7000000000e+01   1.5693321595e+00
-8.6000000000e+01   1.5722676477e+00
-8.5000000000e+01   1.5693178444e+00
-8.4000000000e+01   1.5722819782e+00
-8.3000000000e+01   1.5693034992e+00
-8.2000000000e+01   1.5722963377e+00
-8.1000000000e+01   1.5692891257e+00
-8.0000000000e+01   1.5723107246e+00
-7.9000000000e+01   1.5692747260e+00
-7.8000000000e+01   1.5723251367e+00
-7.7000000000e+01   1.5692603020e+00
-7.6000000000e+01   1.5723395720e+00
-7.5000000000e+01   1.5692458557e+00
-7.4000000000e+01   1.5723540287e+00
-7.3000000000e+01   1.5692313892e+00
-7.2000000000e+01   1.5723685046e+00
-7.1000000000e+01   1.5692169044e+00
-7.0000000000e+01   1.5723829977e+00
-6.9000000000e+01   1.5692024036e+00
-6.8000000000e+01   1.5723975058e+00
-6.7000000000e+01   1.5691878887e+00
-6.6000000000e+01   1.5724120269e+00
-6.5000000000e+01   1.5691733620e+00
-6.4000000000e+01   1.5724265588e+00
-6.3000000000e+01   1.5691588256e+00
-6.2000000000e+01   1.5724410992e+00
-6.1000000000e+01   1.5691442816e+00
-6.0000000000e+01   1.5724556460e+00
-5.9000000000e+01   1.5691297325e+00
-5.8000000000e+01   1.5724701970e+00
-5.7000000000e+01   1.5691151803e+00
-5.6000000000e+01   1.5724847498e+00
-5.5000000000e+01   1.5691006274e+00
-5.4000000000e+01   1.5724993022e+00
-5.3000000000e+01   1.5690860761e+00
-5.2000000000e+01   1.5725138519e+00
-5.1000000000e+01   1.5690715286e+00
-5.0000000000e+01   1.5725283965e+00
-4.9000000000e+01   1.5690569874e+00
-4.8000000000e+01   1.5725429336e+00
-4.7000000000e+01   1.5690424549e+00
-4.6000000000e+01   1.5725574610e+00
-4.5000000000e+01   1.5690279334e+00
-4.4000000000e+01   1.5725719760e+00
-4.3000000000e+01   1.5690134254e+00
-4.2000000000e+01   1.5725864764e+00
-4.1000000000e+01   1.5689989333e+00
-4.0000000000e+01   1.5726009596e+00
-3.9000000000e+01   1.5689844596e+00
-3.8000000000e+01   1.5726154232e+00
-3.7000000000e+01   1.5689700068e+00
-3.6000000000e+01   1.5726298646e+00
-3.5000000000e+01   1.5689555774e+00
-3.4000000000e+01   1.5726442814e+00
-3.3000000000e+01   1.5689411739e+00
-3.2000000000e+01   1.5726586709e+00
-3.1000000000e+01   1.5689267990e+00
-3.0000000000e+01   1.5726730306e+00
-2.9000000000e+01   1.5689124551e+00
-2.8000000000e+01   1.5726873579e+00
-2.7000000000e+01   1.5688981449e+00
-2.6000000000e+01   1.5727016503e+00
-2.5000000000e+01   1.5688838711e+00
-2.4000000000e+01   1.5727159050e+00
-2.3000000000e+01   1.5688696361e+00
-2.2000000000e+01   1.5727301195e+00
-2.1000000000e+01   1.5688554428e+00
-2.0000000000e+01   1.5727442911e+00
-1.9000000000e+01   1.5688412937e+00
-1.8000000000e+01   1.5727584170e+00
-1.7000000000e+01   1.5688271915e+00
-1.6000000000e+01   1.5727724947e+00
-1.5000000000e+01   1.5688131390e+00
-1.4000000000e+01   1.5727865214e+00
-1.3000000000e+01   1.5687991388e+00
-1.2000000000e+01   1.5728004944e+00
-1.1000000000e+01   1.5687851937e+00
-1.0000000000e+01   1.5728144110e+00
-9.0000000000e+00   1.5687713063e+00
-8.0000000000e+00   1.5728282684e+00
-7.0000000000e+00   1.5687574796e+00
-6.0000000000e+00   1.5728420638e+00
-5.0000000000e+00   1.5687437161e+00
-4.0000000000e+00   1.5728557946e+00
-3.0000000000e+00   1.5687300188e+00
-2.0000000000e+00   1.5728694579e+00
-1.0000000000e+00   1.5687163903e+00
0.0000000000e+00   1.5687163903e+00
1.0000000000e+00   1.5728694579e+00
2.0000000000e+00   1.5687300188e+00
3.0000000000e+00   1.5728557946e+00
4.0000000000e+00   1.5687437161e+00
5.0000000000e+00   1.5728420638e+00
6.0000000000e+00   1.5687574796e+00
7.0000000000e+00   1.5728282684e+00
8.0000000000e+00   1.5687713063e+00
9.0000000000e+00   1.5728144110e+00
1.0000000000e+01   1.5687851937e+00
1.1000000000e+01   1.5728004944e+00
1.2000000000e+01   1.5687991388e+00
1.3000000000e+01   1.5727865214e+00
1.4000000000e+01   1.5688131390e+00
1.5000000000e+01   1.5727724947e+00
1.6000000000e+01   1.5688271915e+00
1.7000000000e+01   1.5727584170e+00
1.8000000000e+01   1.5688412937e+00
1.9000000000e+01   1.5727442911e+00
2.0000000000e+01   1.5688554428e+00
2.1000000000e+01   1.5727301195e+00
2.2000000000e+01   1.5688696361e+00
2.3000000000e+01   1.5727159050e+00
2.4000000000e+01   1.5688838711e+00
2.5000000000e+01   1.5727016503e+00
2.6000000000e+01   1.5688981449e+00
2.7000000000e+01   1.5726873579e+00
2.8000000000e+01   1.5689124551e+00
2.9000000000e+01   1.5726730306e+00
3.0000000000e+01   1.5689267990e+00
3.1000000000e+01   1.5726586709e+00
3.2000000000e+01   1.5689411739e+00
3.3000000000e+01   1.5726442814e+00
3.4000000000e+01   1.5689555774e+00
3.5000000000e+01   1.5726298646e+00
3.6000000000e+01   1.5689700068e+00
3.7000000000e+01   1.5726154232e+00
3.8000000000e+01   1.5689844596e+00
3.9000000000e+01   1.5726009596e+00
4.0000000000e+01   1.5689989333e+00
4.1000000000e+01   1.5725864764e+00
4.2000000000e+01   1.5690134254e+00
4.3000000000e+01   1.5725719760e+00
4.4000000000e+01   1.5690279334e+00
4.5000000000e+01   1.5725574610e+00
4.6000000000e+01   1.5690424549e+00
4.7000000000e+01   1.5725429336e+00
4.8000000000e+01   1.5690569874e+00
4.9000000000e+01   1.5725283965e+00
5.0000000000e+01   1.5690715286e+00
5.1000000000e+01   1.5725138519e+00
5.2000000000e+01   1.5690860761e+00
5.3000000000e+01   1.5724993022e+00
5.4000000000e+01   1.5691006274e+00
5.5000000000e+01   1.5724847498e+00
5.6000000000e+01   1.5691151803e+00
5.7000000000e+01   1.5724701970e+00
5.8000000000e+01   1.5691297325e+00
5.9000000000e+01   1.5724556460e+00
6.0000000000e+01   1.5691442816e+00
6.1000000000e+01   1.5724410992e+00
6.2000000000e+01   1.5691588256e+00
6.3000000000e+01   1.5724265588e+00
6.4000000000e+01   1.5691733620e+00
6.5000000000e+01   1.5724120269e+00
6.6000000000e+01   1.5691878887e+00
6.7000000000e+01   1.5723975058e+00
6.8000000000e+01   1.5692024036e+00
6.9000000000e+01   1.5723829977e+00
7.0000000000e+01   1.5692169044e+00
7.1000000000e+01   1.5723685046e+00
7.2000000000e+01   1.5692313892e+00
7.3000000000e+01   1.5723540287e+00
7.4000000000e+01   1.5692458557e+00
7.5000000000e+01   1.5723395720e+00
7.6000000000e+01   1.5692603020e+00
7.7000000000e+01   1.5723251367e+00
7.8000000000e+01   1.5692747260e+00
7.9000000000e+01   1.5723107246e+00
8.0000000000e+01   1.5692891257e+00
8.1000000000e+01   1.5722963377e+00
8.2000000000e+01   1.5693034992e+00
8.3000000000e+01   1.5722819782e+00
8.4000000000e+01   1.5693178444e+00
8.5000000000e+01   1.5722676477e+00
8.6000000000e+01   1.5693321595e+00
8.7000000000e+01   1.5722533484e+00
8.8000000000e+01   1.5693464427e+00
8.9000000000e+01   1.5722390819e+00
9.0000000000e+01   1.5693606920e+00
9.1000000000e+01   1.5722248502e+00
9.2000000000e+01   1.5693749056e+00
9.3000000000e+01   1.5722106551e+00
9.4000000000e+01   1.5693890817e+00
9.5000000000e+01   1.5721964984e+00
9.6000000000e+01   1.5694032187e+00
9.7000000000e+01   1.5721823817e+00
9.8000000000e+01   1.5694173147e+00
9.9000000000e+01   1.5721683068e+00
1.0000000000e+02   1.5694313680e+00
1.0100000000e+02   1.5721542754e+00
1.0200000000e+02   1.5694453771e+00
1.0300000000e+02   1.5721402892e+00
1.0400000000e+02   1.5694593401e+00
1.0500000000e+02   1.5721263497e+00
1.0600000000e+02   1.5694732556e+00
1.0700000000e+02   1.5721124585e+00
1.0800000000e+02   1.5694871220e+00
1.0900000000e+02   1.5720986173e+00
1.1000000000e+02   1.5695009377e+00
1.1100000000e+02   1.5720848275e+00
1.1200000000e+02   1.5695147012e+00
1.1300000000e+02   1.5720710906e+00
1.1400000000e+02   1.5695284111e+00
1.1500000000e+02   1.5720574082e+00
1.1600000000e+02   1.5695420658e+00
1.1700000000e+02   1.5720437816e+00
1.1800000000e+02   1.5695556639e+00
1.1900000000e+02   1.5720302123e+00
1.2000000000e+02   1.5695692041e+00
1.2100000000e+02   1.5720167015e+00
1.2200000000e+02   1.5695826850e+00
1.2300000000e+02   1.5720032508e+00
1.2400000000e+02   1.5695961053e+00
1.2500000000e+02   1.5719898613e+00
1.2600000000e+02   1.5696094636e+00
1.2700000000e+02   1.5719765344e+00
1.2800000000e+02   1.5696227588e+00
1.2900000000e+02   1.5719632713e+00
1.3000000000e+02   1.5696359895e+00
1.3100000000e+02   1.5719500733e+00
1.3200000000e+02   1.5696491545e+00
1.3300000000e+02   1.5719369415e+00
1.3400000000e+02   1.5696622528e+00
1.3500000000e+02   1.5719238771e+00
1.3600000000e+02   1.5696752831e+00
1.3700000000e+02   1.5719108812e+00
1.3800000000e+02   1.5696882443e+00
1.3900000000e+02   1.5718979549e+00
1.4000000000e+02   1.5697011354e+00
1.4100000000e+02   1.5718850993e+00
1.4200000000e+02   1.5697139552e+00
1.4300000000e+02   1.5718723155e+00
1.4400000000e+02   1.5697267028e+00
1.4500000000e+02   1.5718596044e+00
1.4600000000e+02   1.5697393771e+00
1.4700000000e+02   1.5718469671e+00
1.4800000000e+02   1.5697519773e+00
1.4900000000e+02   1.5718344044e+00
1.5000000000e+02   1.5697645022e+00
1.5100000000e+02   1.5718219173e+00
1.5200000000e+02   1.5697769512e+00
1.5300000000e+02   1.5718095068e+00
1.5400000000e+02   1.5697893231e+00
1.5500000000e+02   1.5717971736e+00
1.5600000000e+02   1.5698016173e+00
1.5700000000e+02   1.5717849186e+00
1.5800000000e+02   1.5698138329e+00
1.5900000000e+02   1.5717727426e+00
1.6000000000e+02   1.5698259691e+00
1.6100000000e+02   1.5717606464e+00
1.6200000000e+02   1.5698380251e+00
1.6300000000e+02   1.5717486308e+00
1.6400000000e+02   1.5698500002e+00
1.6500000000e+02   1.5717366965e+00
1.6600000000e+02   1.5698618936e+00
1.6700000000e+02   1.5717248441e+00
1.6800000000e+02   1.5698737048e+00
1.6900000000e+02   1.5717130743e+00
1.7000000000e+02   1.5698854329e+00
1.7100000000e+02   1.5717013879e+00
1.7200000000e+02   1.5698970775e+00
1.7300000000e+02   1.5716897853e+00
1.7400000000e+02   1.5699086379e+00
1.7500000000e+02   1.5716782672e+00
1.7600000000e+02   1.5699201135e+00
1.7700000000e+02   1.5716668342e+00
1.7800000000e+02   1.5699315038e+00
1.7900000000e+02   1.5716554868e+00
1.8000000000e+02   1.5699428083e+00
1.8100000000e+02   1.5716442254e+00
1.8200000000e+02   1.5699540264e+00
1.8300000000e+02   1.5716330507e+00
1.8400000000e+02   1.5699651577e+00
1.8500000000e+02   1.5716219630e+00
1.8600000000e+02   1.5699762017e+00
1.8700000000e+02   1.5716109627e+00
1.8800000000e+02   1.5699871580e+00
1.8900000000e+02   1.5716000504e+00
1.9000000000e+02   1.5699980263e+00
1.9100000000e+02   1.5715892263e+00
1.9200000000e+02   1.5700088061e+00
1.9300000000e+02   1.5715784909e+00
1.9400000000e+02   1.5700194971e+00
1.9500000000e+02   1.5715678444e+00
1.9600000000e+02   1.5700300990e+00
1.9700000000e+02   1.5715572872e+00
1.9800000000e+02   1.5700406114e+00
1.9900000000e+02   1.5715468196e+00
2.0000000000e+02   1.5700510341e+00
2.0100000000e+02   1.5715364418e+00
2.0200000000e+02   1.5700613669e+00
2.0300000000e+02   1.5715261541e+00
2.0400000000e+02   1.5700716095e+00
2.0500000000e+02   1.5715159567e+00
2.0600000000e+02   1.5700817617e+00
2.0700000000e+02   1.5715058498e+00
2.0800000000e+02   1.5700918232e+00
2.0900000000e+02   1.5714958336e+00
2.1000000000e+02   1.5701017941e+00
2.1100000000e+02   1.5714859082e+00
2.1200000000e+02   1.5701116740e+00
2.1300000000e+02   1.5714760737e+00
2.1400000000e+02   1.5701214630e+00
2.1500000000e+02   1.5714663303e+00
2.1600000000e+02   1.5701311608e+00
2.1700000000e+02   1.5714566781e+00
2.1800000000e+02   1.5701407674e+00
2.1900000000e+02   1.5714471171e+00
2.2000000000e+02   1.5701502828e+00
2.2100000000e+02   1.5714376474e+00
2.2200000000e+02   1.5701597068e+00
2.2300000000e+02   1.5714282690e+00
2.2400000000e+02   1.5701690396e+00
2.2500000000e+02   1.5714189819e+00
2.2600000000e+02   1.5701782810e+00
2.2700000000e+02   1.5714097861e+00
2.2800000000e+02   1.5701874312e+00
2.2900000000e+02   1.5714006815e+00
2.3000000000e+02   1.5701964901e+00
2.3100000000e+02   1.5713916683e+00
2.3200000000e+02   1.5702054578e+00
2.3300000000e+02   1.5713827461e+00
2.3400000000e+02   1.5702143344e+00
2.3500000000e+02   1.5713739151e+00
2.3600000000e+02   1.5702231199e+00
2.3700000000e+02   1.5713651750e+00
2.3800000000e+02   1.5702318146e+00
2.3900000000e+02   1.5713565257e+00
2.4000000000e+02   1.5702404184e+00
2.4100000000e+02   1.5713479672e+00
2.4200000000e+02   1.5702489317e+00
2.4300000000e+02   1.5713394993e+00
2.4400000000e+02   1.5702573544e+00
2.4500000000e+02   1.5713311217e+00
2.4600000000e+02   1.5702656869e+00
2.4700000000e+02   1.5713228343e+00
2.4800000000e+02   1.5702739292e+00
2.4900000000e+02   1.5713146369e+00
2.5000000000e+02   1.5702820817e+00
2.5100000000e+02   1.5713065293e+00
2.5200000000e+02   1.5702901445e+00
2.5300000000e+02   1.5712985113e+00
2.5400000000e+02   1.5702981179e+00
2.5500000000e+02   1.5712905825e+00
2.5600000000e+02   1.5703060021e+00
2.5700000000e+02   1.5712827427e+00
2.5800000000e+02   1.5703137974e+00
2.5900000000e+02   1.5712749917e+00
2.6000000000e+02   1.5703215042e+00
2.6100000000e+02   1.5712673292e+00
2.6200000000e+02   1.5703291226e+00
2.6300000000e+02   1.5712597548e+00
2.6400000000e+02   1.5703366531e+00
2.6500000000e+02   1.5712522682e+00
2.6600000000e+02   1.5703440959e+00
2.6700000000e+02   1.5712448691e+00
2.6800000000e+02   1.5703514514e+00
2.6900000000e+02   1.5712375571e+00
2.7000000000e+02   1.5703587199e+00
2.7100000000e+02   1.5712303319e+00
2.7200000000e+02   1.5703659018e+00
2.7300000000e+02   1.5712231931e+00
2.7400000000e+02   1.5703729976e+00
2.7500000000e+02   1.5712161404e+00
2.7600000000e+02   1.5703800074e+00
2.7700000000e+02   1.5712091733e+00
2.7800000000e+02   1.5703869319e+00
2.7900000000e+02   1.5712022913e+00
2.8000000000e+02   1.5703937714e+00
2.8100000000e+02   1.5711954942e+00
2.8200000000e+02   1.5704005263e+00
2.8300000000e+02   1.5711887815e+00
2.8400000000e+02   1.5704071970e+00
2.8500000000e+02   1.5711821526e+00
2.8600000000e+02   1.5704137840e+00
2.8700000000e+02   1.5711756073e+00
2.8800000000e+02   1.5704202878e+00
2.8900000000e+02   1.5711691449e+00
2.9000000000e+02   1.5704267088e+00
2.9100000000e+02   1.5711627651e+00
2.9200000000e+02   1.5704330475e+00
2.9300000000e+02   1.5711564674e+00
2.9400000000e+02   1.5704393044e+00
2.9500000000e+02   1.5711502512e+00
2.9600000000e+02   1.5704454800e+00
2.9700000000e+02   1.5711441161e+00
2.9800000000e+02   1.5704515747e+00
2.9900000000e+02   1.5711380616e+00
3.0000000000e+02   1.5704575892e+00
3.0100000000e+02   1.5711320871e+00
3.0200000000e+02   1.5704635238e+00
3.0300000000e+02   1.5711261922e+00
3.0400000000e+02   1.5704693792e+00
3.0500000000e+02   1.5711203763e+00
3.0600000000e+02   1.5704751559e+00
3.0700000000e+02   1.5711146388e+00
3.0800000000e+02   1.5704808543e+00
3.0900000000e+02   1.5711089792e+00
3.1000000000e+02   1.5704864752e+00
3.1100000000e+02   1.5711033970e+00
3.1200000000e+02   1.5704920189e+00
3.1300000000e+02   1.5710978915e+00
3.1400000000e+02   1.5704974861e+00
3.1500000000e+02   1.5710924623e+00
3.1600000000e+02   1.5705028774e+00
3.1700000000e+02   1.5710871088e+00
3.1800000000e+02   1.5705081933e+00
3.1900000000e+02   1.5710818304e+00
3.2000000000e+02   1.5705134345e+00
3.2100000000e+02   1.5710766264e+00
3.2200000000e+02   1.5705186014e+00
3.2300000000e+02   1.5710714964e+00
3.2400000000e+02   1.5705236947e+00
3.2500000000e+02   1.5710664397e+00
3.2600000000e+02   1.5705287150e+00
3.2700000000e+02   1.5710614557e+00
3.2800000000e+02   1.5705336628e+00
3.2900000000e+02   1.5710565438e+00
3.3000000000e+02   1.5705385389e+00
3.3100000000e+02   1.5710517034e+00
3.3200000000e+02   1.5705433437e+00
3.3300000000e+02   1.5710469340e+00
3.3400000000e+02   1.5705480780e+00
3.3500000000e+02   1.5710422348e+00
3.3600000000e+02   1.5705527423e+00
3.3700000000e+02   1.5710376052e+00
3.3800000000e+02   1.5705573372e+00
3.3900000000e+02   1.5710330447e+00
3.4000000000e+02   1.5705618634e+00
3.4100000000e+02   1.5710285527e+00
3.4200000000e+02   1.5705663215e+00
3.4300000000e+02   1.5710241284e+00
3.4400000000e+02   1.5705707122e+00
3.4500000000e+02   1.5710197712e+00
3.4600000000e+02   1.5705750360e+00
3.4700000000e+02   1.5710154806e+00
3.4800000000e+02   1.5705792936e+00
3.4900000000e+02   1.5710112558e+00
3.5000000000e+02   1.5705834857e+00
3.5100000000e+02   1.5710070963e+00
3.5200000000e+02   1.5705876128e+00
3.5300000000e+02   1.5710030014e+00
3.5400000000e+02   1.5705916757e+00
3.5500000000e+02   1.5709989704e+00
3.5600000000e+02   1.5705956749e+00
3.5700000000e+02   1.5709950028e+00
3.5800000000e+02   1.5705996111e+00
3.5900000000e+02   1.5709910978e+00
3.6000000000e+02   1.5706034850e+00
3.6100000000e+02   1.5709872548e+00
3.6200000000e+02   1.5706072972e+00
3.6300000000e+02   1.5709834733e+00
3.6400000000e+02   1.5706110483e+00
3.6500000000e+02   1.5709797524e+00
3.6600000000e+02   1.5706147390e+00
3.6700000000e+02   1.5709760917e+00
3.6800000000e+02   1.5706183700e+00
3.6900000000e+02   1.5709724904e+00
3.7000000000e+02   1.5706219418e+00
3.7100000000e+02   1.5709689478e+00
3.7200000000e+02   1.5706254552e+00
3.7300000000e+02   1.5709654634e+00
3.7400000000e+02   1.5706289108e+00
3.7500000000e+02   1.5709620365e+00
3.7600000000e+02   1.5706323092e+00
3.7700000000e+02   1.5709586664e+00
3.7800000000e+02   1.5706356511e+00
3.7900000000e+02   1.5709553526e+00
3.8000000000e+02   1.5706389371e+00
3.8100000000e+02   1.5709520942e+00
3.8200000000e+02   1.5706421679e+00
3.8300000000e+02   1.5709488908e+00
3.8400000000e+02   1.5706453441e+00
3.8500000000e+02   1.5709457416e+00
3.8600000000e+02   1.5706484664e+00
3.8700000000e+02   1.5709426461e+00
3.8800000000e+02   1.5706515354e+00
3.8900000000e+02   1.5709396035e+00
3.9000000000e+02   1.5706545517e+00
3.9100000000e+02   1.5709366133e+00
3.9200000000e+02   1.5706575160e+00
3.9300000000e+02   1.5709336748e+00
3.9400000000e+02   1.5706604289e+00
3.9500000000e+02   1.5709307873e+00
3.9600000000e+02   1.5706632911e+00
3.9700000000e+02   1.5709279502e+00
3.9800000000e+02   1.5706661032e+00
3.9900000000e+02   1.5709251630e+00
4.0000000000e+02   1.5706688658e+00
4.0100000000e+02   1.5709224249e+00
4.0200000000e+02   1.5706715795e+00
4.0300000000e+02   1.5709197353e+00
4.0400000000e+02   1.5706742450e+00
4.0500000000e+02   1.5709170937e+00
4.0600000000e+02   1.5706768629e+00
4.0700000000e+02   1.5709144994e+00
4.0800000000e+02   1.5706794339e+00
4.0900000000e+02   1.5709119517e+00
4.1000000000e+02   1.5706819584e+00
4.1100000000e+02   1.5709094501e+00
4.1200000000e+02   1.5706844373e+00
4.1300000000e+02   1.5709069939e+00
4.1400000000e+02   1.5706868709e+00
4.1500000000e+02   1.5709045825e+00
4.1600000000e+02   1.5706892601e+00
4.1700000000e+02   1.5709022154e+00
4.1800000000e+02   1.5706916054e+00
4.1900000000e+02   1.5708998919e+00
4.2000000000e+02   1.5706939073e+00
4.2100000000e+02   1.5708976114e+00
4.2200000000e+02   1.5706961665e+00
4.2300000000e+02   1.5708953733e+00
4.2400000000e+02   1.5706983836e+00
4.2500000000e+02   1.5708931771e+00
4.2600000000e+02   1.5707005591e+00
4.2700000000e+02   1.5708910221e+00
4.2800000000e+02   1.5707026937e+00
4.2900000000e+02   1.5708889077e+00
4.3000000000e+02   1.5707047880e+00
4.3100000000e+02   1.5708868334e+00
4.3200000000e+02   1.5707068424e+00
4.3300000000e+02   1.5708847986e+00
4.3400000000e+02   1.5707088577e+00
4.3500000000e+02   1.5708828028e+00
4.3600000000e+02   1.5707108344e+00
4.3700000000e+02   1.5708808452e+00
4.3800000000e+02   1.5707127729e+00
4.3900000000e+02   1.5708789255e+00
4.4000000000e+02   1.5707146740e+00
4.4100000000e+02   1.5708770429e+00
4.4200000000e+02   1.5707165381e+00
4.4300000000e+02   1.5708751971e+00
4.4400000000e+02   1.5707183659e+00
4.4500000000e+02   1.5708733873e+00
4.4600000000e+02   1.5707201578e+00
4.4700000000e+02   1.5708716131e+00
4.4800000000e+02   1.5707219144e+00
4.4900000000e+02   1.5708698739e+00
4.5000000000e+02   1.5707236363e+00
4.5100000000e+02   1.5708681692e+00
4.5200000000e+02   1.5707253240e+00
4.5300000000e+02   1.5708664984e+00
4.5400000000e+02   1.5707269780e+00
4.5500000000e+02   1.5708648611e+00
4.5600000000e+02   1.5707285988e+00
4.5700000000e+02   1.5708632566e+00
4.5800000000e+02   1.5707301871e+00
4.5900000000e+02   1.5708616845e+00
4.6000000000e+02   1.5707317432e+00
4.6100000000e+02   1.5708601442e+00
4.6200000000e+02   1.5707332677e+00
4.6300000000e+02   1.5708586353e+00
4.6400000000e+02   1.5707347611e+00
4.6500000000e+02   1.5708571572e+00
4.6600000000e+02   1.5707362240e+00
4.6700000000e+02   1.5708557095e+00
4.6800000000e+02   1.5707376568e+00
4.6900000000e+02   1.5708542915e+00
4.7000000000e+02   1.5707390600e+00
4.7100000000e+02   1.5708529030e+00
4.7200000000e+02   1.5707404341e+00
4.7300000000e+02   1.5708515432e+00
4.7400000000e+02   1.5707417795e+00
4.7500000000e+02   1.5708502119e+00
4.7600000000e+02   1.5707430969e+00
4.7700000000e+02   1.5708489085e+00
4.7800000000e+02   1.5707443865e+00
4.7900000000e+02   1.5708476324e+00
4.8000000000e+02   1.5707456490e+00
4.8100000000e+02   1.5708463834e+00
4.8200000000e+02   1.5707468848e+00
4.8300000000e+02   1.5708451608e+00
4.8400000000e+02   1.5707480943e+00
4.8500000000e+02   1.5708439643e+00
4.8600000000e+02   1.5707492779e+00
4.8700000000e+02   1.5708427934e+00
4.8800000000e+02   1.5707504362e+00
4.8900000000e+02   1.5708416476e+00
4.9000000000e+02   1.5707515696e+00
4.9100000000e+02   1.5708405266e+00
4.9200000000e+02   1.5707526784e+00
4.9300000000e+02   1.5708394298e+00
4.9400000000e+02   1.5707537632e+00
4.9500000000e+02   1.5708383568e+00
4.9600000000e+02   1.5707548244e+00
4.9700000000e+02   1.5708373073e+00
4.9800000000e+02   1.5707558624e+00
4.9900000000e+02   1.5708362808e+00
5.0000000000e+02   1.5707568776e+00
5.0100000000e+02   1.5708352768e+00
5.0200000000e+02   1.5707578704e+00
5.0300000000e+02   1.5708342951e+00
5.0400000000e+02   1.5707588412e+00
5.0500000000e+02   1.5708333351e+00
5.0600000000e+02   1.5707597905e+00
5.0700000000e+02   1.5708323964e+00
5.0800000000e+02   1.5707607186e+00
5.0900000000e+02   1.5708314788e+00
5.1000000000e+02   1.5707616259e+00
5.1100000000e+02   1.5708305817e+00
5.1200000000e+02   1.5707625128e+00
5.1300000000e+02   1.5708297048e+00
5.1400000000e+02   1.5707633797e+00
5.1500000000e+02   1.5708288478e+00
5.1600000000e+02   1.5707642270e+00
5.1700000000e+02   1.5708280102e+00
5.1800000000e+02   1.5707650550e+00
5.1900000000e+02   1.5708271917e+00
5.2000000000e+02   1.5707658641e+00
5.2100000000e+02   1.5708263919e+00
5.2200000000e+02   1.5707666547e+00
5.2300000000e+02   1.5708256104e+00
5.2400000000e+02   1.5707674271e+00
5.2500000000e+02   1.5708248470e+00
5.2600000000e+02   1.5707681817e+00
5.2700000000e+02   1.5708241012e+00
5.2800000000e+02   1.5707689187e+00
5.2900000000e+02   1.5708233728e+00
5.3000000000e+02   1.5707696387e+00
5.3100000000e+02   1.5708226613e+00
5.3200000000e+02   1.5707703418e+00
5.3300000000e+02   1.5708219664e+00
5.3400000000e+02   1.5707710284e+00
5.3500000000e+02   1.5708212879e+00
5.3600000000e+02   1.5707716989e+00
5.3700000000e+02   1.5708206254e+00
5.3800000000e+02   1.5707723536e+00
5.3900000000e+02   1.5708199785e+00
5.4000000000e+02   1.5707729928e+00
5.4100000000e+02   1.5708193470e+00
5.4200000000e+02   1.5707736167e+00
5.4300000000e+02   1.5708187305e+00
5.4400000000e+02   1.5707742258e+00
5.4500000000e+02   1.5708181287e+00
5.4600000000e+02   1.5707748203e+00
5.4700000000e+02   1.5708175414e+00
5.4800000000e+02   1.5707754005e+00
5.4900000000e+02   1.5708169683e+00
5.5000000000e+02   1.5707759667e+00
5.5100000000e+02   1.5708164090e+00
5.5200000000e+02   1.5707765191e+00
5.5300000000e+02   1.5708158633e+00
5.5400000000e+02   1.5707770582e+00
5.5500000000e+02   1.5708153308e+00
5.5600000000e+02   1.5707775841e+00
5.5700000000e+02   1.5708148114e+00
5.5800000000e+02   1.5707780972e+00
5.5900000000e+02   1.5708143046e+00
5.6000000000e+02   1.5707785976e+00
5.6100000000e+02   1.5708138104e+00
5.6200000000e+02   1.5707790857e+00
5.6300000000e+02   1.5708133284e+00
5.6400000000e+02   1.5707795618e+00
5.6500000000e+02   1.5708128583e+00
5.6600000000e+02   1.5707800260e+00
5.6700000000e+02   1.5708123999e+00
5.6800000000e+02   1.5707804786e+00
5.6900000000e+02   1.5708119529e+00
5.7000000000e+02   1.5707809200e+00
5.7100000000e+02   1.5708115171e+00
5.7200000000e+02   1.5707813503e+00
5.7300000000e+02   1.5708110923e+00
5.7400000000e+02   1.5707817697e+00
5.7500000000e+02   1.5708106781e+00
5.7600000000e+02   1.5707821786e+00
5.7700000000e+02   1.5708102745e+00
5.7800000000e+02   1.5707825771e+00
5.7900000000e+02   1.5708098811e+00
5.8000000000e+02   1.5707829654e+00
5.8100000000e+02   1.5708094977e+00
5.8200000000e+02   1.5707833439e+00
5.8300000000e+02   1.5708091241e+00
5.8400000000e+02   1.5707837127e+00
5.8500000000e+02   1.5708087601e+00
5.8600000000e+02   1.5707840720e+00
5.8700000000e+02   1.5708084055e+00
5.8800000000e+02   1.5707844220e+00
5.8900000000e+02   1.5708080600e+00
5.9000000000e+02   1.5707847630e+00
5.9100000000e+02   1.5708077234e+00
5.9200000000e+02   1.5707850951e+00
5.9300000000e+02   1.5708073956e+00
5.9400000000e+02   1.5707854186e+00
5.9500000000e+02   1.5708070764e+00
5.9600000000e+02   1.5707857337e+00
5.9700000000e+02   1.5708067655e+00
5.9800000000e+02   1.5707860405e+00
5.9900000000e+02   1.5708064628e+00
6.0000000000e+02   1.5707863392e+00
6.0100000000e+02   1.5708061680e+00
6.0200000000e+02   1.5707866300e+00
6.0300000000e+02   1.5708058810e+00
6.0400000000e+02   1.5707869132e+00
6.0500000000e+02   1.5708056017e+00
6.0600000000e+02   1.5707871888e+00
6.0700000000e+02   1.5708053297e+00
6.0800000000e+02   1.5707874571e+00
6.0900000000e+02   1.5708050651e+00
6.1000000000e+02   1.5707877182e+00
6.1100000000e+02   1.5708048075e+00
6.1200000000e+02   1.5707879723e+00
6.1300000000e+02   1.5708045568e+00
6.1400000000e+02   1.5707882196e+00
6.1500000000e+02   1.5708043128e+00
6.1600000000e+02   1.5707884602e+00
6.1700000000e+02   1.5708040755e+00
6.1800000000e+02   1.5707886943e+00
6.1900000000e+02   1.5708038446e+00
6.2000000000e+02   1.5707889221e+00
6.2100000000e+02   1.5708036200e+00
6.2200000000e+02   1.5707891436e+00
6.2300000000e+02   1.5708034015e+00
6.2400000000e+02   1.5707893591e+00
6.2500000000e+02   1.5708031890e+00
6.2600000000e+02   1.5707895687e+00
6.2700000000e+02   1.5708029823e+00
6.2800000000e+02   1.5707897725e+00
6.2900000000e+02   1.5708027813e+00
6.3000000000e+02   1.5707899707e+00
6.3100000000e+02   1.5708025859e+00
6.3200000000e+02   1.5707901634e+00
6.3300000000e+02   1.5708023959e+00
6.3400000000e+02   1.5707903507e+00
6.3500000000e+02   1.5708022111e+00
6.3600000000e+02   1.5707905329e+00
6.3700000000e+02   1.5708020316e+00
6.3800000000e+02   1.5707907099e+00
6.3900000000e+02   1.5708018570e+00
6.4000000000e+02   1.5707908820e+00
6.4100000000e+02   1.5708016874e+00
6.4200000000e+02   1.5707910493e+00
6.4300000000e+02   1.5708015225e+00
6.4400000000e+02   1.5707912118e+00
6.4500000000e+02   1.5708013623e+00
6.4600000000e+02   1.5707913697e+00
6.4700000000e+02   1.5708012066e+00
6.4800000000e+02   1.5707915232e+00
6.4900000000e+02   1.5708010553e+00
6.5000000000e+02   1.5707916723e+00
6.5100000000e+02   1.5708009083e+00
6.5200000000e+02   1.5707918171e+00
6.5300000000e+02   1.5708007656e+00
6.5400000000e+02   1.5707919578e+00
6.5500000000e+02   1.5708006269e+00
6.5600000000e+02   1.5707920945e+00
6.5700000000e+02   1.5708004922e+00
6.5800000000e+02   1.5707922272e+00
6.5900000000e+02   1.5708003615e+00
6.6000000000e+02   1.5707923561e+00
6.6100000000e+02   1.5708002344e+00
6.6200000000e+02   1.5707924813e+00
6.6300000000e+02   1.5708001111e+00
6.6400000000e+02   1.5707926028e+00
6.6500000000e+02   1.5707999914e+00
6.6600000000e+02   1.5707927208e+00
6.6700000000e+02   1.5707998751e+00
6.6800000000e+02   1.5707928353e+00
6.6900000000e+02   1.5707997623e+00
6.7000000000e+02   1.5707929465e+00
6.7100000000e+02   1.5707996528e+00
6.7200000000e+02   1.5707930544e+00
6.7300000000e+02   1.5707995465e+00
6.7400000000e+02   1.5707931591e+00
6.7500000000e+02   1.5707994433e+00
6.7600000000e+02   1.5707932607e+00
6.7700000000e+02   1.5707993432e+00
6.7800000000e+02   1.5707933593e+00
6.7900000000e+02   1.5707992461e+00
6.8000000000e+02   1.5707934550e+00
6.8100000000e+02   1.5707991518e+00
6.8200000000e+02   1.5707935478e+00
6.8300000000e+02   1.5707990604e+00
6.8400000000e+02   1.5707936379e+00
6.8500000000e+02   1.5707989717e+00
6.8600000000e+02   1.5707937252e+00
6.8700000000e+02   1.5707988857e+00
6.8800000000e+02   1.5707938099e+00
6.8900000000e+02   1.5707988023e+00
6.9000000000e+02   1.5707938921e+00
6.9100000000e+02   1.5707987213e+00
6.9200000000e+02   1.5707939718e+00
6.9300000000e+02   1.5707986429e+00
6.9400000000e+02   1.5707940490e+00
6.9500000000e+02   1.5707985668e+00
6.9600000000e+02   1.5707941239e+00
6.9700000000e+02   1.5707984931e+00
6.9800000000e+02   1.5707941966e+00
6.9900000000e+02   1.5707984216e+00
7.0000000000e+02   1.5707942670e+00
7.0100000000e+02   1.5707983522e+00
7.0200000000e+02   1.5707943352e+00
7.0300000000e+02   1.5707982851e+00
7.0400000000e+02   1.5707944013e+00
7.0500000000e+02   1.5707982200e+00
7.0600000000e+02   1.5707944654e+00
7.0700000000e+02   1.5707981569e+00
7.0800000000e+02   1.5707945275e+00
7.0900000000e+02   1.5707980957e+00
7.1000000000e+02   1.5707945877e+00
7.1100000000e+02   1.5707980365e+00
7.1200000000e+02   1.5707946460e+00
7.1300000000e+02   1.5707979791e+00
7.1400000000e+02   1.5707947025e+00
7.1500000000e+02   1.5707979235e+00
7.1600000000e+02   1.5707947573e+00
7.1700000000e+02   1.5707978696e+00
7.1800000000e+02   1.5707948103e+00
7.1900000000e+02   1.5707978175e+00
7.2000000000e+02   1.5707948616e+00
7.2100000000e+02   1.5707977669e+00
7.2200000000e+02   1.5707949113e+00
7.2300000000e+02   1.5707977180e+00
7.2400000000e+02   1.5707949595e+00
7.2500000000e+02   1.5707976706e+00
7.2600000000e+02   1.5707950061e+00
7.2700000000e+02   1.5707976248e+00
7.2800000000e+02   1.5707950512e+00
7.2900000000e+02   1.5707975803e+00
7.3000000000e+02   1.5707950949e+00
7.3100000000e+02   1.5707975374e+00
7.3200000000e+02   1.5707951372e+00
7.3300000000e+02   1.5707974957e+00
7.3400000000e+02   1.5707951782e+00
7.3500000000e+02   1.5707974555e+00
7.3600000000e+02   1.5707952178e+00
7.3700000000e+02   1.5707974165e+00
7.3800000000e+02   1.5707952561e+00
7.3900000000e+02   1.5707973788e+00
7.4000000000e+02   1.5707952932e+00
7.4100000000e+02   1.5707973422e+00
7.4200000000e+02   1.5707953291e+00
7.4300000000e+02   1.5707973069e+00
7.4400000000e+02   1.5707953639e+00
7.4500000000e+02   1.5707972728e+00
7.4600000000e+02   1.5707953975e+00
7.4700000000e+02   1.5707972397e+00
7.4800000000e+02   1.5707954300e+00
7.4900000000e+02   1.5707972077e+00
7.5000000000e+02   1.5707954615e+00
7.5100000000e+02   1.5707971768e+00
7.5200000000e+02   1.5707954919e+00
7.5300000000e+02   1.5707971469e+00
7.5400000000e+02   1.5707955213e+00
7.5500000000e+02   1.5707971180e+00
7.5600000000e+02   1.5707955497e+00
7.5700000000e+02   1.5707970900e+00
7.5800000000e+02   1.5707955772e+00
7.5900000000e+02   1.5707970630e+00
7.6000000000e+02   1.5707956038e+00
7.6100000000e+02   1.5707970368e+00
7.6200000000e+02   1.5707956295e+00
7.6300000000e+02   1.5707970116e+00
7.6400000000e+02   1.5707956543e+00
7.6500000000e+02   1.5707969871e+00
7.6600000000e+02   1.5707956784e+00
7.6700000000e+02   1.5707969635e+00
7.6800000000e+02   1.5707957016e+00
7.6900000000e+02   1.5707969407e+00
7.7000000000e+02   1.5707957240e+00
7.7100000000e+02   1.5707969187e+00
7.7200000000e+02   1.5707957457e+00
7.7300000000e+02   1.5707968974e+00
7.7400000000e+02   1.5707957666e+00
7.7500000000e+02   1.5707968768e+00
7.7600000000e+02   1.5707957868e+00
7.7700000000e+02   1.5707968569e+00
7.7800000000e+02   1.5707958064e+00
7.7900000000e+02   1.5707968377e+00
7.8000000000e+02   1.5707958253e+00
7.8100000000e+02   1.5707968191e+00
7.8200000000e+02   1.5707958435e+00
7.8300000000e+02   1.5707968012e+00
7.8400000000e+02   1.5707958611e+00
7.8500000000e+02   1.5707967839e+00
7.8600000000e+02   1.5707958781e+00
7.8700000000e+02   1.5707967672e+00
7.8800000000e+02   1.5707958946e+00
7.8900000000e+02   1.5707967510e+00
7.9000000000e+02   1.5707959104e+00
7.9100000000e+02   1.5707967355e+00
7.9200000000e+02   1.5707959257e+00
7.9300000000e+02   1.5707967204e+00
7.9400000000e+02   1.5707959405e+00
7.9500000000e+02   1.5707967059e+00
7.9600000000e+02   1.5707959548e+00
7.9700000000e+02   1.5707966919e+00
7.9800000000e+02   1.5707959685e+00
7.9900000000e+02   1.5707966784e+00
8.0000000000e+02   1.5707959818e+00
8.0100000000e+02   1.5707966653e+00
8.0200000000e+02   1.5707959946e+00
8.0300000000e+02   1.5707966527e+00
8.0400000000e+02   1.5707960070e+00
8.0500000000e+02   1.5707966405e+00
8.0600000000e+02   1.5707960190e+00
8.0700000000e+02   1.5707966288e+00
8.0800000000e+02   1.5707960305e+00
8.0900000000e+02   1.5707966175e+00
8.1000000000e+02   1.5707960416e+00
8.1100000000e+02   1.5707966066e+00
8.1200000000e+02   1.5707960523e+00
8.1300000000e+02   1.5707965961e+00
8.1400000000e+02   1.5707960627e+00
8.1500000000e+02   1.5707965859e+00
8.1600000000e+02   1.5707960726e+00
8.1700000000e+02   1.5707965761e+00
8.1800000000e+02   1.5707960822e+00
8.1900000000e+02   1.5707965667e+00
8.2000000000e+02   1.5707960915e+00
8.2100000000e+02   1.5707965576e+00
8.2200000000e+02   1.5707961004e+00
8.2300000000e+02   1.5707965488e+00
8.2400000000e+02   1.5707961091e+00
8.2500000000e+02   1.5707965403e+00
8.2600000000e+02   1.5707961174e+00
8.2700000000e+02   1.5707965322e+00
8.2800000000e+02   1.5707961254e+00
8.2900000000e+02   1.5707965243e+00
8.3000000000e+02   1.5707961331e+00
8.3100000000e+02   1.5707965167e+00
8.3200000000e+02   1.5707961405e+00
8.3300000000e+02   1.5707965094e+00
8.3400000000e+02   1.5707961477e+00
8.3500000000e+02   1.5707965024e+00
8.3600000000e+02   1.5707961546e+00
8.3700000000e+02   1.5707964956e+00
8.3800000000e+02   1.5707961613e+00
8.3900000000e+02   1.5707964891e+00
8.4000000000e+02   1.5707961677e+00
8.4100000000e+02   1.5707964828e+00
8.4200000000e+02   1.5707961739e+00
8.4300000000e+02   1.5707964767e+00
8.4400000000e+02   1.5707961798e+00
8.4500000000e+02   1.5707964709e+00
8.4600000000e+02   1.5707961855e+00
8.4700000000e+02   1.5707964653e+00
8.4800000000e+02   1.5707961911e+00
8.4900000000e+02   1.5707964598e+00
8.5000000000e+02   1.5707961964e+00
8.5100000000e+02   1.5707964546e+00
8.5200000000e+02   1.5707962015e+00
8.5300000000e+02   1.5707964496e+00
8.5400000000e+02   1.5707962064e+00
8.5500000000e+02   1.5707964448e+00
8.5600000000e+02   1.5707962112e+00
8.5700000000e+02   1.5707964401e+00
8.5800000000e+02   1.5707962157e+00
8.5900000000e+02   1.5707964356e+00
8.6000000000e+02   1.5707962201e+00
8.6100000000e+02   1.5707964313e+00
8.6200000000e+02   1.5707962244e+00
8.6300000000e+02   1.5707964272e+00
8.6400000000e+02   1.5707962284e+00
8.6500000000e+02   1.5707964232e+00
8.6600000000e+02   1.5707962323e+00
8.6700000000e+02   1.5707964193e+00
8.6800000000e+02   1.5707962361e+00
8.6900000000e+02   1.5707964156e+00
8.7000000000e+02   1.5707962397e+00
8.7100000000e+02   1.5707964121e+00
8.7200000000e+02   1.5707962432e+00
8.7300000000e+02   1.5707964087e+00
8.7400000000e+02   1.5707962466e+00
8.7500000000e+02   1.5707964054e+00
8.7600000000e+02   1.5707962498e+00
8.7700000000e+02   1.5707964022e+00
8.7800000000e+02   1.5707962529e+00
8.7900000000e+02   1.5707963991e+00
8.8000000000e+02   1.5707962559e+00
8.8100000000e+02   1.5707963962e+00
8.8200000000e+02   1.5707962588e+00
8.8300000000e+02   1.5707963934e+00
8.8400000000e+02   1.5707962616e+00
8.8500000000e+02   1.5707963907e+00
8.8600000000e+02   1.5707962642e+00
8.8700000000e+02   1.5707963881e+00
8.8800000000e+02   1.5707962668e+00
8.8900000000e+02   1.5707963856e+00
8.9000000000e+02   1.5707962692e+00
8.9100000000e+02   1.5707963832e+00
8.9200000000e+02   1.5707962716e+00
8.9300000000e+02   1.5707963809e+00
8.9400000000e+02   1.5707962739e+00
8.9500000000e+02   1.5707963786e+00
8.9600000000e+02   1.5707962760e+00
8.9700000000e+02   1.5707963765e+00
8.9800000000e+02   1.5707962781e+00
8.9900000000e+02   1.5707963744e+00
9.0000000000e+02   1.5707962801e+00
9.0100000000e+02   1.5707963725e+00
9.0200000000e+02   1.5707962821e+00
9.0300000000e+02   1.5707963706e+00
9.0400000000e+02   1.5707962839e+00
9.0500000000e+02   1.5707963687e+00
9.0600000000e+02   1.5707962857e+00
9.0700000000e+02   1.5707963670e+00
9.0800000000e+02   1.5707962874e+00
9.0900000000e+02   1.5707963653e+00
9.1000000000e+02   1.5707962891e+00
9.1100000000e+02   1.5707963637e+00
9.1200000000e+02   1.5707962907e+00
9.1300000000e+02   1.5707963622e+00
9.1400000000e+02   1.5707962922e+00
9.1500000000e+02   1.5707963607e+00
9.1600000000e+02   1.5707962937e+00
9.1700000000e+02   1.5707963592e+00
9.1800000000e+02   1.5707962951e+00
9.1900000000e+02   1.5707963579e+00
9.2000000000e+02   1.5707962964e+00
9.2100000000e+02   1.5707963565e+00
9.2200000000e+02   1.5707962977e+00
9.2300000000e+02   1.5707963553e+00
9.2400000000e+02   1.5707962989e+00
9.2500000000e+02   1.5707963541e+00
9.2600000000e+02   1.5707963001e+00
9.2700000000e+02   1.5707963529e+00
9.2800000000e+02   1.5707963013e+00
9.2900000000e+02   1.5707963518e+00
9.3000000000e+02   1.5707963024e+00
9.3100000000e+02   1.5707963507e+00
9.3200000000e+02   1.5707963034e+00
9.3300000000e+02   1.5707963497e+00
9.3400000000e+02   1.5707963044e+00
9.3500000000e+02   1.5707963487e+00
9.3600000000e+02   1.5707963054e+00
9.3700000000e+02   1.5707963477e+00
9.3800000000e+02   1.5707963063e+00
9.3900000000e+02   1.5707963468e+00
9.4000000000e+02   1.5707963072e+00
9.4100000000e+02   1.5707963459e+00
9.4200000000e+02   1.5707963081e+00
9.4300000000e+02   1.5707963451e+00
9.4400000000e+02   1.5707963089e+00
9.4500000000e+02   1.5707963443e+00
9.4600000000e+02   1.5707963097e+00
9.4700000000e+02   1.5707963435e+00
9.4800000000e+02   1.5707963105e+00
9.4900000000e+02   1.5707963428e+00
9.5000000000e+02   1.5707963112e+00
9.5100000000e+02   1.5707963421e+00
9.5200000000e+02   1.5707963119e+00
9.5300000000e+02   1.5707963414e+00
9.5400000000e+02   1.5707963125e+00
9.5500000000e+02   1.5707963407e+00
9.5600000000e+02   1.5707963132e+00
9.5700000000e+02   1.5707963401e+00
9.5800000000e+02   1.5707963138e+00
9.5900000000e+02   1.5707963395e+00
