X    Y
-6.3700000000e+02   1.5707963056e+00
-6.3600000000e+02   1.5707963487e+00
-6.3500000000e+02   1.5707963041e+00
-6.3400000000e+02   1.5707963503e+00
-6.3300000000e+02   1.5707963025e+00
-6.3200000000e+02   1.5707963520e+00
-6.3100000000e+02   1.5707963008e+00
-6.3000000000e+02   1.5707963537e+00
-6.2900000000e+02   1.5707962989e+00
-6.2800000000e+02   1.5707963556e+00
-6.2700000000e+02   1.5707962970e+00
-6.2600000000e+02   1.5707963576e+00
-6.2500000000e+02   1.5707962949e+00
-6.2400000000e+02   1.5707963597e+00
-6.2300000000e+02   1.5707962927e+00
-6.2200000000e+02   1.5707963620e+00
-6.2100000000e+02   1.5707962904e+00
-6.2000000000e+02   1.5707963644e+00
-6.1900000000e+02   1.5707962879e+00
-6.1800000000e+02   1.5707963670e+00
-6.1700000000e+02   1.5707962853e+00
-6.1600000000e+02   1.5707963697e+00
-6.1500000000e+02   1.5707962825e+00
-6.1400000000e+02   1.5707963726e+00
-6.1300000000e+02   1.5707962795e+00
-6.1200000000e+02   1.5707963757e+00
-6.1100000000e+02   1.5707962763e+00
-6.1000000000e+02   1.5707963789e+00
-6.0900000000e+02   1.5707962729e+00
-6.0800000000e+02   1.5707963824e+00
-6.0700000000e+02   1.5707962693e+00
-6.0600000000e+02   1.5707963861e+00
-6.0500000000e+02   1.5707962655e+00
-6.0400000000e+02   1.5707963900e+00
-6.0300000000e+02   1.5707962615e+00
-6.0200000000e+02   1.5707963942e+00
-6.0100000000e+02   1.5707962572e+00
-6.0000000000e+02   1.5707963986e+00
-5.9900000000e+02   1.5707962527e+00
-5.9800000000e+02   1.5707964033e+00
-5.9700000000e+02   1.5707962478e+00
-5.9600000000e+02   1.5707964083e+00
-5.9500000000e+02   1.5707962427e+00
-5.9400000000e+02   1.5707964136e+00
-5.9300000000e+02   1.5707962372e+00
-5.9200000000e+02   1.5707964192e+00
-5.9100000000e+02   1.5707962315e+00
-5.9000000000e+02   1.5707964252e+00
-5.8900000000e+02   1.5707962253e+00
-5.8800000000e+02   1.5707964315e+00
-5.8700000000e+02   1.5707962188e+00
-5.8600000000e+02   1.5707964382e+00
-5.8500000000e+02   1.5707962119e+00
-5.8400000000e+02   1.5707964453e+00
-5.8300000000e+02   1.5707962046e+00
-5.8200000000e+02   1.5707964528e+00
-5.8100000000e+02   1.5707961969e+00
-5.8000000000e+02   1.5707964608e+00
-5.7900000000e+02   1.5707961887e+00
-5.7800000000e+02   1.5707964692e+00
-5.7700000000e+02   1.5707961800e+00
-5.7600000000e+02   1.5707964781e+00
-5.7500000000e+02   1.5707961708e+00
-5.7400000000e+02   1.5707964876e+00
-5.7300000000e+02   1.5707961610e+00
-5.7200000000e+02   1.5707964977e+00
-5.7100000000e+02   1.5707961507e+00
-5.7000000000e+02   1.5707965083e+00
-5.6900000000e+02   1.5707961398e+00
-5.6800000000e+02   1.5707965195e+00
-5.6700000000e+02   1.5707961282e+00
-5.6600000000e+02   1.5707965314e+00
-5.6500000000e+02   1.5707961159e+00
-5.6400000000e+02   1.5707965440e+00
-5.6300000000e+02   1.5707961030e+00
-5.6200000000e+02   1.5707965574e+00
-5.6100000000e+02   1.5707960893e+00
-5.6000000000e+02   1.5707965715e+00
-5.5900000000e+02   1.5707960748e+00
-5.5800000000e+02   1.5707965864e+00
-5.5700000000e+02   1.5707960594e+00
-5.5600000000e+02   1.5707966021e+00
-5.5500000000e+02   1.5707960432e+00
-5.5400000000e+02   1.5707966188e+00
-5.5300000000e+02   1.5707960261e+00
-5.5200000000e+02   1.5707966364e+00
-5.5100000000e+02   1.5707960080e+00
-5.5000000000e+02   1.5707966550e+00
-5.4900000000e+02   1.5707959889e+00
-5.4800000000e+02   1.5707966747e+00
-5.4700000000e+02   1.5707959686e+00
-5.4600000000e+02   1.5707966955e+00
-5.4500000000e+02   1.5707959473e+00
-5.4400000000e+02   1.5707967174e+00
-5.4300000000e+02   1.5707959248e+00
-5.4200000000e+02   1.5707967406e+00
-5.4100000000e+02   1.5707959010e+00
-5.4000000000e+02   1.5707967650e+00
-5.3900000000e+02   1.5707958758e+00
-5.3800000000e+02   1.5707967908e+00
-5.3700000000e+02   1.5707958493e+00
-5.3600000000e+02   1.5707968181e+00
-5.3500000000e+02   1.5707958213e+00
-5.3400000000e+02   1.5707968468e+00
-5.3300000000e+02   1.5707957918e+00
-5.3200000000e+02   1.5707968771e+00
-5.3100000000e+02   1.5707957607e+00
-5.3000000000e+02   1.5707969091e+00
-5.2900000000e+02   1.5707957279e+00
-5.2800000000e+02   1.5707969428e+00
-5.2700000000e+02   1.5707956933e+00
-5.2600000000e+02   1.5707969783e+00
-5.2500000000e+02   1.5707956568e+00
-5.2400000000e+02   1.5707970158e+00
-5.2300000000e+02   1.5707956184e+00
-5.2200000000e+02   1.5707970552e+00
-5.2100000000e+02   1.5707955779e+00
-5.2000000000e+02   1.5707970968e+00
-5.1900000000e+02   1.5707955352e+00
-5.1800000000e+02   1.5707971406e+00
-5.1700000000e+02   1.5707954902e+00
-5.1600000000e+02   1.5707971867e+00
-5.1500000000e+02   1.5707954429e+00
-5.1400000000e+02   1.5707972353e+00
-5.1300000000e+02   1.5707953931e+00
-5.1200000000e+02   1.5707972864e+00
-5.1100000000e+02   1.5707953406e+00
-5.1000000000e+02   1.5707973402e+00
-5.0900000000e+02   1.5707952854e+00
-5.0800000000e+02   1.5707973968e+00
-5.0700000000e+02   1.5707952273e+00
-5.0600000000e+02   1.5707974564e+00
-5.0500000000e+02   1.5707951662e+00
-5.0400000000e+02   1.5707975191e+00
-5.0300000000e+02   1.5707951020e+00
-5.0200000000e+02   1.5707975850e+00
-5.0100000000e+02   1.5707950344e+00
-5.0000000000e+02   1.5707976543e+00
-4.9900000000e+02   1.5707949633e+00
-4.9800000000e+02   1.5707977271e+00
-4.9700000000e+02   1.5707948886e+00
-4.9600000000e+02   1.5707978037e+00
-4.9500000000e+02   1.5707948101e+00
-4.9400000000e+02   1.5707978842e+00
-4.9300000000e+02   1.5707947276e+00
-4.9200000000e+02   1.5707979687e+00
-4.9100000000e+02   1.5707946410e+00
-4.9000000000e+02   1.5707980575e+00
-4.8900000000e+02   1.5707945500e+00
-4.8800000000e+02   1.5707981508e+00
-4.8700000000e+02   1.5707944544e+00
-4.8600000000e+02   1.5707982487e+00
-4.8500000000e+02   1.5707943541e+00
-4.8400000000e+02   1.5707983516e+00
-4.8300000000e+02   1.5707942487e+00
-4.8200000000e+02   1.5707984595e+00
-4.8100000000e+02   1.5707941382e+00
-4.8000000000e+02   1.5707985727e+00
-4.7900000000e+02   1.5707940222e+00
-4.7800000000e+02   1.5707986915e+00
-4.7700000000e+02   1.5707939005e+00
-4.7600000000e+02   1.5707988161e+00
-4.7500000000e+02   1.5707937729e+00
-4.7400000000e+02   1.5707989468e+00
-4.7300000000e+02   1.5707936391e+00
-4.7200000000e+02   1.5707990839e+00
-4.7100000000e+02   1.5707934987e+00
-4.7000000000e+02   1.5707992275e+00
-4.6900000000e+02   1.5707933517e+00
-4.6800000000e+02   1.5707993781e+00
-4.6700000000e+02   1.5707931975e+00
-4.6600000000e+02   1.5707995359e+00
-4.6500000000e+02   1.5707930360e+00
-4.6400000000e+02   1.5707997012e+00
-4.6300000000e+02   1.5707928668e+00
-4.6200000000e+02   1.5707998744e+00
-4.6100000000e+02   1.5707926895e+00
-4.6000000000e+02   1.5708000558e+00
-4.5900000000e+02   1.5707925040e+00
-4.5800000000e+02   1.5708002457e+00
-4.5700000000e+02   1.5707923096e+00
-4.5600000000e+02   1.5708004445e+00
-4.5500000000e+02   1.5707921062e+00
-4.5400000000e+02   1.5708006526e+00
-4.5300000000e+02   1.5707918934e+00
-4.5200000000e+02   1.5708008703e+00
-4.5100000000e+02   1.5707916706e+00
-4.5000000000e+02   1.5708010981e+00
-4.4900000000e+02   1.5707914376e+00
-4.4800000000e+02   1.5708013364e+00
-4.4700000000e+02   1.5707911939e+00
-4.4600000000e+02   1.5708015857e+00
-4.4500000000e+02   1.5707909391e+00
-4.4400000000e+02   1.5708018463e+00
-4.4300000000e+02   1.5707906726e+00
-4.4200000000e+02   1.5708021187e+00
-4.4100000000e+02   1.5707903941e+00
-4.4000000000e+02   1.5708024034e+00
-4.3900000000e+02   1.5707901030e+00
-4.3800000000e+02   1.5708027010e+00
-4.3700000000e+02   1.5707897988e+00
-4.3600000000e+02   1.5708030119e+00
-4.3500000000e+02   1.5707894811e+00
-4.3400000000e+02   1.5708033366e+00
-4.3300000000e+02   1.5707891492e+00
-4.3200000000e+02   1.5708036758e+00
-4.3100000000e+02   1.5707888027e+00
-4.3000000000e+02   1.5708040299e+00
-4.2900000000e+02   1.5707884408e+00
-4.2800000000e+02   1.5708043996e+00
-4.2700000000e+02   1.5707880631e+00
-4.2600000000e+02   1.5708047854e+00
-4.2500000000e+02   1.5707876690e+00
-4.2400000000e+02   1.5708051881e+00
-4.2300000000e+02   1.5707872577e+00
-4.2200000000e+02   1.5708056082e+00
-4.2100000000e+02   1.5707868286e+00
-4.2000000000e+02   1.5708060464e+00
-4.1900000000e+02   1.5707863811e+00
-4.1800000000e+02   1.5708065034e+00
-4.1700000000e+02   1.5707859144e+00
-4.1600000000e+02   1.5708069799e+00
-4.1500000000e+02   1.5707854279e+00
-4.1400000000e+02   1.5708074767e+00
-4.1300000000e+02   1.5707849207e+00
-4.1200000000e+02   1.5708079944e+00
-4.1100000000e+02   1.5707843921e+00
-4.1000000000e+02   1.5708085340e+00
-4.0900000000e+02   1.5707838414e+00
-4.0800000000e+02   1.5708090961e+00
-4.0700000000e+02   1.5707832677e+00
-4.0600000000e+02   1.5708096817e+00
-4.0500000000e+02   1.5707826701e+00
-4.0400000000e+02   1.5708102915e+00
-4.0300000000e+02   1.5707820478e+00
-4.0200000000e+02   1.5708109265e+00
-4.0100000000e+02   1.5707813999e+00
-4.0000000000e+02   1.5708115875e+00
-3.9900000000e+02   1.5707807255e+00
-3.9800000000e+02   1.5708122756e+00
-3.9700000000e+02   1.5707800236e+00
-3.9600000000e+02   1.5708129915e+00
-3.9500000000e+02   1.5707792933e+00
-3.9400000000e+02   1.5708137364e+00
-3.9300000000e+02   1.5707785336e+00
-3.9200000000e+02   1.5708145112e+00
-3.9100000000e+02   1.5707777434e+00
-3.9000000000e+02   1.5708153171e+00
-3.8900000000e+02   1.5707769216e+00
-3.8800000000e+02   1.5708161550e+00
-3.8700000000e+02   1.5707760673e+00
-3.8600000000e+02   1.5708170260e+00
-3.8500000000e+02   1.5707751793e+00
-3.8400000000e+02   1.5708179313e+00
-3.8300000000e+02   1.5707742564e+00
-3.8200000000e+02   1.5708188721e+00
-3.8100000000e+02   1.5707732974e+00
-3.8000000000e+02   1.5708198496e+00
-3.7900000000e+02   1.5707723012e+00
-3.7800000000e+02   1.5708208649e+00
-3.7700000000e+02   1.5707712665e+00
-3.7600000000e+02   1.5708219193e+00
-3.7500000000e+02   1.5707701920e+00
-3.7400000000e+02   1.5708230142e+00
-3.7300000000e+02   1.5707690764e+00
-3.7200000000e+02   1.5708241508e+00
-3.7100000000e+02   1.5707679184e+00
-3.7000000000e+02   1.5708253305e+00
-3.6900000000e+02   1.5707667167e+00
-3.6800000000e+02   1.5708265546e+00
-3.6700000000e+02   1.5707654697e+00
-3.6600000000e+02   1.5708278247e+00
-3.6500000000e+02   1.5707641762e+00
-3.6400000000e+02   1.5708291422e+00
-3.6300000000e+02   1.5707628345e+00
-3.6200000000e+02   1.5708305085e+00
-3.6100000000e+02   1.5707614432e+00
-3.6000000000e+02   1.5708319252e+00
-3.5900000000e+02   1.5707600007e+00
-3.5800000000e+02   1.5708333938e+00
-3.5700000000e+02   1.5707585055e+00
-3.5600000000e+02   1.5708349160e+00
-3.5500000000e+02   1.5707569559e+00
-3.5400000000e+02   1.5708364934e+00
-3.5300000000e+02   1.5707553502e+00
-3.5200000000e+02   1.5708381277e+00
-3.5100000000e+02   1.5707536869e+00
-3.5000000000e+02   1.5708398205e+00
-3.4900000000e+02   1.5707519641e+00
-3.4800000000e+02   1.5708415737e+00
-3.4700000000e+02   1.5707501801e+00
-3.4600000000e+02   1.5708433890e+00
-3.4500000000e+02   1.5707483331e+00
-3.4400000000e+02   1.5708452682e+00
-3.4300000000e+02   1.5707464212e+00
-3.4200000000e+02   1.5708472132e+00
-3.4100000000e+02   1.5707444426e+00
-3.4000000000e+02   1.5708492259e+00
-3.3900000000e+02   1.5707423953e+00
-3.3800000000e+02   1.5708513083e+00
-3.3700000000e+02   1.5707402774e+00
-3.3600000000e+02   1.5708534623e+00
-3.3500000000e+02   1.5707380868e+00
-3.3400000000e+02   1.5708556899e+00
-3.3300000000e+02   1.5707358216e+00
-3.3200000000e+02   1.5708579933e+00
-3.3100000000e+02   1.5707334796e+00
-3.3000000000e+02   1.5708603744e+00
-3.2900000000e+02   1.5707310588e+00
-3.2800000000e+02   1.5708628354e+00
-3.2700000000e+02   1.5707285570e+00
-3.2600000000e+02   1.5708653786e+00
-3.2500000000e+02   1.5707259719e+00
-3.2400000000e+02   1.5708680061e+00
-3.2300000000e+02   1.5707233015e+00
-3.2200000000e+02   1.5708707201e+00
-3.2100000000e+02   1.5707205433e+00
-3.2000000000e+02   1.5708735230e+00
-3.1900000000e+02   1.5707176951e+00
-3.1800000000e+02   1.5708764171e+00
-3.1700000000e+02   1.5707147545e+00
-3.1600000000e+02   1.5708794048e+00
-3.1500000000e+02   1.5707117191e+00
-3.1400000000e+02   1.5708824884e+00
-3.1300000000e+02   1.5707085866e+00
-3.1200000000e+02   1.5708856705e+00
-3.1100000000e+02   1.5707053544e+00
-3.1000000000e+02   1.5708889534e+00
-3.0900000000e+02   1.5707020201e+00
-3.0800000000e+02   1.5708923398e+00
-3.0700000000e+02   1.5706985810e+00
-3.0600000000e+02   1.5708958321e+00
-3.0500000000e+02   1.5706950347e+00
-3.0400000000e+02   1.5708994331e+00
-3.0300000000e+02   1.5706913785e+00
-3.0200000000e+02   1.5709031452e+00
-3.0100000000e+02   1.5706876098e+00
-3.0000000000e+02   1.5709069712e+00
-2.9900000000e+02   1.5706837258e+00
-2.9800000000e+02   1.5709109139e+00
-2.9700000000e+02   1.5706797239e+00
-2.9600000000e+02   1.5709149758e+00
-2.9500000000e+02   1.5706756012e+00
-2.9400000000e+02   1.5709191598e+00
-2.9300000000e+02   1.5706713551e+00
-2.9200000000e+02   1.5709234688e+00
-2.9100000000e+02   1.5706669826e+00
-2.9000000000e+02   1.5709279055e+00
-2.8900000000e+02   1.5706624810e+00
-2.8800000000e+02   1.5709324728e+00
-2.8700000000e+02   1.5706578473e+00
-2.8600000000e+02   1.5709371736e+00
-2.8500000000e+02   1.5706530786e+00
-2.8400000000e+02   1.5709420109e+00
-2.8300000000e+02   1.5706481720e+00
-2.8200000000e+02   1.5709469876e+00
-2.8100000000e+02   1.5706431244e+00
-2.8000000000e+02   1.5709521067e+00
-2.7900000000e+02   1.5706379329e+00
-2.7800000000e+02   1.5709573713e+00
-2.7700000000e+02   1.5706325945e+00
-2.7600000000e+02   1.5709627844e+00
-2.7500000000e+02   1.5706271061e+00
-2.7400000000e+02   1.5709683490e+00
-2.7300000000e+02   1.5706214645e+00
-2.7200000000e+02   1.5709740682e+00
-2.7100000000e+02   1.5706156667e+00
-2.7000000000e+02   1.5709799453e+00
-2.6900000000e+02   1.5706097096e+00
-2.6800000000e+02   1.5709859832e+00
-2.6700000000e+02   1.5706035900e+00
-2.6600000000e+02   1.5709921853e+00
-2.6500000000e+02   1.5705973048e+00
-2.6400000000e+02   1.5709985546e+00
-2.6300000000e+02   1.5705908507e+00
-2.6200000000e+02   1.5710050943e+00
-2.6100000000e+02   1.5705842245e+00
-2.6000000000e+02   1.5710118077e+00
-2.5900000000e+02   1.5705774230e+00
-2.5800000000e+02   1.5710186981e+00
-2.5700000000e+02   1.5705704430e+00
-2.5600000000e+02   1.5710257685e+00
-2.5500000000e+02   1.5705632812e+00
-2.5400000000e+02   1.5710330224e+00
-2.5300000000e+02   1.5705559344e+00
-2.5200000000e+02   1.5710404629e+00
-2.5100000000e+02   1.5705483994e+00
-2.5000000000e+02   1.5710480934e+00
-2.4900000000e+02   1.5705406727e+00
-2.4800000000e+02   1.5710559171e+00
-2.4700000000e+02   1.5705327512e+00
-2.4600000000e+02   1.5710639372e+00
-2.4500000000e+02   1.5705246316e+00
-2.4400000000e+02   1.5710721572e+00
-2.4300000000e+02   1.5705163105e+00
-2.4200000000e+02   1.5710805801e+00
-2.4100000000e+02   1.5705077848e+00
-2.4000000000e+02   1.5710892094e+00
-2.3900000000e+02   1.5704990511e+00
-2.3800000000e+02   1.5710980483e+00
-2.3700000000e+02   1.5704901062e+00
-2.3600000000e+02   1.5711071001e+00
-2.3500000000e+02   1.5704809468e+00
-2.3400000000e+02   1.5711163680e+00
-2.3300000000e+02   1.5704715696e+00
-2.3200000000e+02   1.5711258553e+00
-2.3100000000e+02   1.5704619714e+00
-2.3000000000e+02   1.5711355652e+00
-2.2900000000e+02   1.5704521490e+00
-2.2800000000e+02   1.5711455009e+00
-2.2700000000e+02   1.5704420992e+00
-2.2600000000e+02   1.5711556656e+00
-2.2500000000e+02   1.5704318187e+00
-2.2400000000e+02   1.5711660626e+00
-2.2300000000e+02   1.5704213045e+00
-2.2200000000e+02   1.5711766949e+00
-2.2100000000e+02   1.5704105533e+00
-2.2000000000e+02   1.5711875657e+00
-2.1900000000e+02   1.5703995621e+00
-2.1800000000e+02   1.5711986781e+00
-2.1700000000e+02   1.5703883277e+00
-2.1600000000e+02   1.5712100352e+00
-2.1500000000e+02   1.5703768472e+00
-2.1400000000e+02   1.5712216399e+00
-2.1300000000e+02   1.5703651174e+00
-2.1200000000e+02   1.5712334954e+00
-2.1100000000e+02   1.5703531355e+00
-2.1000000000e+02   1.5712456045e+00
-2.0900000000e+02   1.5703408985e+00
-2.0800000000e+02   1.5712579702e+00
-2.0700000000e+02   1.5703284035e+00
-2.0600000000e+02   1.5712705953e+00
-2.0500000000e+02   1.5703156476e+00
-2.0400000000e+02   1.5712834827e+00
-2.0300000000e+02   1.5703026280e+00
-2.0200000000e+02   1.5712966350e+00
-2.0100000000e+02   1.5702893421e+00
-2.0000000000e+02   1.5713100552e+00
-1.9900000000e+02   1.5702757871e+00
-1.9800000000e+02   1.5713237457e+00
-1.9700000000e+02   1.5702619605e+00
-1.9600000000e+02   1.5713377091e+00
-1.9500000000e+02   1.5702478595e+00
-1.9400000000e+02   1.5713519481e+00
-1.9300000000e+02   1.5702334819e+00
-1.9200000000e+02   1.5713664651e+00
-1.9100000000e+02   1.5702188250e+00
-1.9000000000e+02   1.5713812624e+00
-1.8900000000e+02   1.5702038866e+00
-1.8800000000e+02   1.5713963424e+00
-1.8700000000e+02   1.5701886644e+00
-1.8600000000e+02   1.5714117074e+00
-1.8500000000e+02   1.5701731562e+00
-1.8400000000e+02   1.5714273594e+00
-1.8300000000e+02   1.5701573599e+00
-1.8200000000e+02   1.5714433005e+00
-1.8100000000e+02   1.5701412735e+00
-1.8000000000e+02   1.5714595328e+00
-1.7900000000e+02   1.5701248949e+00
-1.7800000000e+02   1.5714760581e+00
-1.7700000000e+02   1.5701082224e+00
-1.7600000000e+02   1.5714928782e+00
-1.7500000000e+02   1.5700912542e+00
-1.7400000000e+02   1.5715099949e+00
-1.7300000000e+02   1.5700739886e+00
-1.7200000000e+02   1.5715274097e+00
-1.7100000000e+02   1.5700564242e+00
-1.7000000000e+02   1.5715451242e+00
-1.6900000000e+02   1.5700385594e+00
-1.6800000000e+02   1.5715631396e+00
-1.6700000000e+02   1.5700203930e+00
-1.6600000000e+02   1.5715814574e+00
-1.6500000000e+02   1.5700019236e+00
-1.6400000000e+02   1.5716000786e+00
-1.6300000000e+02   1.5699831503e+00
-1.6200000000e+02   1.5716190043e+00
-1.6100000000e+02   1.5699640719e+00
-1.6000000000e+02   1.5716382354e+00
-1.5900000000e+02   1.5699446878e+00
-1.5800000000e+02   1.5716577728e+00
-1.5700000000e+02   1.5699249971e+00
-1.5600000000e+02   1.5716776170e+00
-1.5500000000e+02   1.5699049992e+00
-1.5400000000e+02   1.5716977687e+00
-1.5300000000e+02   1.5698846937e+00
-1.5200000000e+02   1.5717182281e+00
-1.5100000000e+02   1.5698640802e+00
-1.5000000000e+02   1.5717389956e+00
-1.4900000000e+02   1.5698431586e+00
-1.4800000000e+02   1.5717600713e+00
-1.4700000000e+02   1.5698219288e+00
-1.4600000000e+02   1.5717814552e+00
-1.4500000000e+02   1.5698003910e+00
-1.4400000000e+02   1.5718031470e+00
-1.4300000000e+02   1.5697785453e+00
-1.4200000000e+02   1.5718251464e+00
-1.4100000000e+02   1.5697563923e+00
-1.4000000000e+02   1.5718474529e+00
-1.3900000000e+02   1.5697339324e+00
-1.3800000000e+02   1.5718700660e+00
-1.3700000000e+02   1.5697111664e+00
-1.3600000000e+02   1.5718929846e+00
-1.3500000000e+02   1.5696880953e+00
-1.3400000000e+02   1.5719162080e+00
-1.3300000000e+02   1.5696647201e+00
-1.3200000000e+02   1.5719397348e+00
-1.3100000000e+02   1.5696410420e+00
-1.3000000000e+02   1.5719635638e+00
-1.2900000000e+02   1.5696170624e+00
-1.2800000000e+02   1.5719876935e+00
-1.2700000000e+02   1.5695927830e+00
-1.2600000000e+02   1.5720121222e+00
-1.2500000000e+02   1.5695682055e+00
-1.2400000000e+02   1.5720368480e+00
-1.2300000000e+02   1.5695433319e+00
-1.2200000000e+02   1.5720618688e+00
-1.2100000000e+02   1.5695181644e+00
-1.2000000000e+02   1.5720871825e+00
-1.1900000000e+02   1.5694927053e+00
-1.1800000000e+02   1.5721127865e+00
-1.1700000000e+02   1.5694669571e+00
-1.1600000000e+02   1.5721386782e+00
-1.1500000000e+02   1.5694409225e+00
-1.1400000000e+02   1.5721648548e+00
-1.1300000000e+02   1.5694146045e+00
-1.1200000000e+02   1.5721913133e+00
-1.1100000000e+02   1.5693880063e+00
-1.1000000000e+02   1.5722180505e+00
-1.0900000000e+02   1.5693611311e+00
-1.0800000000e+02   1.5722450628e+00
-1.0700000000e+02   1.5693339826e+00
-1.0600000000e+02   1.5722723466e+00
-1.0500000000e+02   1.5693065644e+00
-1.0400000000e+02   1.5722998981e+00
-1.0300000000e+02   1.5692788806e+00
-1.0200000000e+02   1.5723277132e+00
-1.0100000000e+02   1.5692509353e+00
-1.0000000000e+02   1.5723557876e+00
-9.9000000000e+01   1.5692227329e+00
-9.8000000000e+01   1.5723841168e+00
-9.7000000000e+01   1.5691942781e+00
-9.6000000000e+01   1.5724126961e+00
-9.5000000000e+01   1.5691655757e+00
-9.4000000000e+01   1.5724415204e+00
-9.3000000000e+01   1.5691366307e+00
-9.2000000000e+01   1.5724705846e+00
-9.1000000000e+01   1.5691074485e+00
-9.0000000000e+01   1.5724998834e+00
-8.9000000000e+01   1.5690780346e+00
-8.8000000000e+01   1.5725294111e+00
-8.7000000000e+01   1.5690483947e+00
-8.6000000000e+01   1.5725591618e+00
-8.5000000000e+01   1.5690185347e+00
-8.4000000000e+01   1.5725891294e+00
-8.3000000000e+01   1.5689884610e+00
-8.2000000000e+01   1.5726193076e+00
-8.1000000000e+01   1.5689581799e+00
-8.0000000000e+01   1.5726496899e+00
-7.9000000000e+01   1.5689276981e+00
-7.8000000000e+01   1.5726802695e+00
-7.7000000000e+01   1.5688970225e+00
-7.6000000000e+01   1.5727110394e+00
-7.5000000000e+01   1.5688661602e+00
-7.4000000000e+01   1.5727419922e+00
-7.3000000000e+01   1.5688351187e+00
-7.2000000000e+01   1.5727731206e+00
-7.1000000000e+01   1.5688039054e+00
-7.0000000000e+01   1.5728044167e+00
-6.9000000000e+01   1.5687725283e+00
-6.8000000000e+01   1.5728358727e+00
-6.7000000000e+01   1.5687409955e+00
-6.6000000000e+01   1.5728674804e+00
-6.5000000000e+01   1.5687093152e+00
-6.4000000000e+01   1.5728992312e+00
-6.3000000000e+01   1.5686774959e+00
-6.2000000000e+01   1.5729311166e+00
-6.1000000000e+01   1.5686455466e+00
-6.0000000000e+01   1.5729631277e+00
-5.9000000000e+01   1.5686134761e+00
-5.8000000000e+01   1.5729952553e+00
-5.7000000000e+01   1.5685812937e+00
-5.6000000000e+01   1.5730274901e+00
-5.5000000000e+01   1.5685490088e+00
-5.4000000000e+01   1.5730598225e+00
-5.3000000000e+01   1.5685166313e+00
-5.2000000000e+01   1.5730922427e+00
-5.1000000000e+01   1.5684841709e+00
-5.0000000000e+01   1.5731247407e+00
-4.9000000000e+01   1.5684516379e+00
-4.8000000000e+01   1.5731573062e+00
-4.7000000000e+01   1.5684190426e+00
-4.6000000000e+01   1.5731899287e+00
-4.5000000000e+01   1.5683863956e+00
-4.4000000000e+01   1.5732225976e+00
-4.3000000000e+01   1.5683537076e+00
-4.2000000000e+01   1.5732553019e+00
-4.1000000000e+01   1.5683209897e+00
-4.0000000000e+01   1.5732880305e+00
-3.9000000000e+01   1.5682882531e+00
-3.8000000000e+01   1.5733207722e+00
-3.7000000000e+01   1.5682555093e+00
-3.6000000000e+01   1.5733535153e+00
-3.5000000000e+01   1.5682227698e+00
-3.4000000000e+01   1.5733862483e+00
-3.3000000000e+01   1.5681900464e+00
-3.2000000000e+01   1.5734189591e+00
-3.1000000000e+01   1.5681573512e+00
-3.0000000000e+01   1.5734516356e+00
-2.9000000000e+01   1.5681246963e+00
-2.8000000000e+01   1.5734842657e+00
-2.7000000000e+01   1.5680920942e+00
-2.6000000000e+01   1.5735168368e+00
-2.5000000000e+01   1.5680595573e+00
-2.4000000000e+01   1.5735493364e+00
-2.3000000000e+01   1.5680270983e+00
-2.2000000000e+01   1.5735817515e+00
-2.1000000000e+01   1.5679947302e+00
-2.0000000000e+01   1.5736140694e+00
-1.9000000000e+01   1.5679624658e+00
-1.8000000000e+01   1.5736462769e+00
-1.7000000000e+01   1.5679303185e+00
-1.6000000000e+01   1.5736783607e+00
-1.5000000000e+01   1.5678983015e+00
-1.4000000000e+01   1.5737103075e+00
-1.3000000000e+01   1.5678664282e+00
-1.2000000000e+01   1.5737421039e+00
-1.1000000000e+01   1.5678347122e+00
-1.0000000000e+01   1.5737737361e+00
-9.0000000000e+00   1.5678031671e+00
-8.0000000000e+00   1.5738051906e+00
-7.0000000000e+00   1.5677718068e+00
-6.0000000000e+00   1.5738364534e+00
-5.0000000000e+00   1.5677406450e+00
-4.0000000000e+00   1.5738675107e+00
-3.0000000000e+00   1.5677096957e+00
-2.0000000000e+00   1.5738983484e+00
-1.0000000000e+00   1.5676789730e+00
0.0000000000e+00   1.5676789730e+00
1.0000000000e+00   1.5738983484e+00
2.0000000000e+00   1.5677096957e+00
3.0000000000e+00   1.5738675107e+00
4.0000000000e+00   1.5677406450e+00
5.0000000000e+00   1.5738364534e+00
6.0000000000e+00   1.5677718068e+00
7.0000000000e+00   1.5738051906e+00
8.0000000000e+00   1.5678031671e+00
9.0000000000e+00   1.5737737361e+00
1.0000000000e+01   1.5678347122e+00
1.1000000000e+01   1.5737421039e+00
1.2000000000e+01   1.5678664282e+00
1.3000000000e+01   1.5737103075e+00
1.4000000000e+01   1.5678983015e+00
1.5000000000e+01   1.5736783607e+00
1.6000000000e+01   1.5679303185e+00
1.7000000000e+01   1.5736462769e+00
1.8000000000e+01   1.5679624658e+00
1.9000000000e+01   1.5736140694e+00
2.0000000000e+01   1.5679947302e+00
2.1000000000e+01   1.5735817515e+00
2.2000000000e+01   1.5680270983e+00
2.3000000000e+01   1.5735493364e+00
2.4000000000e+01   1.5680595573e+00
2.5000000000e+01   1.5735168368e+00
2.6000000000e+01   1.5680920942e+00
2.7000000000e+01   1.5734842657e+00
2.8000000000e+01   1.5681246963e+00
2.9000000000e+01   1.5734516356e+00
3.0000000000e+01   1.5681573512e+00
3.1000000000e+01   1.5734189591e+00
3.2000000000e+01   1.5681900464e+00
3.3000000000e+01   1.5733862483e+00
3.4000000000e+01   1.5682227698e+00
3.5000000000e+01   1.5733535153e+00
3.6000000000e+01   1.5682555093e+00
3.7000000000e+01   1.5733207722e+00
3.8000000000e+01   1.5682882531e+00
3.9000000000e+01   1.5732880305e+00
4.0000000000e+01   1.5683209897e+00
4.1000000000e+01   1.5732553019e+00
4.2000000000e+01   1.5683537076e+00
4.3000000000e+01   1.5732225976e+00
4.4000000000e+01   1.5683863956e+00
4.5000000000e+01   1.5731899287e+00
4.6000000000e+01   1.5684190426e+00
4.7000000000e+01   1.5731573062e+00
4.8000000000e+01   1.5684516379e+00
4.9000000000e+01   1.5731247407e+00
5.0000000000e+01   1.5684841709e+00
5.1000000000e+01   1.5730922427e+00
5.2000000000e+01   1.5685166313e+00
5.3000000000e+01   1.5730598225e+00
5.4000000000e+01   1.5685490088e+00
5.5000000000e+01   1.5730274901e+00
5.6000000000e+01   1.5685812937e+00
5.7000000000e+01   1.5729952553e+00
5.8000000000e+01   1.5686134761e+00
5.9000000000e+01   1.5729631277e+00
6.0000000000e+01   1.5686455466e+00
6.1000000000e+01   1.5729311166e+00
6.2000000000e+01   1.5686774959e+00
6.3000000000e+01   1.5728992312e+00
6.4000000000e+01   1.5687093152e+00
6.5000000000e+01   1.5728674804e+00
6.6000000000e+01   1.5687409955e+00
6.7000000000e+01   1.5728358727e+00
6.8000000000e+01   1.5687725283e+00
6.9000000000e+01   1.5728044167e+00
7.0000000000e+01   1.5688039054e+00
7.1000000000e+01   1.5727731206e+00
7.2000000000e+01   1.5688351187e+00
7.3000000000e+01   1.5727419922e+00
7.4000000000e+01   1.5688661602e+00
7.5000000000e+01   1.5727110394e+00
7.6000000000e+01   1.5688970225e+00
7.7000000000e+01   1.5726802695e+00
7.8000000000e+01   1.5689276981e+00
7.9000000000e+01   1.5726496899e+00
8.0000000000e+01   1.5689581799e+00
8.1000000000e+01   1.5726193076e+00
8.2000000000e+01   1.5689884610e+00
8.3000000000e+01   1.5725891294e+00
8.4000000000e+01   1.5690185347e+00
8.5000000000e+01   1.5725591618e+00
8.6000000000e+01   1.5690483947e+00
8.7000000000e+01   1.5725294111e+00
8.8000000000e+01   1.5690780346e+00
8.9000000000e+01   1.5724998834e+00
9.0000000000e+01   1.5691074485e+00
9.1000000000e+01   1.5724705846e+00
9.2000000000e+01   1.5691366307e+00
9.3000000000e+01   1.5724415204e+00
9.4000000000e+01   1.5691655757e+00
9.5000000000e+01   1.5724126961e+00
9.6000000000e+01   1.5691942781e+00
9.7000000000e+01   1.5723841168e+00
9.8000000000e+01   1.5692227329e+00
9.9000000000e+01   1.5723557876e+00
1.0000000000e+02   1.5692509353e+00
1.0100000000e+02   1.5723277132e+00
1.0200000000e+02   1.5692788806e+00
1.0300000000e+02   1.5722998981e+00
1.0400000000e+02   1.5693065644e+00
1.0500000000e+02   1.5722723466e+00
1.0600000000e+02   1.5693339826e+00
1.0700000000e+02   1.5722450628e+00
1.0800000000e+02   1.5693611311e+00
1.0900000000e+02   1.5722180505e+00
1.1000000000e+02   1.5693880063e+00
1.1100000000e+02   1.5721913133e+00
1.1200000000e+02   1.5694146045e+00
1.1300000000e+02   1.5721648548e+00
1.1400000000e+02   1.5694409225e+00
1.1500000000e+02   1.5721386782e+00
1.1600000000e+02   1.5694669571e+00
1.1700000000e+02   1.5721127865e+00
1.1800000000e+02   1.5694927053e+00
1.1900000000e+02   1.5720871825e+00
1.2000000000e+02   1.5695181644e+00
1.2100000000e+02   1.5720618688e+00
1.2200000000e+02   1.5695433319e+00
1.2300000000e+02   1.5720368480e+00
1.2400000000e+02   1.5695682055e+00
1.2500000000e+02   1.5720121222e+00
1.2600000000e+02   1.5695927830e+00
1.2700000000e+02   1.5719876935e+00
1.2800000000e+02   1.5696170624e+00
1.2900000000e+02   1.5719635638e+00
1.3000000000e+02   1.5696410420e+00
1.3100000000e+02   1.5719397348e+00
1.3200000000e+02   1.5696647201e+00
1.3300000000e+02   1.5719162080e+00
1.3400000000e+02   1.5696880953e+00
1.3500000000e+02   1.5718929846e+00
1.3600000000e+02   1.5697111664e+00
1.3700000000e+02   1.5718700660e+00
1.3800000000e+02   1.5697339324e+00
1.3900000000e+02   1.5718474529e+00
1.4000000000e+02   1.5697563923e+00
1.4100000000e+02   1.5718251464e+00
1.4200000000e+02   1.5697785453e+00
1.4300000000e+02   1.5718031470e+00
1.4400000000e+02   1.5698003910e+00
1.4500000000e+02   1.5717814552e+00
1.4600000000e+02   1.5698219288e+00
1.4700000000e+02   1.5717600713e+00
1.4800000000e+02   1.5698431586e+00
1.4900000000e+02   1.5717389956e+00
1.5000000000e+02   1.5698640802e+00
1.5100000000e+02   1.5717182281e+00
1.5200000000e+02   1.5698846937e+00
1.5300000000e+02   1.5716977687e+00
1.5400000000e+02   1.5699049992e+00
1.5500000000e+02   1.5716776170e+00
1.5600000000e+02   1.5699249971e+00
1.5700000000e+02   1.5716577728e+00
1.5800000000e+02   1.5699446878e+00
1.5900000000e+02   1.5716382354e+00
1.6000000000e+02   1.5699640719e+00
1.6100000000e+02   1.5716190043e+00
1.6200000000e+02   1.5699831503e+00
1.6300000000e+02   1.5716000786e+00
1.6400000000e+02   1.5700019236e+00
1.6500000000e+02   1.5715814574e+00
1.6600000000e+02   1.5700203930e+00
1.6700000000e+02   1.5715631396e+00
1.6800000000e+02   1.5700385594e+00
1.6900000000e+02   1.5715451242e+00
1.7000000000e+02   1.5700564242e+00
1.7100000000e+02   1.5715274097e+00
1.7200000000e+02   1.5700739886e+00
1.7300000000e+02   1.5715099949e+00
1.7400000000e+02   1.5700912542e+00
1.7500000000e+02   1.5714928782e+00
1.7600000000e+02   1.5701082224e+00
1.7700000000e+02   1.5714760581e+00
1.7800000000e+02   1.5701248949e+00
1.7900000000e+02   1.5714595328e+00
1.8000000000e+02   1.5701412735e+00
1.8100000000e+02   1.5714433005e+00
1.8200000000e+02   1.5701573599e+00
1.8300000000e+02   1.5714273594e+00
1.8400000000e+02   1.5701731562e+00
1.8500000000e+02   1.5714117074e+00
1.8600000000e+02   1.5701886644e+00
1.8700000000e+02   1.5713963424e+00
1.8800000000e+02   1.5702038866e+00
1.8900000000e+02   1.5713812624e+00
1.9000000000e+02   1.5702188250e+00
1.9100000000e+02   1.5713664651e+00
1.9200000000e+02   1.5702334819e+00
1.9300000000e+02   1.5713519481e+00
1.9400000000e+02   1.5702478595e+00
1.9500000000e+02   1.5713377091e+00
1.9600000000e+02   1.5702619605e+00
1.9700000000e+02   1.5713237457e+00
1.9800000000e+02   1.5702757871e+00
1.9900000000e+02   1.5713100552e+00
2.0000000000e+02   1.5702893421e+00
2.0100000000e+02   1.5712966350e+00
2.0200000000e+02   1.5703026280e+00
2.0300000000e+02   1.5712834827e+00
2.0400000000e+02   1.5703156476e+00
2.0500000000e+02   1.5712705953e+00
2.0600000000e+02   1.5703284035e+00
2.0700000000e+02   1.5712579702e+00
2.0800000000e+02   1.5703408985e+00
2.0900000000e+02   1.5712456045e+00
2.1000000000e+02   1.5703531355e+00
2.1100000000e+02   1.5712334954e+00
2.1200000000e+02   1.5703651174e+00
2.1300000000e+02   1.5712216399e+00
2.1400000000e+02   1.5703768472e+00
2.1500000000e+02   1.5712100352e+00
2.1600000000e+02   1.5703883277e+00
2.1700000000e+02   1.5711986781e+00
2.1800000000e+02   1.5703995621e+00
2.1900000000e+02   1.5711875657e+00
2.2000000000e+02   1.5704105533e+00
2.2100000000e+02   1.5711766949e+00
2.2200000000e+02   1.5704213045e+00
2.2300000000e+02   1.5711660626e+00
2.2400000000e+02   1.5704318187e+00
2.2500000000e+02   1.5711556656e+00
2.2600000000e+02   1.5704420992e+00
2.2700000000e+02   1.5711455009e+00
2.2800000000e+02   1.5704521490e+00
2.2900000000e+02   1.5711355652e+00
2.3000000000e+02   1.5704619714e+00
2.3100000000e+02   1.5711258553e+00
2.3200000000e+02   1.5704715696e+00
2.3300000000e+02   1.5711163680e+00
2.3400000000e+02   1.5704809468e+00
2.3500000000e+02   1.5711071001e+00
2.3600000000e+02   1.5704901062e+00
2.3700000000e+02   1.5710980483e+00
2.3800000000e+02   1.5704990511e+00
2.3900000000e+02   1.5710892094e+00
2.4000000000e+02   1.5705077848e+00
2.4100000000e+02   1.5710805801e+00
2.4200000000e+02   1.5705163105e+00
2.4300000000e+02   1.5710721572e+00
2.4400000000e+02   1.5705246316e+00
2.4500000000e+02   1.5710639372e+00
2.4600000000e+02   1.5705327512e+00
2.4700000000e+02   1.5710559171e+00
2.4800000000e+02   1.5705406727e+00
2.4900000000e+02   1.5710480934e+00
2.5000000000e+02   1.5705483994e+00
2.5100000000e+02   1.5710404629e+00
2.5200000000e+02   1.5705559344e+00
2.5300000000e+02   1.5710330224e+00
2.5400000000e+02   1.5705632812e+00
2.5500000000e+02   1.5710257685e+00
2.5600000000e+02   1.5705704430e+00
2.5700000000e+02   1.5710186981e+00
2.5800000000e+02   1.5705774230e+00
2.5900000000e+02   1.5710118077e+00
2.6000000000e+02   1.5705842245e+00
2.6100000000e+02   1.5710050943e+00
2.6200000000e+02   1.5705908507e+00
2.6300000000e+02   1.5709985546e+00
2.6400000000e+02   1.5705973048e+00
2.6500000000e+02   1.5709921853e+00
2.6600000000e+02   1.5706035900e+00
2.6700000000e+02   1.5709859832e+00
2.6800000000e+02   1.5706097096e+00
2.6900000000e+02   1.5709799453e+00
2.7000000000e+02   1.5706156667e+00
2.7100000000e+02   1.5709740682e+00
2.7200000000e+02   1.5706214645e+00
2.7300000000e+02   1.5709683490e+00
2.7400000000e+02   1.5706271061e+00
2.7500000000e+02   1.5709627844e+00
2.7600000000e+02   1.5706325945e+00
2.7700000000e+02   1.5709573713e+00
2.7800000000e+02   1.5706379329e+00
2.7900000000e+02   1.5709521067e+00
2.8000000000e+02   1.5706431244e+00
2.8100000000e+02   1.5709469876e+00
2.8200000000e+02   1.5706481720e+00
2.8300000000e+02   1.5709420109e+00
2.8400000000e+02   1.5706530786e+00
2.8500000000e+02   1.5709371736e+00
2.8600000000e+02   1.5706578473e+00
2.8700000000e+02   1.5709324728e+00
2.8800000000e+02   1.5706624810e+00
2.8900000000e+02   1.5709279055e+00
2.9000000000e+02   1.5706669826e+00
2.9100000000e+02   1.5709234688e+00
2.9200000000e+02   1.5706713551e+00
2.9300000000e+02   1.5709191598e+00
2.9400000000e+02   1.5706756012e+00
2.9500000000e+02   1.5709149758e+00
2.9600000000e+02   1.5706797239e+00
2.9700000000e+02   1.5709109139e+00
2.9800000000e+02   1.5706837258e+00
2.9900000000e+02   1.5709069712e+00
3.0000000000e+02   1.5706876098e+00
3.0100000000e+02   1.5709031452e+00
3.0200000000e+02   1.5706913785e+00
3.0300000000e+02   1.5708994331e+00
3.0400000000e+02   1.5706950347e+00
3.0500000000e+02   1.5708958321e+00
3.0600000000e+02   1.5706985810e+00
3.0700000000e+02   1.5708923398e+00
3.0800000000e+02   1.5707020201e+00
3.0900000000e+02   1.5708889534e+00
3.1000000000e+02   1.5707053544e+00
3.1100000000e+02   1.5708856705e+00
3.1200000000e+02   1.5707085866e+00
3.1300000000e+02   1.5708824884e+00
3.1400000000e+02   1.5707117191e+00
3.1500000000e+02   1.5708794048e+00
3.1600000000e+02   1.5707147545e+00
3.1700000000e+02   1.5708764171e+00
3.1800000000e+02   1.5707176951e+00
3.1900000000e+02   1.5708735230e+00
3.2000000000e+02   1.5707205433e+00
3.2100000000e+02   1.5708707201e+00
3.2200000000e+02   1.5707233015e+00
3.2300000000e+02   1.5708680061e+00
3.2400000000e+02   1.5707259719e+00
3.2500000000e+02   1.5708653786e+00
3.2600000000e+02   1.5707285570e+00
3.2700000000e+02   1.5708628354e+00
3.2800000000e+02   1.5707310588e+00
3.2900000000e+02   1.5708603744e+00
3.3000000000e+02   1.5707334796e+00
3.3100000000e+02   1.5708579933e+00
3.3200000000e+02   1.5707358216e+00
3.3300000000e+02   1.5708556899e+00
3.3400000000e+02   1.5707380868e+00
3.3500000000e+02   1.5708534623e+00
3.3600000000e+02   1.5707402774e+00
3.3700000000e+02   1.5708513083e+00
3.3800000000e+02   1.5707423953e+00
3.3900000000e+02   1.5708492259e+00
3.4000000000e+02   1.5707444426e+00
3.4100000000e+02   1.5708472132e+00
3.4200000000e+02   1.5707464212e+00
3.4300000000e+02   1.5708452682e+00
3.4400000000e+02   1.5707483331e+00
3.4500000000e+02   1.5708433890e+00
3.4600000000e+02   1.5707501801e+00
3.4700000000e+02   1.5708415737e+00
3.4800000000e+02   1.5707519641e+00
3.4900000000e+02   1.5708398205e+00
3.5000000000e+02   1.5707536869e+00
3.5100000000e+02   1.5708381277e+00
3.5200000000e+02   1.5707553502e+00
3.5300000000e+02   1.5708364934e+00
3.5400000000e+02   1.5707569559e+00
3.5500000000e+02   1.5708349160e+00
3.5600000000e+02   1.5707585055e+00
3.5700000000e+02   1.5708333938e+00
3.5800000000e+02   1.5707600007e+00
3.5900000000e+02   1.5708319252e+00
3.6000000000e+02   1.5707614432e+00
3.6100000000e+02   1.5708305085e+00
3.6200000000e+02   1.5707628345e+00
3.6300000000e+02   1.5708291422e+00
3.6400000000e+02   1.5707641762e+00
3.6500000000e+02   1.5708278247e+00
3.6600000000e+02   1.5707654697e+00
3.6700000000e+02   1.5708265546e+00
3.6800000000e+02   1.5707667167e+00
3.6900000000e+02   1.5708253305e+00
3.7000000000e+02   1.5707679184e+00
3.7100000000e+02   1.5708241508e+00
3.7200000000e+02   1.5707690764e+00
3.7300000000e+02   1.5708230142e+00
3.7400000000e+02   1.5707701920e+00
3.7500000000e+02   1.5708219193e+00
3.7600000000e+02   1.5707712665e+00
3.7700000000e+02   1.5708208649e+00
3.7800000000e+02   1.5707723012e+00
3.7900000000e+02   1.5708198496e+00
3.8000000000e+02   1.5707732974e+00
3.8100000000e+02   1.5708188721e+00
3.8200000000e+02   1.5707742564e+00
3.8300000000e+02   1.5708179313e+00
3.8400000000e+02   1.5707751793e+00
3.8500000000e+02   1.5708170260e+00
3.8600000000e+02   1.5707760673e+00
3.8700000000e+02   1.5708161550e+00
3.8800000000e+02   1.5707769216e+00
3.8900000000e+02   1.5708153171e+00
3.9000000000e+02   1.5707777434e+00
3.9100000000e+02   1.5708145112e+00
3.9200000000e+02   1.5707785336e+00
3.9300000000e+02   1.5708137364e+00
3.9400000000e+02   1.5707792933e+00
3.9500000000e+02   1.5708129915e+00
3.9600000000e+02   1.5707800236e+00
3.9700000000e+02   1.5708122756e+00
3.9800000000e+02   1.5707807255e+00
3.9900000000e+02   1.5708115875e+00
4.0000000000e+02   1.5707813999e+00
4.0100000000e+02   1.5708109265e+00
4.0200000000e+02   1.5707820478e+00
4.0300000000e+02   1.5708102915e+00
4.0400000000e+02   1.5707826701e+00
4.0500000000e+02   1.5708096817e+00
4.0600000000e+02   1.5707832677e+00
4.0700000000e+02   1.5708090961e+00
4.0800000000e+02   1.5707838414e+00
4.0900000000e+02   1.5708085340e+00
4.1000000000e+02   1.5707843921e+00
4.1100000000e+02   1.5708079944e+00
4.1200000000e+02   1.5707849207e+00
4.1300000000e+02   1.5708074767e+00
4.1400000000e+02   1.5707854279e+00
4.1500000000e+02   1.5708069799e+00
4.1600000000e+02   1.5707859144e+00
4.1700000000e+02   1.5708065034e+00
4.1800000000e+02   1.5707863811e+00
4.1900000000e+02   1.5708060464e+00
4.2000000000e+02   1.5707868286e+00
4.2100000000e+02   1.5708056082e+00
4.2200000000e+02   1.5707872577e+00
4.2300000000e+02   1.5708051881e+00
4.2400000000e+02   1.5707876690e+00
4.2500000000e+02   1.5708047854e+00
4.2600000000e+02   1.5707880631e+00
4.2700000000e+02   1.5708043996e+00
4.2800000000e+02   1.5707884408e+00
4.2900000000e+02   1.5708040299e+00
4.3000000000e+02   1.5707888027e+00
4.3100000000e+02   1.5708036758e+00
4.3200000000e+02   1.5707891492e+00
4.3300000000e+02   1.5708033366e+00
4.3400000000e+02   1.5707894811e+00
4.3500000000e+02   1.5708030119e+00
4.3600000000e+02   1.5707897988e+00
4.3700000000e+02   1.5708027010e+00
4.3800000000e+02   1.5707901030e+00
4.3900000000e+02   1.5708024034e+00
4.4000000000e+02   1.5707903941e+00
4.4100000000e+02   1.5708021187e+00
4.4200000000e+02   1.5707906726e+00
4.4300000000e+02   1.5708018463e+00
4.4400000000e+02   1.5707909391e+00
4.4500000000e+02   1.5708015857e+00
4.4600000000e+02   1.5707911939e+00
4.4700000000e+02   1.5708013364e+00
4.4800000000e+02   1.5707914376e+00
4.4900000000e+02   1.5708010981e+00
4.5000000000e+02   1.5707916706e+00
4.5100000000e+02   1.5708008703e+00
4.5200000000e+02   1.5707918934e+00
4.5300000000e+02   1.5708006526e+00
4.5400000000e+02   1.5707921062e+00
4.5500000000e+02   1.5708004445e+00
4.5600000000e+02   1.5707923096e+00
4.5700000000e+02   1.5708002457e+00
4.5800000000e+02   1.5707925040e+00
4.5900000000e+02   1.5708000558e+00
4.6000000000e+02   1.5707926895e+00
4.6100000000e+02   1.5707998744e+00
4.6200000000e+02   1.5707928668e+00
4.6300000000e+02   1.5707997012e+00
4.6400000000e+02   1.5707930360e+00
4.6500000000e+02   1.5707995359e+00
4.6600000000e+02   1.5707931975e+00
4.6700000000e+02   1.5707993781e+00
4.6800000000e+02   1.5707933517e+00
4.6900000000e+02   1.5707992275e+00
4.7000000000e+02   1.5707934987e+00
4.7100000000e+02   1.5707990839e+00
4.7200000000e+02   1.5707936391e+00
4.7300000000e+02   1.5707989468e+00
4.7400000000e+02   1.5707937729e+00
4.7500000000e+02   1.5707988161e+00
4.7600000000e+02   1.5707939005e+00
4.7700000000e+02   1.5707986915e+00
4.7800000000e+02   1.5707940222e+00
4.7900000000e+02   1.5707985727e+00
4.8000000000e+02   1.5707941382e+00
4.8100000000e+02   1.5707984595e+00
4.8200000000e+02   1.5707942487e+00
4.8300000000e+02   1.5707983516e+00
4.8400000000e+02   1.5707943541e+00
4.8500000000e+02   1.5707982487e+00
4.8600000000e+02   1.5707944544e+00
4.8700000000e+02   1.5707981508e+00
4.8800000000e+02   1.5707945500e+00
4.8900000000e+02   1.5707980575e+00
4.9000000000e+02   1.5707946410e+00
4.9100000000e+02   1.5707979687e+00
4.9200000000e+02   1.5707947276e+00
4.9300000000e+02   1.5707978842e+00
4.9400000000e+02   1.5707948101e+00
4.9500000000e+02   1.5707978037e+00
4.9600000000e+02   1.5707948886e+00
4.9700000000e+02   1.5707977271e+00
4.9800000000e+02   1.5707949633e+00
4.9900000000e+02   1.5707976543e+00
5.0000000000e+02   1.5707950344e+00
5.0100000000e+02   1.5707975850e+00
5.0200000000e+02   1.5707951020e+00
5.0300000000e+02   1.5707975191e+00
5.0400000000e+02   1.5707951662e+00
5.0500000000e+02   1.5707974564e+00
5.0600000000e+02   1.5707952273e+00
5.0700000000e+02   1.5707973968e+00
5.0800000000e+02   1.5707952854e+00
5.0900000000e+02   1.5707973402e+00
5.1000000000e+02   1.5707953406e+00
5.1100000000e+02   1.5707972864e+00
5.1200000000e+02   1.5707953931e+00
5.1300000000e+02   1.5707972353e+00
5.1400000000e+02   1.5707954429e+00
5.1500000000e+02   1.5707971867e+00
5.1600000000e+02   1.5707954902e+00
5.1700000000e+02   1.5707971406e+00
5.1800000000e+02   1.5707955352e+00
5.1900000000e+02   1.5707970968e+00
5.2000000000e+02   1.5707955779e+00
5.2100000000e+02   1.5707970552e+00
5.2200000000e+02   1.5707956184e+00
5.2300000000e+02   1.5707970158e+00
5.2400000000e+02   1.5707956568e+00
5.2500000000e+02   1.5707969783e+00
5.2600000000e+02   1.5707956933e+00
5.2700000000e+02   1.5707969428e+00
5.2800000000e+02   1.5707957279e+00
5.2900000000e+02   1.5707969091e+00
5.3000000000e+02   1.5707957607e+00
5.3100000000e+02   1.5707968771e+00
5.3200000000e+02   1.5707957918e+00
5.3300000000e+02   1.5707968468e+00
5.3400000000e+02   1.5707958213e+00
5.3500000000e+02   1.5707968181e+00
5.3600000000e+02   1.5707958493e+00
5.3700000000e+02   1.5707967908e+00
5.3800000000e+02   1.5707958758e+00
5.3900000000e+02   1.5707967650e+00
5.4000000000e+02   1.5707959010e+00
5.4100000000e+02   1.5707967406e+00
5.4200000000e+02   1.5707959248e+00
5.4300000000e+02   1.5707967174e+00
5.4400000000e+02   1.5707959473e+00
5.4500000000e+02   1.5707966955e+00
5.4600000000e+02   1.5707959686e+00
5.4700000000e+02   1.5707966747e+00
5.4800000000e+02   1.5707959889e+00
5.4900000000e+02   1.5707966550e+00
5.5000000000e+02   1.5707960080e+00
5.5100000000e+02   1.5707966364e+00
5.5200000000e+02   1.5707960261e+00
5.5300000000e+02   1.5707966188e+00
5.5400000000e+02   1.5707960432e+00
5.5500000000e+02   1.5707966021e+00
5.5600000000e+02   1.5707960594e+00
5.5700000000e+02   1.5707965864e+00
5.5800000000e+02   1.5707960748e+00
5.5900000000e+02   1.5707965715e+00
5.6000000000e+02   1.5707960893e+00
5.6100000000e+02   1.5707965574e+00
5.6200000000e+02   1.5707961030e+00
5.6300000000e+02   1.5707965440e+00
5.6400000000e+02   1.5707961159e+00
5.6500000000e+02   1.5707965314e+00
5.6600000000e+02   1.5707961282e+00
5.6700000000e+02   1.5707965195e+00
5.6800000000e+02   1.5707961398e+00
5.6900000000e+02   1.5707965083e+00
5.7000000000e+02   1.5707961507e+00
5.7100000000e+02   1.5707964977e+00
5.7200000000e+02   1.5707961610e+00
5.7300000000e+02   1.5707964876e+00
5.7400000000e+02   1.5707961708e+00
5.7500000000e+02   1.5707964781e+00
5.7600000000e+02   1.5707961800e+00
5.7700000000e+02   1.5707964692e+00
5.7800000000e+02   1.5707961887e+00
5.7900000000e+02   1.5707964608e+00
5.8000000000e+02   1.5707961969e+00
5.8100000000e+02   1.5707964528e+00
5.8200000000e+02   1.5707962046e+00
5.8300000000e+02   1.5707964453e+00
5.8400000000e+02   1.5707962119e+00
5.8500000000e+02   1.5707964382e+00
5.8600000000e+02   1.5707962188e+00
5.8700000000e+02   1.5707964315e+00
5.8800000000e+02   1.5707962253e+00
5.8900000000e+02   1.5707964252e+00
5.9000000000e+02   1.5707962315e+00
5.9100000000e+02   1.5707964192e+00
5.9200000000e+02   1.5707962372e+00
5.9300000000e+02   1.5707964136e+00
5.9400000000e+02   1.5707962427e+00
5.9500000000e+02   1.5707964083e+00
5.9600000000e+02   1.5707962478e+00
5.9700000000e+02   1.5707964033e+00
5.9800000000e+02   1.5707962527e+00
5.9900000000e+02   1.5707963986e+00
6.0000000000e+02   1.5707962572e+00
6.0100000000e+02   1.5707963942e+00
6.0200000000e+02   1.5707962615e+00
6.0300000000e+02   1.5707963900e+00
6.0400000000e+02   1.5707962655e+00
6.0500000000e+02   1.5707963861e+00
6.0600000000e+02   1.5707962693e+00
6.0700000000e+02   1.5707963824e+00
6.0800000000e+02   1.5707962729e+00
6.0900000000e+02   1.5707963789e+00
6.1000000000e+02   1.5707962763e+00
6.1100000000e+02   1.5707963757e+00
6.1200000000e+02   1.5707962795e+00
6.1300000000e+02   1.5707963726e+00
6.1400000000e+02   1.5707962825e+00
6.1500000000e+02   1.5707963697e+00
6.1600000000e+02   1.5707962853e+00
6.1700000000e+02   1.5707963670e+00
6.1800000000e+02   1.5707962879e+00
6.1900000000e+02   1.5707963644e+00
6.2000000000e+02   1.5707962904e+00
6.2100000000e+02   1.5707963620e+00
6.2200000000e+02   1.5707962927e+00
6.2300000000e+02   1.5707963597e+00
6.2400000000e+02   1.5707962949e+00
6.2500000000e+02   1.5707963576e+00
6.2600000000e+02   1.5707962970e+00
6.2700000000e+02   1.5707963556e+00
6.2800000000e+02   1.5707962989e+00
6.2900000000e+02   1.5707963537e+00
6.3000000000e+02   1.5707963008e+00
6.3100000000e+02   1.5707963520e+00
6.3200000000e+02   1.5707963025e+00
6.3300000000e+02   1.5707963503e+00
6.3400000000e+02   1.5707963041e+00
6.3500000000e+02   1.5707963487e+00
6.3600000000e+02   1.5707963056e+00
