X    Y
-5.7200000000e+02   1.5707963271e+00
-5.7100000000e+02   1.5707963265e+00
-5.7000000000e+02   1.5707963271e+00
-5.6900000000e+02   1.5707963264e+00
-5.6800000000e+02   1.5707963272e+00
-5.6700000000e+02   1.5707963264e+00
-5.6600000000e+02   1.5707963272e+00
-5.6500000000e+02   1.5707963264e+00
-5.6400000000e+02   1.5707963273e+00
-5.6300000000e+02   1.5707963263e+00
-5.6200000000e+02   1.5707963273e+00
-5.6100000000e+02   1.5707963263e+00
-5.6000000000e+02   1.5707963274e+00
-5.5900000000e+02   1.5707963262e+00
-5.5800000000e+02   1.5707963274e+00
-5.5700000000e+02   1.5707963261e+00
-5.5600000000e+02   1.5707963275e+00
-5.5500000000e+02   1.5707963261e+00
-5.5400000000e+02   1.5707963276e+00
-5.5300000000e+02   1.5707963260e+00
-5.5200000000e+02   1.5707963276e+00
-5.5100000000e+02   1.5707963259e+00
-5.5000000000e+02   1.5707963277e+00
-5.4900000000e+02   1.5707963258e+00
-5.4800000000e+02   1.5707963278e+00
-5.4700000000e+02   1.5707963257e+00
-5.4600000000e+02   1.5707963279e+00
-5.4500000000e+02   1.5707963256e+00
-5.4400000000e+02   1.5707963281e+00
-5.4300000000e+02   1.5707963255e+00
-5.4200000000e+02   1.5707963282e+00
-5.4100000000e+02   1.5707963253e+00
-5.4000000000e+02   1.5707963284e+00
-5.3900000000e+02   1.5707963252e+00
-5.3800000000e+02   1.5707963285e+00
-5.3700000000e+02   1.5707963250e+00
-5.3600000000e+02   1.5707963287e+00
-5.3500000000e+02   1.5707963248e+00
-5.3400000000e+02   1.5707963289e+00
-5.3300000000e+02   1.5707963246e+00
-5.3200000000e+02   1.5707963291e+00
-5.3100000000e+02   1.5707963244e+00
-5.3000000000e+02   1.5707963293e+00
-5.2900000000e+02   1.5707963241e+00
-5.2800000000e+02   1.5707963296e+00
-5.2700000000e+02   1.5707963238e+00
-5.2600000000e+02   1.5707963299e+00
-5.2500000000e+02   1.5707963235e+00
-5.2400000000e+02   1.5707963302e+00
-5.2300000000e+02   1.5707963232e+00
-5.2200000000e+02   1.5707963306e+00
-5.2100000000e+02   1.5707963228e+00
-5.2000000000e+02   1.5707963309e+00
-5.1900000000e+02   1.5707963224e+00
-5.1800000000e+02   1.5707963314e+00
-5.1700000000e+02   1.5707963220e+00
-5.1600000000e+02   1.5707963318e+00
-5.1500000000e+02   1.5707963215e+00
-5.1400000000e+02   1.5707963323e+00
-5.1300000000e+02   1.5707963210e+00
-5.1200000000e+02   1.5707963329e+00
-5.1100000000e+02   1.5707963204e+00
-5.1000000000e+02   1.5707963335e+00
-5.0900000000e+02   1.5707963198e+00
-5.0800000000e+02   1.5707963341e+00
-5.0700000000e+02   1.5707963191e+00
-5.0600000000e+02   1.5707963348e+00
-5.0500000000e+02   1.5707963184e+00
-5.0400000000e+02   1.5707963356e+00
-5.0300000000e+02   1.5707963175e+00
-5.0200000000e+02   1.5707963365e+00
-5.0100000000e+02   1.5707963166e+00
-5.0000000000e+02   1.5707963374e+00
-4.9900000000e+02   1.5707963157e+00
-4.9800000000e+02   1.5707963385e+00
-4.9700000000e+02   1.5707963146e+00
-4.9600000000e+02   1.5707963396e+00
-4.9500000000e+02   1.5707963134e+00
-4.9400000000e+02   1.5707963408e+00
-4.9300000000e+02   1.5707963121e+00
-4.9200000000e+02   1.5707963422e+00
-4.9100000000e+02   1.5707963107e+00
-4.9000000000e+02   1.5707963436e+00
-4.8900000000e+02   1.5707963092e+00
-4.8800000000e+02   1.5707963452e+00
-4.8700000000e+02   1.5707963075e+00
-4.8600000000e+02   1.5707963470e+00
-4.8500000000e+02   1.5707963057e+00
-4.8400000000e+02   1.5707963489e+00
-4.8300000000e+02   1.5707963037e+00
-4.8200000000e+02   1.5707963509e+00
-4.8100000000e+02   1.5707963016e+00
-4.8000000000e+02   1.5707963532e+00
-4.7900000000e+02   1.5707962992e+00
-4.7800000000e+02   1.5707963556e+00
-4.7700000000e+02   1.5707962967e+00
-4.7600000000e+02   1.5707963583e+00
-4.7500000000e+02   1.5707962939e+00
-4.7400000000e+02   1.5707963612e+00
-4.7300000000e+02   1.5707962908e+00
-4.7200000000e+02   1.5707963644e+00
-4.7100000000e+02   1.5707962875e+00
-4.7000000000e+02   1.5707963678e+00
-4.6900000000e+02   1.5707962839e+00
-4.6800000000e+02   1.5707963716e+00
-4.6700000000e+02   1.5707962800e+00
-4.6600000000e+02   1.5707963756e+00
-4.6500000000e+02   1.5707962758e+00
-4.6400000000e+02   1.5707963800e+00
-4.6300000000e+02   1.5707962712e+00
-4.6200000000e+02   1.5707963848e+00
-4.6100000000e+02   1.5707962662e+00
-4.6000000000e+02   1.5707963900e+00
-4.5900000000e+02   1.5707962608e+00
-4.5800000000e+02   1.5707963957e+00
-4.5700000000e+02   1.5707962549e+00
-4.5600000000e+02   1.5707964018e+00
-4.5500000000e+02   1.5707962485e+00
-4.5400000000e+02   1.5707964084e+00
-4.5300000000e+02   1.5707962416e+00
-4.5200000000e+02   1.5707964156e+00
-4.5100000000e+02   1.5707962341e+00
-4.5000000000e+02   1.5707964234e+00
-4.4900000000e+02   1.5707962260e+00
-4.4800000000e+02   1.5707964319e+00
-4.4700000000e+02   1.5707962172e+00
-4.4600000000e+02   1.5707964410e+00
-4.4500000000e+02   1.5707962077e+00
-4.4400000000e+02   1.5707964510e+00
-4.4300000000e+02   1.5707961974e+00
-4.4200000000e+02   1.5707964617e+00
-4.4100000000e+02   1.5707961862e+00
-4.4000000000e+02   1.5707964733e+00
-4.3900000000e+02   1.5707961742e+00
-4.3800000000e+02   1.5707964858e+00
-4.3700000000e+02   1.5707961611e+00
-4.3600000000e+02   1.5707964994e+00
-4.3500000000e+02   1.5707961470e+00
-4.3400000000e+02   1.5707965140e+00
-4.3300000000e+02   1.5707961318e+00
-4.3200000000e+02   1.5707965298e+00
-4.3100000000e+02   1.5707961154e+00
-4.3000000000e+02   1.5707965469e+00
-4.2900000000e+02   1.5707960976e+00
-4.2800000000e+02   1.5707965653e+00
-4.2700000000e+02   1.5707960785e+00
-4.2600000000e+02   1.5707965852e+00
-4.2500000000e+02   1.5707960578e+00
-4.2400000000e+02   1.5707966067e+00
-4.2300000000e+02   1.5707960355e+00
-4.2200000000e+02   1.5707966298e+00
-4.2100000000e+02   1.5707960115e+00
-4.2000000000e+02   1.5707966548e+00
-4.1900000000e+02   1.5707959856e+00
-4.1800000000e+02   1.5707966816e+00
-4.1700000000e+02   1.5707959577e+00
-4.1600000000e+02   1.5707967106e+00
-4.1500000000e+02   1.5707959277e+00
-4.1400000000e+02   1.5707967418e+00
-4.1300000000e+02   1.5707958954e+00
-4.1200000000e+02   1.5707967753e+00
-4.1100000000e+02   1.5707958606e+00
-4.1000000000e+02   1.5707968114e+00
-4.0900000000e+02   1.5707958231e+00
-4.0800000000e+02   1.5707968502e+00
-4.0700000000e+02   1.5707957829e+00
-4.0600000000e+02   1.5707968920e+00
-4.0500000000e+02   1.5707957396e+00
-4.0400000000e+02   1.5707969368e+00
-4.0300000000e+02   1.5707956931e+00
-4.0200000000e+02   1.5707969850e+00
-4.0100000000e+02   1.5707956431e+00
-4.0000000000e+02   1.5707970368e+00
-3.9900000000e+02   1.5707955895e+00
-3.9800000000e+02   1.5707970924e+00
-3.9700000000e+02   1.5707955319e+00
-3.9600000000e+02   1.5707971520e+00
-3.9500000000e+02   1.5707954701e+00
-3.9400000000e+02   1.5707972160e+00
-3.9300000000e+02   1.5707954038e+00
-3.9200000000e+02   1.5707972847e+00
-3.9100000000e+02   1.5707953327e+00
-3.9000000000e+02   1.5707973583e+00
-3.8900000000e+02   1.5707952565e+00
-3.8800000000e+02   1.5707974372e+00
-3.8700000000e+02   1.5707951749e+00
-3.8600000000e+02   1.5707975217e+00
-3.8500000000e+02   1.5707950874e+00
-3.8400000000e+02   1.5707976122e+00
-3.8300000000e+02   1.5707949938e+00
-3.8200000000e+02   1.5707977091e+00
-3.8100000000e+02   1.5707948935e+00
-3.8000000000e+02   1.5707978128e+00
-3.7900000000e+02   1.5707947862e+00
-3.7800000000e+02   1.5707979238e+00
-3.7700000000e+02   1.5707946715e+00
-3.7600000000e+02   1.5707980425e+00
-3.7500000000e+02   1.5707945487e+00
-3.7400000000e+02   1.5707981693e+00
-3.7300000000e+02   1.5707944176e+00
-3.7200000000e+02   1.5707983049e+00
-3.7100000000e+02   1.5707942774e+00
-3.7000000000e+02   1.5707984498e+00
-3.6900000000e+02   1.5707941277e+00
-3.6800000000e+02   1.5707986045e+00
-3.6700000000e+02   1.5707939679e+00
-3.6600000000e+02   1.5707987697e+00
-3.6500000000e+02   1.5707937972e+00
-3.6400000000e+02   1.5707989459e+00
-3.6300000000e+02   1.5707936152e+00
-3.6200000000e+02   1.5707991340e+00
-3.6100000000e+02   1.5707934210e+00
-3.6000000000e+02   1.5707993345e+00
-3.5900000000e+02   1.5707932139e+00
-3.5800000000e+02   1.5707995483e+00
-3.5700000000e+02   1.5707929932e+00
-3.5600000000e+02   1.5707997761e+00
-3.5500000000e+02   1.5707927581e+00
-3.5400000000e+02   1.5708000188e+00
-3.5300000000e+02   1.5707925076e+00
-3.5200000000e+02   1.5708002773e+00
-3.5100000000e+02   1.5707922409e+00
-3.5000000000e+02   1.5708005524e+00
-3.4900000000e+02   1.5707919570e+00
-3.4800000000e+02   1.5708008452e+00
-3.4700000000e+02   1.5707916550e+00
-3.4600000000e+02   1.5708011567e+00
-3.4500000000e+02   1.5707913338e+00
-3.4400000000e+02   1.5708014880e+00
-3.4300000000e+02   1.5707909922e+00
-3.4200000000e+02   1.5708018401e+00
-3.4100000000e+02   1.5707906292e+00
-3.4000000000e+02   1.5708022143e+00
-3.3900000000e+02   1.5707902435e+00
-3.3800000000e+02   1.5708026118e+00
-3.3700000000e+02   1.5707898338e+00
-3.3600000000e+02   1.5708030340e+00
-3.3500000000e+02   1.5707893989e+00
-3.3400000000e+02   1.5708034821e+00
-3.3300000000e+02   1.5707889373e+00
-3.3200000000e+02   1.5708039576e+00
-3.3100000000e+02   1.5707884475e+00
-3.3000000000e+02   1.5708044620e+00
-3.2900000000e+02   1.5707879281e+00
-3.2800000000e+02   1.5708049969e+00
-3.2700000000e+02   1.5707873773e+00
-3.2600000000e+02   1.5708055639e+00
-3.2500000000e+02   1.5707867937e+00
-3.2400000000e+02   1.5708061647e+00
-3.2300000000e+02   1.5707861753e+00
-3.2200000000e+02   1.5708068011e+00
-3.2100000000e+02   1.5707855203e+00
-3.2000000000e+02   1.5708074750e+00
-3.1900000000e+02   1.5707848269e+00
-3.1800000000e+02   1.5708081884e+00
-3.1700000000e+02   1.5707840931e+00
-3.1600000000e+02   1.5708089432e+00
-3.1500000000e+02   1.5707833167e+00
-3.1400000000e+02   1.5708097417e+00
-3.1300000000e+02   1.5707824957e+00
-3.1200000000e+02   1.5708105859e+00
-3.1100000000e+02   1.5707816276e+00
-3.1000000000e+02   1.5708114784e+00
-3.0900000000e+02   1.5707807102e+00
-3.0800000000e+02   1.5708124213e+00
-3.0700000000e+02   1.5707797410e+00
-3.0600000000e+02   1.5708134174e+00
-3.0500000000e+02   1.5707787175e+00
-3.0400000000e+02   1.5708144691e+00
-3.0300000000e+02   1.5707776369e+00
-3.0200000000e+02   1.5708155792e+00
-3.0100000000e+02   1.5707764966e+00
-3.0000000000e+02   1.5708167505e+00
-2.9900000000e+02   1.5707752935e+00
-2.9800000000e+02   1.5708179860e+00
-2.9700000000e+02   1.5707740248e+00
-2.9600000000e+02   1.5708192887e+00
-2.9500000000e+02   1.5707726873e+00
-2.9400000000e+02   1.5708206618e+00
-2.9300000000e+02   1.5707712779e+00
-2.9200000000e+02   1.5708221085e+00
-2.9100000000e+02   1.5707697930e+00
-2.9000000000e+02   1.5708236323e+00
-2.8900000000e+02   1.5707682293e+00
-2.8800000000e+02   1.5708252368e+00
-2.8700000000e+02   1.5707665833e+00
-2.8600000000e+02   1.5708269255e+00
-2.8500000000e+02   1.5707648510e+00
-2.8400000000e+02   1.5708287022e+00
-2.8300000000e+02   1.5707630287e+00
-2.8200000000e+02   1.5708305710e+00
-2.8100000000e+02   1.5707611124e+00
-2.8000000000e+02   1.5708325358e+00
-2.7900000000e+02   1.5707590980e+00
-2.7800000000e+02   1.5708346009e+00
-2.7700000000e+02   1.5707569811e+00
-2.7600000000e+02   1.5708367707e+00
-2.7500000000e+02   1.5707547574e+00
-2.7400000000e+02   1.5708390495e+00
-2.7300000000e+02   1.5707524223e+00
-2.7200000000e+02   1.5708414421e+00
-2.7100000000e+02   1.5707499711e+00
-2.7000000000e+02   1.5708439532e+00
-2.6900000000e+02   1.5707473989e+00
-2.6800000000e+02   1.5708465878e+00
-2.6700000000e+02   1.5707447007e+00
-2.6600000000e+02   1.5708493509e+00
-2.6500000000e+02   1.5707418713e+00
-2.6400000000e+02   1.5708522478e+00
-2.6300000000e+02   1.5707389055e+00
-2.6200000000e+02   1.5708552839e+00
-2.6100000000e+02   1.5707357977e+00
-2.6000000000e+02   1.5708584648e+00
-2.5900000000e+02   1.5707325423e+00
-2.5800000000e+02   1.5708617961e+00
-2.5700000000e+02   1.5707291335e+00
-2.5600000000e+02   1.5708652838e+00
-2.5500000000e+02   1.5707255654e+00
-2.5400000000e+02   1.5708689339e+00
-2.5300000000e+02   1.5707218318e+00
-2.5200000000e+02   1.5708727526e+00
-2.5100000000e+02   1.5707179265e+00
-2.5000000000e+02   1.5708767462e+00
-2.4900000000e+02   1.5707138429e+00
-2.4800000000e+02   1.5708809213e+00
-2.4700000000e+02   1.5707095745e+00
-2.4600000000e+02   1.5708852847e+00
-2.4500000000e+02   1.5707051146e+00
-2.4400000000e+02   1.5708898430e+00
-2.4300000000e+02   1.5707004560e+00
-2.4200000000e+02   1.5708946035e+00
-2.4100000000e+02   1.5706955919e+00
-2.4000000000e+02   1.5708995732e+00
-2.3900000000e+02   1.5706905147e+00
-2.3800000000e+02   1.5709047596e+00
-2.3700000000e+02   1.5706852173e+00
-2.3600000000e+02   1.5709101701e+00
-2.3500000000e+02   1.5706796918e+00
-2.3400000000e+02   1.5709158124e+00
-2.3300000000e+02   1.5706739306e+00
-2.3200000000e+02   1.5709216944e+00
-2.3100000000e+02   1.5706679258e+00
-2.3000000000e+02   1.5709278241e+00
-2.2900000000e+02   1.5706616693e+00
-2.2800000000e+02   1.5709342096e+00
-2.2700000000e+02   1.5706551528e+00
-2.2600000000e+02   1.5709408592e+00
-2.2500000000e+02   1.5706483679e+00
-2.2400000000e+02   1.5709477814e+00
-2.2300000000e+02   1.5706413061e+00
-2.2200000000e+02   1.5709549849e+00
-2.2100000000e+02   1.5706339588e+00
-2.2000000000e+02   1.5709624783e+00
-2.1900000000e+02   1.5706263171e+00
-2.1800000000e+02   1.5709702706e+00
-2.1700000000e+02   1.5706183720e+00
-2.1600000000e+02   1.5709783708e+00
-2.1500000000e+02   1.5706101144e+00
-2.1400000000e+02   1.5709867880e+00
-2.1300000000e+02   1.5706015351e+00
-2.1200000000e+02   1.5709955317e+00
-2.1100000000e+02   1.5705926247e+00
-2.1000000000e+02   1.5710046111e+00
-2.0900000000e+02   1.5705833738e+00
-2.0800000000e+02   1.5710140359e+00
-2.0700000000e+02   1.5705737728e+00
-2.0600000000e+02   1.5710238157e+00
-2.0500000000e+02   1.5705638118e+00
-2.0400000000e+02   1.5710339602e+00
-2.0300000000e+02   1.5705534812e+00
-2.0200000000e+02   1.5710444793e+00
-2.0100000000e+02   1.5705427711e+00
-2.0000000000e+02   1.5710553830e+00
-1.9900000000e+02   1.5705316714e+00
-1.9800000000e+02   1.5710666813e+00
-1.9700000000e+02   1.5705201721e+00
-1.9600000000e+02   1.5710783842e+00
-1.9500000000e+02   1.5705082630e+00
-1.9400000000e+02   1.5710905020e+00
-1.9300000000e+02   1.5704959340e+00
-1.9200000000e+02   1.5711030448e+00
-1.9100000000e+02   1.5704831747e+00
-1.9000000000e+02   1.5711160231e+00
-1.8900000000e+02   1.5704699749e+00
-1.8800000000e+02   1.5711294470e+00
-1.8700000000e+02   1.5704563243e+00
-1.8600000000e+02   1.5711433269e+00
-1.8500000000e+02   1.5704422125e+00
-1.8400000000e+02   1.5711576732e+00
-1.8300000000e+02   1.5704276291e+00
-1.8200000000e+02   1.5711724963e+00
-1.8100000000e+02   1.5704125637e+00
-1.8000000000e+02   1.5711878065e+00
-1.7900000000e+02   1.5703970061e+00
-1.7800000000e+02   1.5712036142e+00
-1.7700000000e+02   1.5703809458e+00
-1.7600000000e+02   1.5712199297e+00
-1.7500000000e+02   1.5703643726e+00
-1.7400000000e+02   1.5712367632e+00
-1.7300000000e+02   1.5703472761e+00
-1.7200000000e+02   1.5712541251e+00
-1.7100000000e+02   1.5703296463e+00
-1.7000000000e+02   1.5712720254e+00
-1.6900000000e+02   1.5703114730e+00
-1.6800000000e+02   1.5712904742e+00
-1.6700000000e+02   1.5702927461e+00
-1.6600000000e+02   1.5713094816e+00
-1.6500000000e+02   1.5702734558e+00
-1.6400000000e+02   1.5713290573e+00
-1.6300000000e+02   1.5702535922e+00
-1.6200000000e+02   1.5713492112e+00
-1.6100000000e+02   1.5702331457e+00
-1.6000000000e+02   1.5713699528e+00
-1.5900000000e+02   1.5702121067e+00
-1.5800000000e+02   1.5713912915e+00
-1.5700000000e+02   1.5701904658e+00
-1.5600000000e+02   1.5714132367e+00
-1.5500000000e+02   1.5701682140e+00
-1.5400000000e+02   1.5714357974e+00
-1.5300000000e+02   1.5701453423e+00
-1.5200000000e+02   1.5714589825e+00
-1.5100000000e+02   1.5701218418e+00
-1.5000000000e+02   1.5714828005e+00
-1.4900000000e+02   1.5700977040e+00
-1.4800000000e+02   1.5715072601e+00
-1.4700000000e+02   1.5700729207e+00
-1.4600000000e+02   1.5715323691e+00
-1.4500000000e+02   1.5700474838e+00
-1.4400000000e+02   1.5715581357e+00
-1.4300000000e+02   1.5700213857e+00
-1.4200000000e+02   1.5715845672e+00
-1.4100000000e+02   1.5699946189e+00
-1.4000000000e+02   1.5716116710e+00
-1.3900000000e+02   1.5699671764e+00
-1.3800000000e+02   1.5716394541e+00
-1.3700000000e+02   1.5699390513e+00
-1.3600000000e+02   1.5716679229e+00
-1.3500000000e+02   1.5699102372e+00
-1.3400000000e+02   1.5716970836e+00
-1.3300000000e+02   1.5698807282e+00
-1.3200000000e+02   1.5717269422e+00
-1.3100000000e+02   1.5698505187e+00
-1.3000000000e+02   1.5717575040e+00
-1.2900000000e+02   1.5698196034e+00
-1.2800000000e+02   1.5717887740e+00
-1.2700000000e+02   1.5697879776e+00
-1.2600000000e+02   1.5718207567e+00
-1.2500000000e+02   1.5697556370e+00
-1.2400000000e+02   1.5718534562e+00
-1.2300000000e+02   1.5697225778e+00
-1.2200000000e+02   1.5718868760e+00
-1.2100000000e+02   1.5696887966e+00
-1.2000000000e+02   1.5719210193e+00
-1.1900000000e+02   1.5696542906e+00
-1.1800000000e+02   1.5719558885e+00
-1.1700000000e+02   1.5696190576e+00
-1.1600000000e+02   1.5719914857e+00
-1.1500000000e+02   1.5695830958e+00
-1.1400000000e+02   1.5720278123e+00
-1.1300000000e+02   1.5695464042e+00
-1.1200000000e+02   1.5720648692e+00
-1.1100000000e+02   1.5695089820e+00
-1.1000000000e+02   1.5721026565e+00
-1.0900000000e+02   1.5694708296e+00
-1.0800000000e+02   1.5721411740e+00
-1.0700000000e+02   1.5694319474e+00
-1.0600000000e+02   1.5721804205e+00
-1.0500000000e+02   1.5693923369e+00
-1.0400000000e+02   1.5722203944e+00
-1.0300000000e+02   1.5693520002e+00
-1.0200000000e+02   1.5722610934e+00
-1.0100000000e+02   1.5693109398e+00
-1.0000000000e+02   1.5723025142e+00
-9.9000000000e+01   1.5692691594e+00
-9.8000000000e+01   1.5723446532e+00
-9.7000000000e+01   1.5692266629e+00
-9.6000000000e+01   1.5723875059e+00
-9.5000000000e+01   1.5691834554e+00
-9.4000000000e+01   1.5724310668e+00
-9.3000000000e+01   1.5691395425e+00
-9.2000000000e+01   1.5724753300e+00
-9.1000000000e+01   1.5690949307e+00
-9.0000000000e+01   1.5725202887e+00
-8.9000000000e+01   1.5690496272e+00
-8.8000000000e+01   1.5725659351e+00
-8.7000000000e+01   1.5690036400e+00
-8.6000000000e+01   1.5726122607e+00
-8.5000000000e+01   1.5689569782e+00
-8.4000000000e+01   1.5726592563e+00
-8.3000000000e+01   1.5689096514e+00
-8.2000000000e+01   1.5727069117e+00
-8.1000000000e+01   1.5688616702e+00
-8.0000000000e+01   1.5727552158e+00
-7.9000000000e+01   1.5688130462e+00
-7.8000000000e+01   1.5728041566e+00
-7.7000000000e+01   1.5687637917e+00
-7.6000000000e+01   1.5728537215e+00
-7.5000000000e+01   1.5687139200e+00
-7.4000000000e+01   1.5729038965e+00
-7.3000000000e+01   1.5686634453e+00
-7.2000000000e+01   1.5729546671e+00
-7.1000000000e+01   1.5686123827e+00
-7.0000000000e+01   1.5730060176e+00
-6.9000000000e+01   1.5685607484e+00
-6.8000000000e+01   1.5730579316e+00
-6.7000000000e+01   1.5685085592e+00
-6.6000000000e+01   1.5731103914e+00
-6.5000000000e+01   1.5684558333e+00
-6.4000000000e+01   1.5731633787e+00
-6.3000000000e+01   1.5684025895e+00
-6.2000000000e+01   1.5732168740e+00
-6.1000000000e+01   1.5683488477e+00
-6.0000000000e+01   1.5732708570e+00
-5.9000000000e+01   1.5682946289e+00
-5.8000000000e+01   1.5733253062e+00
-5.7000000000e+01   1.5682399550e+00
-5.6000000000e+01   1.5733801992e+00
-5.5000000000e+01   1.5681848487e+00
-5.4000000000e+01   1.5734355127e+00
-5.3000000000e+01   1.5681293340e+00
-5.2000000000e+01   1.5734912224e+00
-5.1000000000e+01   1.5680734357e+00
-5.0000000000e+01   1.5735473029e+00
-4.9000000000e+01   1.5680171796e+00
-4.8000000000e+01   1.5736037279e+00
-4.7000000000e+01   1.5679605925e+00
-4.6000000000e+01   1.5736604701e+00
-4.5000000000e+01   1.5679037023e+00
-4.4000000000e+01   1.5737175012e+00
-4.3000000000e+01   1.5678465377e+00
-4.2000000000e+01   1.5737747919e+00
-4.1000000000e+01   1.5677891284e+00
-4.0000000000e+01   1.5738323120e+00
-3.9000000000e+01   1.5677315052e+00
-3.8000000000e+01   1.5738900304e+00
-3.7000000000e+01   1.5676736997e+00
-3.6000000000e+01   1.5739479149e+00
-3.5000000000e+01   1.5676157445e+00
-3.4000000000e+01   1.5740059325e+00
-3.3000000000e+01   1.5675576730e+00
-3.2000000000e+01   1.5740640491e+00
-3.1000000000e+01   1.5674995198e+00
-3.0000000000e+01   1.5741222301e+00
-2.9000000000e+01   1.5674413200e+00
-2.8000000000e+01   1.5741804397e+00
-2.7000000000e+01   1.5673831098e+00
-2.6000000000e+01   1.5742386412e+00
-2.5000000000e+01   1.5673249263e+00
-2.4000000000e+01   1.5742967973e+00
-2.3000000000e+01   1.5672668071e+00
-2.2000000000e+01   1.5743548699e+00
-2.1000000000e+01   1.5672087908e+00
-2.0000000000e+01   1.5744128200e+00
-1.9000000000e+01   1.5671509168e+00
-1.8000000000e+01   1.5744706079e+00
-1.7000000000e+01   1.5670932251e+00
-1.6000000000e+01   1.5745281933e+00
-1.5000000000e+01   1.5670357564e+00
-1.4000000000e+01   1.5745855351e+00
-1.3000000000e+01   1.5669785519e+00
-1.2000000000e+01   1.5746425917e+00
-1.1000000000e+01   1.5669216537e+00
-1.0000000000e+01   1.5746993209e+00
-9.0000000000e+00   1.5668651042e+00
-8.0000000000e+00   1.5747556800e+00
-7.0000000000e+00   1.5668089464e+00
-6.0000000000e+00   1.5748116257e+00
-5.0000000000e+00   1.5667532237e+00
-4.0000000000e+00   1.5748671144e+00
-3.0000000000e+00   1.5666979800e+00
-2.0000000000e+00   1.5749221021e+00
-1.0000000000e+00   1.5666432594e+00
0.0000000000e+00   1.5666432594e+00
1.0000000000e+00   1.5749221021e+00
2.0000000000e+00   1.5666979800e+00
3.0000000000e+00   1.5748671144e+00
4.0000000000e+00   1.5667532237e+00
5.0000000000e+00   1.5748116257e+00
6.0000000000e+00   1.5668089464e+00
7.0000000000e+00   1.5747556800e+00
8.0000000000e+00   1.5668651042e+00
9.0000000000e+00   1.5746993209e+00
1.0000000000e+01   1.5669216537e+00
1.1000000000e+01   1.5746425917e+00
1.2000000000e+01   1.5669785519e+00
1.3000000000e+01   1.5745855351e+00
1.4000000000e+01   1.5670357564e+00
1.5000000000e+01   1.5745281933e+00
1.6000000000e+01   1.5670932251e+00
1.7000000000e+01   1.5744706079e+00
1.8000000000e+01   1.5671509168e+00
1.9000000000e+01   1.5744128200e+00
2.0000000000e+01   1.5672087908e+00
2.1000000000e+01   1.5743548699e+00
2.2000000000e+01   1.5672668071e+00
2.3000000000e+01   1.5742967973e+00
2.4000000000e+01   1.5673249263e+00
2.5000000000e+01   1.5742386412e+00
2.6000000000e+01   1.5673831098e+00
2.7000000000e+01   1.5741804397e+00
2.8000000000e+01   1.5674413200e+00
2.9000000000e+01   1.5741222301e+00
3.0000000000e+01   1.5674995198e+00
3.1000000000e+01   1.5740640491e+00
3.2000000000e+01   1.5675576730e+00
3.3000000000e+01   1.5740059325e+00
3.4000000000e+01   1.5676157445e+00
3.5000000000e+01   1.5739479149e+00
3.6000000000e+01   1.5676736997e+00
3.7000000000e+01   1.5738900304e+00
3.8000000000e+01   1.5677315052e+00
3.9000000000e+01   1.5738323120e+00
4.0000000000e+01   1.5677891284e+00
4.1000000000e+01   1.5737747919e+00
4.2000000000e+01   1.5678465377e+00
4.3000000000e+01   1.5737175012e+00
4.4000000000e+01   1.5679037023e+00
4.5000000000e+01   1.5736604701e+00
4.6000000000e+01   1.5679605925e+00
4.7000000000e+01   1.5736037279e+00
4.8000000000e+01   1.5680171796e+00
4.9000000000e+01   1.5735473029e+00
5.0000000000e+01   1.5680734357e+00
5.1000000000e+01   1.5734912224e+00
5.2000000000e+01   1.5681293340e+00
5.3000000000e+01   1.5734355127e+00
5.4000000000e+01   1.5681848487e+00
5.5000000000e+01   1.5733801992e+00
5.6000000000e+01   1.5682399550e+00
5.7000000000e+01   1.5733253062e+00
5.8000000000e+01   1.5682946289e+00
5.9000000000e+01   1.5732708570e+00
6.0000000000e+01   1.5683488477e+00
6.1000000000e+01   1.5732168740e+00
6.2000000000e+01   1.5684025895e+00
6.3000000000e+01   1.5731633787e+00
6.4000000000e+01   1.5684558333e+00
6.5000000000e+01   1.5731103914e+00
6.6000000000e+01   1.5685085592e+00
6.7000000000e+01   1.5730579316e+00
6.8000000000e+01   1.5685607484e+00
6.9000000000e+01   1.5730060176e+00
7.0000000000e+01   1.5686123827e+00
7.1000000000e+01   1.5729546671e+00
7.2000000000e+01   1.5686634453e+00
7.3000000000e+01   1.5729038965e+00
7.4000000000e+01   1.5687139200e+00
7.5000000000e+01   1.5728537215e+00
7.6000000000e+01   1.5687637917e+00
7.7000000000e+01   1.5728041566e+00
7.8000000000e+01   1.5688130462e+00
7.9000000000e+01   1.5727552158e+00
8.0000000000e+01   1.5688616702e+00
8.1000000000e+01   1.5727069117e+00
8.2000000000e+01   1.5689096514e+00
8.3000000000e+01   1.5726592563e+00
8.4000000000e+01   1.5689569782e+00
8.5000000000e+01   1.5726122607e+00
8.6000000000e+01   1.5690036400e+00
8.7000000000e+01   1.5725659351e+00
8.8000000000e+01   1.5690496272e+00
8.9000000000e+01   1.5725202887e+00
9.0000000000e+01   1.5690949307e+00
9.1000000000e+01   1.5724753300e+00
9.2000000000e+01   1.5691395425e+00
9.3000000000e+01   1.5724310668e+00
9.4000000000e+01   1.5691834554e+00
9.5000000000e+01   1.5723875059e+00
9.6000000000e+01   1.5692266629e+00
9.7000000000e+01   1.5723446532e+00
9.8000000000e+01   1.5692691594e+00
9.9000000000e+01   1.5723025142e+00
1.0000000000e+02   1.5693109398e+00
1.0100000000e+02   1.5722610934e+00
1.0200000000e+02   1.5693520002e+00
1.0300000000e+02   1.5722203944e+00
1.0400000000e+02   1.5693923369e+00
1.0500000000e+02   1.5721804205e+00
1.0600000000e+02   1.5694319474e+00
1.0700000000e+02   1.5721411740e+00
1.0800000000e+02   1.5694708296e+00
1.0900000000e+02   1.5721026565e+00
1.1000000000e+02   1.5695089820e+00
1.1100000000e+02   1.5720648692e+00
1.1200000000e+02   1.5695464042e+00
1.1300000000e+02   1.5720278123e+00
1.1400000000e+02   1.5695830958e+00
1.1500000000e+02   1.5719914857e+00
1.1600000000e+02   1.5696190576e+00
1.1700000000e+02   1.5719558885e+00
1.1800000000e+02   1.5696542906e+00
1.1900000000e+02   1.5719210193e+00
1.2000000000e+02   1.5696887966e+00
1.2100000000e+02   1.5718868760e+00
1.2200000000e+02   1.5697225778e+00
1.2300000000e+02   1.5718534562e+00
1.2400000000e+02   1.5697556370e+00
1.2500000000e+02   1.5718207567e+00
1.2600000000e+02   1.5697879776e+00
1.2700000000e+02   1.5717887740e+00
1.2800000000e+02   1.5698196034e+00
1.2900000000e+02   1.5717575040e+00
1.3000000000e+02   1.5698505187e+00
1.3100000000e+02   1.5717269422e+00
1.3200000000e+02   1.5698807282e+00
1.3300000000e+02   1.5716970836e+00
1.3400000000e+02   1.5699102372e+00
1.3500000000e+02   1.5716679229e+00
1.3600000000e+02   1.5699390513e+00
1.3700000000e+02   1.5716394541e+00
1.3800000000e+02   1.5699671764e+00
1.3900000000e+02   1.5716116710e+00
1.4000000000e+02   1.5699946189e+00
1.4100000000e+02   1.5715845672e+00
1.4200000000e+02   1.5700213857e+00
1.4300000000e+02   1.5715581357e+00
1.4400000000e+02   1.5700474838e+00
1.4500000000e+02   1.5715323691e+00
1.4600000000e+02   1.5700729207e+00
1.4700000000e+02   1.5715072601e+00
1.4800000000e+02   1.5700977040e+00
1.4900000000e+02   1.5714828005e+00
1.5000000000e+02   1.5701218418e+00
1.5100000000e+02   1.5714589825e+00
1.5200000000e+02   1.5701453423e+00
1.5300000000e+02   1.5714357974e+00
1.5400000000e+02   1.5701682140e+00
1.5500000000e+02   1.5714132367e+00
1.5600000000e+02   1.5701904658e+00
1.5700000000e+02   1.5713912915e+00
1.5800000000e+02   1.5702121067e+00
1.5900000000e+02   1.5713699528e+00
1.6000000000e+02   1.5702331457e+00
1.6100000000e+02   1.5713492112e+00
1.6200000000e+02   1.5702535922e+00
1.6300000000e+02   1.5713290573e+00
1.6400000000e+02   1.5702734558e+00
1.6500000000e+02   1.5713094816e+00
1.6600000000e+02   1.5702927461e+00
1.6700000000e+02   1.5712904742e+00
1.6800000000e+02   1.5703114730e+00
1.6900000000e+02   1.5712720254e+00
1.7000000000e+02   1.5703296463e+00
1.7100000000e+02   1.5712541251e+00
1.7200000000e+02   1.5703472761e+00
1.7300000000e+02   1.5712367632e+00
1.7400000000e+02   1.5703643726e+00
1.7500000000e+02   1.5712199297e+00
1.7600000000e+02   1.5703809458e+00
1.7700000000e+02   1.5712036142e+00
1.7800000000e+02   1.5703970061e+00
1.7900000000e+02   1.5711878065e+00
1.8000000000e+02   1.5704125637e+00
1.8100000000e+02   1.5711724963e+00
1.8200000000e+02   1.5704276291e+00
1.8300000000e+02   1.5711576732e+00
1.8400000000e+02   1.5704422125e+00
1.8500000000e+02   1.5711433269e+00
1.8600000000e+02   1.5704563243e+00
1.8700000000e+02   1.5711294470e+00
1.8800000000e+02   1.5704699749e+00
1.8900000000e+02   1.5711160231e+00
1.9000000000e+02   1.5704831747e+00
1.9100000000e+02   1.5711030448e+00
1.9200000000e+02   1.5704959340e+00
1.9300000000e+02   1.5710905020e+00
1.9400000000e+02   1.5705082630e+00
1.9500000000e+02   1.5710783842e+00
1.9600000000e+02   1.5705201721e+00
1.9700000000e+02   1.5710666813e+00
1.9800000000e+02   1.5705316714e+00
1.9900000000e+02   1.5710553830e+00
2.0000000000e+02   1.5705427711e+00
2.0100000000e+02   1.5710444793e+00
2.0200000000e+02   1.5705534812e+00
2.0300000000e+02   1.5710339602e+00
2.0400000000e+02   1.5705638118e+00
2.0500000000e+02   1.5710238157e+00
2.0600000000e+02   1.5705737728e+00
2.0700000000e+02   1.5710140359e+00
2.0800000000e+02   1.5705833738e+00
2.0900000000e+02   1.5710046111e+00
2.1000000000e+02   1.5705926247e+00
2.1100000000e+02   1.5709955317e+00
2.1200000000e+02   1.5706015351e+00
2.1300000000e+02   1.5709867880e+00
2.1400000000e+02   1.5706101144e+00
2.1500000000e+02   1.5709783708e+00
2.1600000000e+02   1.5706183720e+00
2.1700000000e+02   1.5709702706e+00
2.1800000000e+02   1.5706263171e+00
2.1900000000e+02   1.5709624783e+00
2.2000000000e+02   1.5706339588e+00
2.2100000000e+02   1.5709549849e+00
2.2200000000e+02   1.5706413061e+00
2.2300000000e+02   1.5709477814e+00
2.2400000000e+02   1.5706483679e+00
2.2500000000e+02   1.5709408592e+00
2.2600000000e+02   1.5706551528e+00
2.2700000000e+02   1.5709342096e+00
2.2800000000e+02   1.5706616693e+00
2.2900000000e+02   1.5709278241e+00
2.3000000000e+02   1.5706679258e+00
2.3100000000e+02   1.5709216944e+00
2.3200000000e+02   1.5706739306e+00
2.3300000000e+02   1.5709158124e+00
2.3400000000e+02   1.5706796918e+00
2.3500000000e+02   1.5709101701e+00
2.3600000000e+02   1.5706852173e+00
2.3700000000e+02   1.5709047596e+00
2.3800000000e+02   1.5706905147e+00
2.3900000000e+02   1.5708995732e+00
2.4000000000e+02   1.5706955919e+00
2.4100000000e+02   1.5708946035e+00
2.4200000000e+02   1.5707004560e+00
2.4300000000e+02   1.5708898430e+00
2.4400000000e+02   1.5707051146e+00
2.4500000000e+02   1.5708852847e+00
2.4600000000e+02   1.5707095745e+00
2.4700000000e+02   1.5708809213e+00
2.4800000000e+02   1.5707138429e+00
2.4900000000e+02   1.5708767462e+00
2.5000000000e+02   1.5707179265e+00
2.5100000000e+02   1.5708727526e+00
2.5200000000e+02   1.5707218318e+00
2.5300000000e+02   1.5708689339e+00
2.5400000000e+02   1.5707255654e+00
2.5500000000e+02   1.5708652838e+00
2.5600000000e+02   1.5707291335e+00
2.5700000000e+02   1.5708617961e+00
2.5800000000e+02   1.5707325423e+00
2.5900000000e+02   1.5708584648e+00
2.6000000000e+02   1.5707357977e+00
2.6100000000e+02   1.5708552839e+00
2.6200000000e+02   1.5707389055e+00
2.6300000000e+02   1.5708522478e+00
2.6400000000e+02   1.5707418713e+00
2.6500000000e+02   1.5708493509e+00
2.6600000000e+02   1.5707447007e+00
2.6700000000e+02   1.5708465878e+00
2.6800000000e+02   1.5707473989e+00
2.6900000000e+02   1.5708439532e+00
2.7000000000e+02   1.5707499711e+00
2.7100000000e+02   1.5708414421e+00
2.7200000000e+02   1.5707524223e+00
2.7300000000e+02   1.5708390495e+00
2.7400000000e+02   1.5707547574e+00
2.7500000000e+02   1.5708367707e+00
2.7600000000e+02   1.5707569811e+00
2.7700000000e+02   1.5708346009e+00
2.7800000000e+02   1.5707590980e+00
2.7900000000e+02   1.5708325358e+00
2.8000000000e+02   1.5707611124e+00
2.8100000000e+02   1.5708305710e+00
2.8200000000e+02   1.5707630287e+00
2.8300000000e+02   1.5708287022e+00
2.8400000000e+02   1.5707648510e+00
2.8500000000e+02   1.5708269255e+00
2.8600000000e+02   1.5707665833e+00
2.8700000000e+02   1.5708252368e+00
2.8800000000e+02   1.5707682293e+00
2.8900000000e+02   1.5708236323e+00
2.9000000000e+02   1.5707697930e+00
2.9100000000e+02   1.5708221085e+00
2.9200000000e+02   1.5707712779e+00
2.9300000000e+02   1.5708206618e+00
2.9400000000e+02   1.5707726873e+00
2.9500000000e+02   1.5708192887e+00
2.9600000000e+02   1.5707740248e+00
2.9700000000e+02   1.5708179860e+00
2.9800000000e+02   1.5707752935e+00
2.9900000000e+02   1.5708167505e+00
3.0000000000e+02   1.5707764966e+00
3.0100000000e+02   1.5708155792e+00
3.0200000000e+02   1.5707776369e+00
3.0300000000e+02   1.5708144691e+00
3.0400000000e+02   1.5707787175e+00
3.0500000000e+02   1.5708134174e+00
3.0600000000e+02   1.5707797410e+00
3.0700000000e+02   1.5708124213e+00
3.0800000000e+02   1.5707807102e+00
3.0900000000e+02   1.5708114784e+00
3.1000000000e+02   1.5707816276e+00
3.1100000000e+02   1.5708105859e+00
3.1200000000e+02   1.5707824957e+00
3.1300000000e+02   1.5708097417e+00
3.1400000000e+02   1.5707833167e+00
3.1500000000e+02   1.5708089432e+00
3.1600000000e+02   1.5707840931e+00
3.1700000000e+02   1.5708081884e+00
3.1800000000e+02   1.5707848269e+00
3.1900000000e+02   1.5708074750e+00
3.2000000000e+02   1.5707855203e+00
3.2100000000e+02   1.5708068011e+00
3.2200000000e+02   1.5707861753e+00
3.2300000000e+02   1.5708061647e+00
3.2400000000e+02   1.5707867937e+00
3.2500000000e+02   1.5708055639e+00
3.2600000000e+02   1.5707873773e+00
3.2700000000e+02   1.5708049969e+00
3.2800000000e+02   1.5707879281e+00
3.2900000000e+02   1.5708044620e+00
3.3000000000e+02   1.5707884475e+00
3.3100000000e+02   1.5708039576e+00
3.3200000000e+02   1.5707889373e+00
3.3300000000e+02   1.5708034821e+00
3.3400000000e+02   1.5707893989e+00
3.3500000000e+02   1.5708030340e+00
3.3600000000e+02   1.5707898338e+00
3.3700000000e+02   1.5708026118e+00
3.3800000000e+02   1.5707902435e+00
3.3900000000e+02   1.5708022143e+00
3.4000000000e+02   1.5707906292e+00
3.4100000000e+02   1.5708018401e+00
3.4200000000e+02   1.5707909922e+00
3.4300000000e+02   1.5708014880e+00
3.4400000000e+02   1.5707913338e+00
3.4500000000e+02   1.5708011567e+00
3.4600000000e+02   1.5707916550e+00
3.4700000000e+02   1.5708008452e+00
3.4800000000e+02   1.5707919570e+00
3.4900000000e+02   1.5708005524e+00
3.5000000000e+02   1.5707922409e+00
3.5100000000e+02   1.5708002773e+00
3.5200000000e+02   1.5707925076e+00
3.5300000000e+02   1.5708000188e+00
3.5400000000e+02   1.5707927581e+00
3.5500000000e+02   1.5707997761e+00
3.5600000000e+02   1.5707929932e+00
3.5700000000e+02   1.5707995483e+00
3.5800000000e+02   1.5707932139e+00
3.5900000000e+02   1.5707993345e+00
3.6000000000e+02   1.5707934210e+00
3.6100000000e+02   1.5707991340e+00
3.6200000000e+02   1.5707936152e+00
3.6300000000e+02   1.5707989459e+00
3.6400000000e+02   1.5707937972e+00
3.6500000000e+02   1.5707987697e+00
3.6600000000e+02   1.5707939679e+00
3.6700000000e+02   1.5707986045e+00
3.6800000000e+02   1.5707941277e+00
3.6900000000e+02   1.5707984498e+00
3.7000000000e+02   1.5707942774e+00
3.7100000000e+02   1.5707983049e+00
3.7200000000e+02   1.5707944176e+00
3.7300000000e+02   1.5707981693e+00
3.7400000000e+02   1.5707945487e+00
3.7500000000e+02   1.5707980425e+00
3.7600000000e+02   1.5707946715e+00
3.7700000000e+02   1.5707979238e+00
3.7800000000e+02   1.5707947862e+00
3.7900000000e+02   1.5707978128e+00
3.8000000000e+02   1.5707948935e+00
3.8100000000e+02   1.5707977091e+00
3.8200000000e+02   1.5707949938e+00
3.8300000000e+02   1.5707976122e+00
3.8400000000e+02   1.5707950874e+00
3.8500000000e+02   1.5707975217e+00
3.8600000000e+02   1.5707951749e+00
3.8700000000e+02   1.5707974372e+00
3.8800000000e+02   1.5707952565e+00
3.8900000000e+02   1.5707973583e+00
3.9000000000e+02   1.5707953327e+00
3.9100000000e+02   1.5707972847e+00
3.9200000000e+02   1.5707954038e+00
3.9300000000e+02   1.5707972160e+00
3.9400000000e+02   1.5707954701e+00
3.9500000000e+02   1.5707971520e+00
3.9600000000e+02   1.5707955319e+00
3.9700000000e+02   1.5707970924e+00
3.9800000000e+02   1.5707955895e+00
3.9900000000e+02   1.5707970368e+00
4.0000000000e+02   1.5707956431e+00
4.0100000000e+02   1.5707969850e+00
4.0200000000e+02   1.5707956931e+00
4.0300000000e+02   1.5707969368e+00
4.0400000000e+02   1.5707957396e+00
4.0500000000e+02   1.5707968920e+00
4.0600000000e+02   1.5707957829e+00
4.0700000000e+02   1.5707968502e+00
4.0800000000e+02   1.5707958231e+00
4.0900000000e+02   1.5707968114e+00
4.1000000000e+02   1.5707958606e+00
4.1100000000e+02   1.5707967753e+00
4.1200000000e+02   1.5707958954e+00
4.1300000000e+02   1.5707967418e+00
4.1400000000e+02   1.5707959277e+00
4.1500000000e+02   1.5707967106e+00
4.1600000000e+02   1.5707959577e+00
4.1700000000e+02   1.5707966816e+00
4.1800000000e+02   1.5707959856e+00
4.1900000000e+02   1.5707966548e+00
4.2000000000e+02   1.5707960115e+00
4.2100000000e+02   1.5707966298e+00
4.2200000000e+02   1.5707960355e+00
4.2300000000e+02   1.5707966067e+00
4.2400000000e+02   1.5707960578e+00
4.2500000000e+02   1.5707965852e+00
4.2600000000e+02   1.5707960785e+00
4.2700000000e+02   1.5707965653e+00
4.2800000000e+02   1.5707960976e+00
4.2900000000e+02   1.5707965469e+00
4.3000000000e+02   1.5707961154e+00
4.3100000000e+02   1.5707965298e+00
4.3200000000e+02   1.5707961318e+00
4.3300000000e+02   1.5707965140e+00
4.3400000000e+02   1.5707961470e+00
4.3500000000e+02   1.5707964994e+00
4.3600000000e+02   1.5707961611e+00
4.3700000000e+02   1.5707964858e+00
4.3800000000e+02   1.5707961742e+00
4.3900000000e+02   1.5707964733e+00
4.4000000000e+02   1.5707961862e+00
4.4100000000e+02   1.5707964617e+00
4.4200000000e+02   1.5707961974e+00
4.4300000000e+02   1.5707964510e+00
4.4400000000e+02   1.5707962077e+00
4.4500000000e+02   1.5707964410e+00
4.4600000000e+02   1.5707962172e+00
4.4700000000e+02   1.5707964319e+00
4.4800000000e+02   1.5707962260e+00
4.4900000000e+02   1.5707964234e+00
4.5000000000e+02   1.5707962341e+00
4.5100000000e+02   1.5707964156e+00
4.5200000000e+02   1.5707962416e+00
4.5300000000e+02   1.5707964084e+00
4.5400000000e+02   1.5707962485e+00
4.5500000000e+02   1.5707964018e+00
4.5600000000e+02   1.5707962549e+00
4.5700000000e+02   1.5707963957e+00
4.5800000000e+02   1.5707962608e+00
4.5900000000e+02   1.5707963900e+00
4.6000000000e+02   1.5707962662e+00
4.6100000000e+02   1.5707963848e+00
4.6200000000e+02   1.5707962712e+00
4.6300000000e+02   1.5707963800e+00
4.6400000000e+02   1.5707962758e+00
4.6500000000e+02   1.5707963756e+00
4.6600000000e+02   1.5707962800e+00
4.6700000000e+02   1.5707963716e+00
4.6800000000e+02   1.5707962839e+00
4.6900000000e+02   1.5707963678e+00
4.7000000000e+02   1.5707962875e+00
4.7100000000e+02   1.5707963644e+00
4.7200000000e+02   1.5707962908e+00
4.7300000000e+02   1.5707963612e+00
4.7400000000e+02   1.5707962939e+00
4.7500000000e+02   1.5707963583e+00
4.7600000000e+02   1.5707962967e+00
4.7700000000e+02   1.5707963556e+00
4.7800000000e+02   1.5707962992e+00
4.7900000000e+02   1.5707963532e+00
4.8000000000e+02   1.5707963016e+00
4.8100000000e+02   1.5707963509e+00
4.8200000000e+02   1.5707963037e+00
4.8300000000e+02   1.5707963489e+00
4.8400000000e+02   1.5707963057e+00
4.8500000000e+02   1.5707963470e+00
4.8600000000e+02   1.5707963075e+00
4.8700000000e+02   1.5707963452e+00
4.8800000000e+02   1.5707963092e+00
4.8900000000e+02   1.5707963436e+00
4.9000000000e+02   1.5707963107e+00
4.9100000000e+02   1.5707963422e+00
4.9200000000e+02   1.5707963121e+00
4.9300000000e+02   1.5707963408e+00
4.9400000000e+02   1.5707963134e+00
4.9500000000e+02   1.5707963396e+00
4.9600000000e+02   1.5707963146e+00
4.9700000000e+02   1.5707963385e+00
4.9800000000e+02   1.5707963157e+00
4.9900000000e+02   1.5707963374e+00
5.0000000000e+02   1.5707963166e+00
5.0100000000e+02   1.5707963365e+00
5.0200000000e+02   1.5707963175e+00
5.0300000000e+02   1.5707963356e+00
5.0400000000e+02   1.5707963184e+00
5.0500000000e+02   1.5707963348e+00
5.0600000000e+02   1.5707963191e+00
5.0700000000e+02   1.5707963341e+00
5.0800000000e+02   1.5707963198e+00
5.0900000000e+02   1.5707963335e+00
5.1000000000e+02   1.5707963204e+00
5.1100000000e+02   1.5707963329e+00
5.1200000000e+02   1.5707963210e+00
5.1300000000e+02   1.5707963323e+00
5.1400000000e+02   1.5707963215e+00
5.1500000000e+02   1.5707963318e+00
5.1600000000e+02   1.5707963220e+00
5.1700000000e+02   1.5707963314e+00
5.1800000000e+02   1.5707963224e+00
5.1900000000e+02   1.5707963309e+00
5.2000000000e+02   1.5707963228e+00
5.2100000000e+02   1.5707963306e+00
5.2200000000e+02   1.5707963232e+00
5.2300000000e+02   1.5707963302e+00
5.2400000000e+02   1.5707963235e+00
5.2500000000e+02   1.5707963299e+00
5.2600000000e+02   1.5707963238e+00
5.2700000000e+02   1.5707963296e+00
5.2800000000e+02   1.5707963241e+00
5.2900000000e+02   1.5707963293e+00
5.3000000000e+02   1.5707963244e+00
5.3100000000e+02   1.5707963291e+00
5.3200000000e+02   1.5707963246e+00
5.3300000000e+02   1.5707963289e+00
5.3400000000e+02   1.5707963248e+00
5.3500000000e+02   1.5707963287e+00
5.3600000000e+02   1.5707963250e+00
5.3700000000e+02   1.5707963285e+00
5.3800000000e+02   1.5707963252e+00
5.3900000000e+02   1.5707963284e+00
5.4000000000e+02   1.5707963253e+00
5.4100000000e+02   1.5707963282e+00
5.4200000000e+02   1.5707963255e+00
5.4300000000e+02   1.5707963281e+00
5.4400000000e+02   1.5707963256e+00
5.4500000000e+02   1.5707963279e+00
5.4600000000e+02   1.5707963257e+00
5.4700000000e+02   1.5707963278e+00
5.4800000000e+02   1.5707963258e+00
5.4900000000e+02   1.5707963277e+00
5.5000000000e+02   1.5707963259e+00
5.5100000000e+02   1.5707963276e+00
5.5200000000e+02   1.5707963260e+00
5.5300000000e+02   1.5707963276e+00
5.5400000000e+02   1.5707963261e+00
5.5500000000e+02   1.5707963275e+00
5.5600000000e+02   1.5707963261e+00
5.5700000000e+02   1.5707963274e+00
5.5800000000e+02   1.5707963262e+00
5.5900000000e+02   1.5707963274e+00
5.6000000000e+02   1.5707963263e+00
5.6100000000e+02   1.5707963273e+00
5.6200000000e+02   1.5707963263e+00
5.6300000000e+02   1.5707963273e+00
5.6400000000e+02   1.5707963264e+00
5.6500000000e+02   1.5707963272e+00
5.6600000000e+02   1.5707963264e+00
5.6700000000e+02   1.5707963272e+00
5.6800000000e+02   1.5707963264e+00
5.6900000000e+02   1.5707963271e+00
5.7000000000e+02   1.5707963265e+00
5.7100000000e+02   1.5707963271e+00
