X    Y
-1.0000000000e+00   -5.8055449854e-04
-9.9902296043e-01   -5.8091921536e-04
-9.9804592086e-01   -5.8128494597e-04
-9.9706888129e-01   -5.8165169297e-04
-9.9609184172e-01   -5.8201945899e-04
-9.9511480215e-01   -5.8238824668e-04
-9.9413776258e-01   -5.8275805866e-04
-9.9316072301e-01   -5.8312889762e-04
-9.9218368344e-01   -5.8350076621e-04
-9.9120664387e-01   -5.8387366712e-04
-9.9022960430e-01   -5.8424760304e-04
-9.8925256473e-01   -5.8462257668e-04
-9.8827552516e-01   -5.8499859075e-04
-9.8729848559e-01   -5.8537564797e-04
-9.8632144602e-01   -5.8575375110e-04
-9.8534440645e-01   -5.8613290287e-04
-9.8436736688e-01   -5.8651310606e-04
-9.8339032731e-01   -5.8689436343e-04
-9.8241328774e-01   -5.8727667777e-04
-9.8143624817e-01   -5.8766005188e-04
-9.8045920860e-01   -5.8804448857e-04
-9.7948216903e-01   -5.8842999065e-04
-9.7850512946e-01   -5.8881656097e-04
-9.7752808989e-01   -5.8920420237e-04
-9.7655105032e-01   -5.8959291770e-04
-9.7557401075e-01   -5.8998270984e-04
-9.7459697118e-01   -5.9037358166e-04
-9.7361993161e-01   -5.9076553607e-04
-9.7264289204e-01   -5.9115857596e-04
-9.7166585247e-01   -5.9155270427e-04
-9.7068881290e-01   -5.9194792391e-04
-9.6971177333e-01   -5.9234423784e-04
-9.6873473376e-01   -5.9274164900e-04
-9.6775769419e-01   -5.9314016038e-04
-9.6678065462e-01   -5.9353977495e-04
-9.6580361505e-01   -5.9394049570e-04
-9.6482657548e-01   -5.9434232565e-04
-9.6384953591e-01   -5.9474526782e-04
-9.6287249634e-01   -5.9514932523e-04
-9.6189545677e-01   -5.9555450094e-04
-9.6091841720e-01   -5.9596079801e-04
-9.5994137763e-01   -5.9636821950e-04
-9.5896433806e-01   -5.9677676851e-04
-9.5798729849e-01   -5.9718644814e-04
-9.5701025892e-01   -5.9759726149e-04
-9.5603321935e-01   -5.9800921170e-04
-9.5505617978e-01   -5.9842230190e-04
-9.5407914021e-01   -5.9883653525e-04
-9.5310210064e-01   -5.9925191491e-04
-9.5212506106e-01   -5.9966844408e-04
-9.5114802149e-01   -6.0008612593e-04
-9.5017098192e-01   -6.0050496368e-04
-9.4919394235e-01   -6.0092496056e-04
-9.4821690278e-01   -6.0134611979e-04
-9.4723986321e-01   -6.0176844463e-04
-9.4626282364e-01   -6.0219193835e-04
-9.4528578407e-01   -6.0261660422e-04
-9.4430874450e-01   -6.0304244553e-04
-9.4333170493e-01   -6.0346946560e-04
-9.4235466536e-01   -6.0389766774e-04
-9.4137762579e-01   -6.0432705530e-04
-9.4040058622e-01   -6.0475763161e-04
-9.3942354665e-01   -6.0518940006e-04
-9.3844650708e-01   -6.0562236402e-04
-9.3746946751e-01   -6.0605652688e-04
-9.3649242794e-01   -6.0649189205e-04
-9.3551538837e-01   -6.0692846297e-04
-9.3453834880e-01   -6.0736624306e-04
-9.3356130923e-01   -6.0780523579e-04
-9.3258426966e-01   -6.0824544462e-04
-9.3160723009e-01   -6.0868687304e-04
-9.3063019052e-01   -6.0912952456e-04
-9.2965315095e-01   -6.0957340268e-04
-9.2867611138e-01   -6.1001851094e-04
-9.2769907181e-01   -6.1046485290e-04
-9.2672203224e-01   -6.1091243210e-04
-9.2574499267e-01   -6.1136125213e-04
-9.2476795310e-01   -6.1181131658e-04
-9.2379091353e-01   -6.1226262907e-04
-9.2281387396e-01   -6.1271519322e-04
-9.2183683439e-01   -6.1316901267e-04
-9.2085979482e-01   -6.1362409108e-04
-9.1988275525e-01   -6.1408043214e-04
-9.1890571568e-01   -6.1453803952e-04
-9.1792867611e-01   -6.1499691693e-04
-9.1695163654e-01   -6.1545706811e-04
-9.1597459697e-01   -6.1591849679e-04
-9.1499755740e-01   -6.1638120673e-04
-9.1402051783e-01   -6.1684520170e-04
-9.1304347826e-01   -6.1731048549e-04
-9.1206643869e-01   -6.1777706192e-04
-9.1108939912e-01   -6.1824493481e-04
-9.1011235955e-01   -6.1871410799e-04
-9.0913531998e-01   -6.1918458533e-04
-9.0815828041e-01   -6.1965637071e-04
-9.0718124084e-01   -6.2012946802e-04
-9.0620420127e-01   -6.2060388117e-04
-9.0522716170e-01   -6.2107961408e-04
-9.0425012213e-01   -6.2155667072e-04
-9.0327308256e-01   -6.2203505503e-04
-9.0229604299e-01   -6.2251477101e-04
-9.0131900342e-01   -6.2299582265e-04
-9.0034196385e-01   -6.2347821398e-04
-8.9936492428e-01   -6.2396194902e-04
-8.9838788471e-01   -6.2444703184e-04
-8.9741084514e-01   -6.2493346650e-04
-8.9643380557e-01   -6.2542125710e-04
-8.9545676600e-01   -6.2591040775e-04
-8.9447972643e-01   -6.2640092257e-04
-8.9350268686e-01   -6.2689280572e-04
-8.9252564729e-01   -6.2738606135e-04
-8.9154860772e-01   -6.2788069366e-04
-8.9057156815e-01   -6.2837670685e-04
-8.8959452858e-01   -6.2887410515e-04
-8.8861748901e-01   -6.2937289278e-04
-8.8764044944e-01   -6.2987307403e-04
-8.8666340987e-01   -6.3037465316e-04
-8.8568637030e-01   -6.3087763448e-04
-8.8470933073e-01   -6.3138202231e-04
-8.8373229116e-01   -6.3188782100e-04
-8.8275525159e-01   -6.3239503489e-04
-8.8177821202e-01   -6.3290366837e-04
-8.8080117245e-01   -6.3341372584e-04
-8.7982413288e-01   -6.3392521173e-04
-8.7884709331e-01   -6.3443813046e-04
-8.7787005374e-01   -6.3495248651e-04
-8.7689301417e-01   -6.3546828436e-04
-8.7591597460e-01   -6.3598552850e-04
-8.7493893503e-01   -6.3650422347e-04
-8.7396189546e-01   -6.3702437380e-04
-8.7298485589e-01   -6.3754598406e-04
-8.7200781632e-01   -6.3806905884e-04
-8.7103077675e-01   -6.3859360274e-04
-8.7005373718e-01   -6.3911962040e-04
-8.6907669761e-01   -6.3964711646e-04
-8.6809965804e-01   -6.4017609559e-04
-8.6712261847e-01   -6.4070656250e-04
-8.6614557890e-01   -6.4123852189e-04
-8.6516853933e-01   -6.4177197850e-04
-8.6419149976e-01   -6.4230693709e-04
-8.6321446019e-01   -6.4284340245e-04
-8.6223742062e-01   -6.4338137938e-04
-8.6126038105e-01   -6.4392087270e-04
-8.6028334148e-01   -6.4446188726e-04
-8.5930630191e-01   -6.4500442794e-04
-8.5832926234e-01   -6.4554849963e-04
-8.5735222277e-01   -6.4609410725e-04
-8.5637518319e-01   -6.4664125573e-04
-8.5539814362e-01   -6.4718995005e-04
-8.5442110405e-01   -6.4774019518e-04
-8.5344406448e-01   -6.4829199615e-04
-8.5246702491e-01   -6.4884535798e-04
-8.5148998534e-01   -6.4940028574e-04
-8.5051294577e-01   -6.4995678450e-04
-8.4953590620e-01   -6.5051485937e-04
-8.4855886663e-01   -6.5107451548e-04
-8.4758182706e-01   -6.5163575799e-04
-8.4660478749e-01   -6.5219859207e-04
-8.4562774792e-01   -6.5276302294e-04
-8.4465070835e-01   -6.5332905580e-04
-8.4367366878e-01   -6.5389669593e-04
-8.4269662921e-01   -6.5446594860e-04
-8.4171958964e-01   -6.5503681911e-04
-8.4074255007e-01   -6.5560931279e-04
-8.3976551050e-01   -6.5618343499e-04
-8.3878847093e-01   -6.5675919110e-04
-8.3781143136e-01   -6.5733658651e-04
-8.3683439179e-01   -6.5791562667e-04
-8.3585735222e-01   -6.5849631703e-04
-8.3488031265e-01   -6.5907866306e-04
-8.3390327308e-01   -6.5966267029e-04
-8.3292623351e-01   -6.6024834424e-04
-8.3194919394e-01   -6.6083569049e-04
-8.3097215437e-01   -6.6142471461e-04
-8.2999511480e-01   -6.6201542223e-04
-8.2901807523e-01   -6.6260781900e-04
-8.2804103566e-01   -6.6320191057e-04
-8.2706399609e-01   -6.6379770266e-04
-8.2608695652e-01   -6.6439520098e-04
-8.2510991695e-01   -6.6499441129e-04
-8.2413287738e-01   -6.6559533938e-04
-8.2315583781e-01   -6.6619799104e-04
-8.2217879824e-01   -6.6680237213e-04
-8.2120175867e-01   -6.6740848850e-04
-8.2022471910e-01   -6.6801634606e-04
-8.1924767953e-01   -6.6862595072e-04
-8.1827063996e-01   -6.6923730845e-04
-8.1729360039e-01   -6.6985042521e-04
-8.1631656082e-01   -6.7046530702e-04
-8.1533952125e-01   -6.7108195993e-04
-8.1436248168e-01   -6.7170039000e-04
-8.1338544211e-01   -6.7232060333e-04
-8.1240840254e-01   -6.7294260606e-04
-8.1143136297e-01   -6.7356640434e-04
-8.1045432340e-01   -6.7419200436e-04
-8.0947728383e-01   -6.7481941235e-04
-8.0850024426e-01   -6.7544863456e-04
-8.0752320469e-01   -6.7607967726e-04
-8.0654616512e-01   -6.7671254678e-04
-8.0556912555e-01   -6.7734724946e-04
-8.0459208598e-01   -6.7798379167e-04
-8.0361504641e-01   -6.7862217982e-04
-8.0263800684e-01   -6.7926242035e-04
-8.0166096727e-01   -6.7990451974e-04
-8.0068392770e-01   -6.8054848449e-04
-7.9970688813e-01   -6.8119432113e-04
-7.9872984856e-01   -6.8184203624e-04
-7.9775280899e-01   -6.8249163641e-04
-7.9677576942e-01   -6.8314312828e-04
-7.9579872985e-01   -6.8379651852e-04
-7.9482169028e-01   -6.8445181384e-04
-7.9384465071e-01   -6.8510902095e-04
-7.9286761114e-01   -6.8576814665e-04
-7.9189057157e-01   -6.8642919772e-04
-7.9091353200e-01   -6.8709218100e-04
-7.8993649243e-01   -6.8775710337e-04
-7.8895945286e-01   -6.8842397174e-04
-7.8798241329e-01   -6.8909279303e-04
-7.8700537372e-01   -6.8976357424e-04
-7.8602833415e-01   -6.9043632237e-04
-7.8505129458e-01   -6.9111104447e-04
-7.8407425501e-01   -6.9178774762e-04
-7.8309721544e-01   -6.9246643894e-04
-7.8212017587e-01   -6.9314712559e-04
-7.8114313630e-01   -6.9382981476e-04
-7.8016609673e-01   -6.9451451367e-04
-7.7918905716e-01   -6.9520122959e-04
-7.7821201759e-01   -6.9588996982e-04
-7.7723497802e-01   -6.9658074171e-04
-7.7625793845e-01   -6.9727355262e-04
-7.7528089888e-01   -6.9796840997e-04
-7.7430385931e-01   -6.9866532123e-04
-7.7332681974e-01   -6.9936429387e-04
-7.7234978017e-01   -7.0006533542e-04
-7.7137274060e-01   -7.0076845346e-04
-7.7039570103e-01   -7.0147365560e-04
-7.6941866146e-01   -7.0218094947e-04
-7.6844162189e-01   -7.0289034277e-04
-7.6746458232e-01   -7.0360184322e-04
-7.6648754275e-01   -7.0431545858e-04
-7.6551050318e-01   -7.0503119667e-04
-7.6453346361e-01   -7.0574906533e-04
-7.6355642404e-01   -7.0646907245e-04
-7.6257938447e-01   -7.0719122595e-04
-7.6160234489e-01   -7.0791553380e-04
-7.6062530532e-01   -7.0864200402e-04
-7.5964826575e-01   -7.0937064467e-04
-7.5867122618e-01   -7.1010146382e-04
-7.5769418661e-01   -7.1083446963e-04
-7.5671714704e-01   -7.1156967027e-04
-7.5574010747e-01   -7.1230707397e-04
-7.5476306790e-01   -7.1304668898e-04
-7.5378602833e-01   -7.1378852363e-04
-7.5280898876e-01   -7.1453258627e-04
-7.5183194919e-01   -7.1527888528e-04
-7.5085490962e-01   -7.1602742912e-04
-7.4987787005e-01   -7.1677822628e-04
-7.4890083048e-01   -7.1753128527e-04
-7.4792379091e-01   -7.1828661468e-04
-7.4694675134e-01   -7.1904422313e-04
-7.4596971177e-01   -7.1980411930e-04
-7.4499267220e-01   -7.2056631188e-04
-7.4401563263e-01   -7.2133080964e-04
-7.4303859306e-01   -7.2209762140e-04
-7.4206155349e-01   -7.2286675600e-04
-7.4108451392e-01   -7.2363822234e-04
-7.4010747435e-01   -7.2441202937e-04
-7.3913043478e-01   -7.2518818610e-04
-7.3815339521e-01   -7.2596670156e-04
-7.3717635564e-01   -7.2674758485e-04
-7.3619931607e-01   -7.2753084510e-04
-7.3522227650e-01   -7.2831649152e-04
-7.3424523693e-01   -7.2910453335e-04
-7.3326819736e-01   -7.2989497986e-04
-7.3229115779e-01   -7.3068784042e-04
-7.3131411822e-01   -7.3148312439e-04
-7.3033707865e-01   -7.3228084124e-04
-7.2936003908e-01   -7.3308100045e-04
-7.2838299951e-01   -7.3388361157e-04
-7.2740595994e-01   -7.3468868420e-04
-7.2642892037e-01   -7.3549622798e-04
-7.2545188080e-01   -7.3630625261e-04
-7.2447484123e-01   -7.3711876786e-04
-7.2349780166e-01   -7.3793378353e-04
-7.2252076209e-01   -7.3875130947e-04
-7.2154372252e-01   -7.3957135562e-04
-7.2056668295e-01   -7.4039393193e-04
-7.1958964338e-01   -7.4121904843e-04
-7.1861260381e-01   -7.4204671521e-04
-7.1763556424e-01   -7.4287694239e-04
-7.1665852467e-01   -7.4370974017e-04
-7.1568148510e-01   -7.4454511880e-04
-7.1470444553e-01   -7.4538308858e-04
-7.1372740596e-01   -7.4622365988e-04
-7.1275036639e-01   -7.4706684310e-04
-7.1177332682e-01   -7.4791264873e-04
-7.1079628725e-01   -7.4876108730e-04
-7.0981924768e-01   -7.4961216941e-04
-7.0884220811e-01   -7.5046590571e-04
-7.0786516854e-01   -7.5132230690e-04
-7.0688812897e-01   -7.5218138377e-04
-7.0591108940e-01   -7.5304314714e-04
-7.0493404983e-01   -7.5390760790e-04
-7.0395701026e-01   -7.5477477701e-04
-7.0297997069e-01   -7.5564466549e-04
-7.0200293112e-01   -7.5651728441e-04
-7.0102589155e-01   -7.5739264490e-04
-7.0004885198e-01   -7.5827075818e-04
-6.9907181241e-01   -7.5915163550e-04
-6.9809477284e-01   -7.6003528820e-04
-6.9711773327e-01   -7.6092172767e-04
-6.9614069370e-01   -7.6181096536e-04
-6.9516365413e-01   -7.6270301280e-04
-6.9418661456e-01   -7.6359788158e-04
-6.9320957499e-01   -7.6449558335e-04
-6.9223253542e-01   -7.6539612983e-04
-6.9125549585e-01   -7.6629953280e-04
-6.9027845628e-01   -7.6720580413e-04
-6.8930141671e-01   -7.6811495573e-04
-6.8832437714e-01   -7.6902699960e-04
-6.8734733757e-01   -7.6994194779e-04
-6.8637029800e-01   -7.7085981244e-04
-6.8539325843e-01   -7.7178060573e-04
-6.8441621886e-01   -7.7270433994e-04
-6.8343917929e-01   -7.7363102742e-04
-6.8246213972e-01   -7.7456068056e-04
-6.8148510015e-01   -7.7549331185e-04
-6.8050806058e-01   -7.7642893385e-04
-6.7953102101e-01   -7.7736755919e-04
-6.7855398144e-01   -7.7830920056e-04
-6.7757694187e-01   -7.7925387073e-04
-6.7659990230e-01   -7.8020158257e-04
-6.7562286273e-01   -7.8115234898e-04
-6.7464582316e-01   -7.8210618298e-04
-6.7366878359e-01   -7.8306309763e-04
-6.7269174402e-01   -7.8402310609e-04
-6.7171470445e-01   -7.8498622159e-04
-6.7073766488e-01   -7.8595245743e-04
-6.6976062531e-01   -7.8692182700e-04
-6.6878358574e-01   -7.8789434376e-04
-6.6780654617e-01   -7.8887002125e-04
-6.6682950660e-01   -7.8984887310e-04
-6.6585246702e-01   -7.9083091301e-04
-6.6487542745e-01   -7.9181615477e-04
-6.6389838788e-01   -7.9280461224e-04
-6.6292134831e-01   -7.9379629938e-04
-6.6194430874e-01   -7.9479123020e-04
-6.6096726917e-01   -7.9578941883e-04
-6.5999022960e-01   -7.9679087947e-04
-6.5901319003e-01   -7.9779562640e-04
-6.5803615046e-01   -7.9880367399e-04
-6.5705911089e-01   -7.9981503670e-04
-6.5608207132e-01   -8.0082972907e-04
-6.5510503175e-01   -8.0184776572e-04
-6.5412799218e-01   -8.0286916138e-04
-6.5315095261e-01   -8.0389393086e-04
-6.5217391304e-01   -8.0492208904e-04
-6.5119687347e-01   -8.0595365091e-04
-6.5021983390e-01   -8.0698863156e-04
-6.4924279433e-01   -8.0802704614e-04
-6.4826575476e-01   -8.0906890992e-04
-6.4728871519e-01   -8.1011423825e-04
-6.4631167562e-01   -8.1116304657e-04
-6.4533463605e-01   -8.1221535043e-04
-6.4435759648e-01   -8.1327116545e-04
-6.4338055691e-01   -8.1433050738e-04
-6.4240351734e-01   -8.1539339204e-04
-6.4142647777e-01   -8.1645983534e-04
-6.4044943820e-01   -8.1752985332e-04
-6.3947239863e-01   -8.1860346208e-04
-6.3849535906e-01   -8.1968067786e-04
-6.3751831949e-01   -8.2076151697e-04
-6.3654127992e-01   -8.2184599582e-04
-6.3556424035e-01   -8.2293413095e-04
-6.3458720078e-01   -8.2402593897e-04
-6.3361016121e-01   -8.2512143661e-04
-6.3263312164e-01   -8.2622064071e-04
-6.3165608207e-01   -8.2732356819e-04
-6.3067904250e-01   -8.2843023610e-04
-6.2970200293e-01   -8.2954066158e-04
-6.2872496336e-01   -8.3065486190e-04
-6.2774792379e-01   -8.3177285441e-04
-6.2677088422e-01   -8.3289465658e-04
-6.2579384465e-01   -8.3402028600e-04
-6.2481680508e-01   -8.3514976035e-04
-6.2383976551e-01   -8.3628309745e-04
-6.2286272594e-01   -8.3742031520e-04
-6.2188568637e-01   -8.3856143163e-04
-6.2090864680e-01   -8.3970646489e-04
-6.1993160723e-01   -8.4085543323e-04
-6.1895456766e-01   -8.4200835503e-04
-6.1797752809e-01   -8.4316524878e-04
-6.1700048852e-01   -8.4432613309e-04
-6.1602344895e-01   -8.4549102667e-04
-6.1504640938e-01   -8.4665994838e-04
-6.1406936981e-01   -8.4783291719e-04
-6.1309233024e-01   -8.4900995218e-04
-6.1211529067e-01   -8.5019107256e-04
-6.1113825110e-01   -8.5137629767e-04
-6.1016121153e-01   -8.5256564697e-04
-6.0918417196e-01   -8.5375914003e-04
-6.0820713239e-01   -8.5495679658e-04
-6.0723009282e-01   -8.5615863644e-04
-6.0625305325e-01   -8.5736467958e-04
-6.0527601368e-01   -8.5857494610e-04
-6.0429897411e-01   -8.5978945623e-04
-6.0332193454e-01   -8.6100823032e-04
-6.0234489497e-01   -8.6223128886e-04
-6.0136785540e-01   -8.6345865248e-04
-6.0039081583e-01   -8.6469034194e-04
-5.9941377626e-01   -8.6592637813e-04
-5.9843673669e-01   -8.6716678208e-04
-5.9745969712e-01   -8.6841157496e-04
-5.9648265755e-01   -8.6966077809e-04
-5.9550561798e-01   -8.7091441291e-04
-5.9452857841e-01   -8.7217250102e-04
-5.9355153884e-01   -8.7343506414e-04
-5.9257449927e-01   -8.7470212416e-04
-5.9159745970e-01   -8.7597370310e-04
-5.9062042013e-01   -8.7724982313e-04
-5.8964338056e-01   -8.7853050656e-04
-5.8866634099e-01   -8.7981577587e-04
-5.8768930142e-01   -8.8110565367e-04
-5.8671226185e-01   -8.8240016272e-04
-5.8573522228e-01   -8.8369932594e-04
-5.8475818271e-01   -8.8500316642e-04
-5.8378114314e-01   -8.8631170737e-04
-5.8280410357e-01   -8.8762497218e-04
-5.8182706400e-01   -8.8894298439e-04
-5.8085002443e-01   -8.9026576771e-04
-5.7987298486e-01   -8.9159334600e-04
-5.7889594529e-01   -8.9292574327e-04
-5.7791890572e-01   -8.9426298373e-04
-5.7694186615e-01   -8.9560509170e-04
-5.7596482658e-01   -8.9695209173e-04
-5.7498778701e-01   -8.9830400848e-04
-5.7401074744e-01   -8.9966086681e-04
-5.7303370787e-01   -9.0102269174e-04
-5.7205666830e-01   -9.0238950847e-04
-5.7107962872e-01   -9.0376134236e-04
-5.7010258915e-01   -9.0513821896e-04
-5.6912554958e-01   -9.0652016398e-04
-5.6814851001e-01   -9.0790720332e-04
-5.6717147044e-01   -9.0929936305e-04
-5.6619443087e-01   -9.1069666943e-04
-5.6521739130e-01   -9.1209914889e-04
-5.6424035173e-01   -9.1350682806e-04
-5.6326331216e-01   -9.1491973373e-04
-5.6228627259e-01   -9.1633789291e-04
-5.6130923302e-01   -9.1776133277e-04
-5.6033219345e-01   -9.1919008069e-04
-5.5935515388e-01   -9.2062416422e-04
-5.5837811431e-01   -9.2206361113e-04
-5.5740107474e-01   -9.2350844936e-04
-5.5642403517e-01   -9.2495870707e-04
-5.5544699560e-01   -9.2641441261e-04
-5.5446995603e-01   -9.2787559451e-04
-5.5349291646e-01   -9.2934228154e-04
-5.5251587689e-01   -9.3081450264e-04
-5.5153883732e-01   -9.3229228697e-04
-5.5056179775e-01   -9.3377566391e-04
-5.4958475818e-01   -9.3526466302e-04
-5.4860771861e-01   -9.3675931410e-04
-5.4763067904e-01   -9.3825964715e-04
-5.4665363947e-01   -9.3976569238e-04
-5.4567659990e-01   -9.4127748023e-04
-5.4469956033e-01   -9.4279504134e-04
-5.4372252076e-01   -9.4431840660e-04
-5.4274548119e-01   -9.4584760710e-04
-5.4176844162e-01   -9.4738267416e-04
-5.4079140205e-01   -9.4892363932e-04
-5.3981436248e-01   -9.5047053437e-04
-5.3883732291e-01   -9.5202339131e-04
-5.3786028334e-01   -9.5358224238e-04
-5.3688324377e-01   -9.5514712006e-04
-5.3590620420e-01   -9.5671805706e-04
-5.3492916463e-01   -9.5829508634e-04
-5.3395212506e-01   -9.5987824109e-04
-5.3297508549e-01   -9.6146755476e-04
-5.3199804592e-01   -9.6306306101e-04
-5.3102100635e-01   -9.6466479380e-04
-5.3004396678e-01   -9.6627278730e-04
-5.2906692721e-01   -9.6788707596e-04
-5.2808988764e-01   -9.6950769446e-04
-5.2711284807e-01   -9.7113467775e-04
-5.2613580850e-01   -9.7276806106e-04
-5.2515876893e-01   -9.7440787984e-04
-5.2418172936e-01   -9.7605416985e-04
-5.2320468979e-01   -9.7770696708e-04
-5.2222765022e-01   -9.7936630782e-04
-5.2125061065e-01   -9.8103222861e-04
-5.2027357108e-01   -9.8270476628e-04
-5.1929653151e-01   -9.8438395793e-04
-5.1831949194e-01   -9.8606984094e-04
-5.1734245237e-01   -9.8776245298e-04
-5.1636541280e-01   -9.8946183200e-04
-5.1538837323e-01   -9.9116801624e-04
-5.1441133366e-01   -9.9288104422e-04
-5.1343429409e-01   -9.9460095478e-04
-5.1245725452e-01   -9.9632778704e-04
-5.1148021495e-01   -9.9806158040e-04
-5.1050317538e-01   -9.9980237461e-04
-5.0952613581e-01   -1.0015502097e-03
-5.0854909624e-01   -1.0033051260e-03
-5.0757205667e-01   -1.0050671641e-03
-5.0659501710e-01   -1.0068363650e-03
-5.0561797753e-01   -1.0086127701e-03
-5.0464093796e-01   -1.0103964208e-03
-5.0366389839e-01   -1.0121873591e-03
-5.0268685882e-01   -1.0139856273e-03
-5.0170981925e-01   -1.0157912680e-03
-5.0073277968e-01   -1.0176043240e-03
-4.9975574011e-01   -1.0194248386e-03
-4.9877870054e-01   -1.0212528554e-03
-4.9780166097e-01   -1.0230884183e-03
-4.9682462140e-01   -1.0249315716e-03
-4.9584758183e-01   -1.0267823599e-03
-4.9487054226e-01   -1.0286408282e-03
-4.9389350269e-01   -1.0305070219e-03
-4.9291646312e-01   -1.0323809866e-03
-4.9193942355e-01   -1.0342627684e-03
-4.9096238398e-01   -1.0361524138e-03
-4.8998534441e-01   -1.0380499694e-03
-4.8900830484e-01   -1.0399554825e-03
-4.8803126527e-01   -1.0418690007e-03
-4.8705422570e-01   -1.0437905718e-03
-4.8607718613e-01   -1.0457202443e-03
-4.8510014656e-01   -1.0476580667e-03
-4.8412310699e-01   -1.0496040883e-03
-4.8314606742e-01   -1.0515583584e-03
-4.8216902785e-01   -1.0535209271e-03
-4.8119198828e-01   -1.0554918445e-03
-4.8021494871e-01   -1.0574711615e-03
-4.7923790914e-01   -1.0594589292e-03
-4.7826086957e-01   -1.0614551991e-03
-4.7728383000e-01   -1.0634600231e-03
-4.7630679043e-01   -1.0654734538e-03
-4.7532975085e-01   -1.0674955439e-03
-4.7435271128e-01   -1.0695263466e-03
-4.7337567171e-01   -1.0715659158e-03
-4.7239863214e-01   -1.0736143055e-03
-4.7142159257e-01   -1.0756715703e-03
-4.7044455300e-01   -1.0777377654e-03
-4.6946751343e-01   -1.0798129462e-03
-4.6849047386e-01   -1.0818971687e-03
-4.6751343429e-01   -1.0839904893e-03
-4.6653639472e-01   -1.0860929651e-03
-4.6555935515e-01   -1.0882046533e-03
-4.6458231558e-01   -1.0903256118e-03
-4.6360527601e-01   -1.0924558991e-03
-4.6262823644e-01   -1.0945955740e-03
-4.6165119687e-01   -1.0967446958e-03
-4.6067415730e-01   -1.0989033245e-03
-4.5969711773e-01   -1.1010715204e-03
-4.5872007816e-01   -1.1032493443e-03
-4.5774303859e-01   -1.1054368578e-03
-4.5676599902e-01   -1.1076341228e-03
-4.5578895945e-01   -1.1098412017e-03
-4.5481191988e-01   -1.1120581575e-03
-4.5383488031e-01   -1.1142850538e-03
-4.5285784074e-01   -1.1165219547e-03
-4.5188080117e-01   -1.1187689248e-03
-4.5090376160e-01   -1.1210260294e-03
-4.4992672203e-01   -1.1232933343e-03
-4.4894968246e-01   -1.1255709058e-03
-4.4797264289e-01   -1.1278588108e-03
-4.4699560332e-01   -1.1301571169e-03
-4.4601856375e-01   -1.1324658922e-03
-4.4504152418e-01   -1.1347852054e-03
-4.4406448461e-01   -1.1371151258e-03
-4.4308744504e-01   -1.1394557233e-03
-4.4211040547e-01   -1.1418070686e-03
-4.4113336590e-01   -1.1441692327e-03
-4.4015632633e-01   -1.1465422876e-03
-4.3917928676e-01   -1.1489263056e-03
-4.3820224719e-01   -1.1513213598e-03
-4.3722520762e-01   -1.1537275240e-03
-4.3624816805e-01   -1.1561448726e-03
-4.3527112848e-01   -1.1585734807e-03
-4.3429408891e-01   -1.1610134240e-03
-4.3331704934e-01   -1.1634647789e-03
-4.3234000977e-01   -1.1659276227e-03
-4.3136297020e-01   -1.1684020331e-03
-4.3038593063e-01   -1.1708880887e-03
-4.2940889106e-01   -1.1733858687e-03
-4.2843185149e-01   -1.1758954532e-03
-4.2745481192e-01   -1.1784169227e-03
-4.2647777235e-01   -1.1809503588e-03
-4.2550073278e-01   -1.1834958437e-03
-4.2452369321e-01   -1.1860534602e-03
-4.2354665364e-01   -1.1886232923e-03
-4.2256961407e-01   -1.1912054242e-03
-4.2159257450e-01   -1.1937999414e-03
-4.2061553493e-01   -1.1964069299e-03
-4.1963849536e-01   -1.1990264765e-03
-4.1866145579e-01   -1.2016586690e-03
-4.1768441622e-01   -1.2043035958e-03
-4.1670737665e-01   -1.2069613463e-03
-4.1573033708e-01   -1.2096320108e-03
-4.1475329751e-01   -1.2123156801e-03
-4.1377625794e-01   -1.2150124463e-03
-4.1279921837e-01   -1.2177224020e-03
-4.1182217880e-01   -1.2204456409e-03
-4.1084513923e-01   -1.2231822575e-03
-4.0986809966e-01   -1.2259323473e-03
-4.0889106009e-01   -1.2286960067e-03
-4.0791402052e-01   -1.2314733328e-03
-4.0693698095e-01   -1.2342644240e-03
-4.0595994138e-01   -1.2370693793e-03
-4.0498290181e-01   -1.2398882989e-03
-4.0400586224e-01   -1.2427212838e-03
-4.0302882267e-01   -1.2455684361e-03
-4.0205178310e-01   -1.2484298589e-03
-4.0107474353e-01   -1.2513056563e-03
-4.0009770396e-01   -1.2541959332e-03
-3.9912066439e-01   -1.2571007958e-03
-3.9814362482e-01   -1.2600203512e-03
-3.9716658525e-01   -1.2629547078e-03
-3.9618954568e-01   -1.2659039746e-03
-3.9521250611e-01   -1.2688682621e-03
-3.9423546654e-01   -1.2718476817e-03
-3.9325842697e-01   -1.2748423460e-03
-3.9228138740e-01   -1.2778523687e-03
-3.9130434783e-01   -1.2808778645e-03
-3.9032730826e-01   -1.2839189494e-03
-3.8935026869e-01   -1.2869757406e-03
-3.8837322912e-01   -1.2900483563e-03
-3.8739618955e-01   -1.2931369161e-03
-3.8641914998e-01   -1.2962415406e-03
-3.8544211041e-01   -1.2993623519e-03
-3.8446507084e-01   -1.3024994730e-03
-3.8348803127e-01   -1.3056530285e-03
-3.8251099170e-01   -1.3088231439e-03
-3.8153395213e-01   -1.3120099464e-03
-3.8055691255e-01   -1.3152135641e-03
-3.7957987298e-01   -1.3184341268e-03
-3.7860283341e-01   -1.3216717653e-03
-3.7762579384e-01   -1.3249266120e-03
-3.7664875427e-01   -1.3281988006e-03
-3.7567171470e-01   -1.3314884661e-03
-3.7469467513e-01   -1.3347957451e-03
-3.7371763556e-01   -1.3381207754e-03
-3.7274059599e-01   -1.3414636964e-03
-3.7176355642e-01   -1.3448246489e-03
-3.7078651685e-01   -1.3482037753e-03
-3.6980947728e-01   -1.3516012194e-03
-3.6883243771e-01   -1.3550171264e-03
-3.6785539814e-01   -1.3584516434e-03
-3.6687835857e-01   -1.3619049187e-03
-3.6590131900e-01   -1.3653771023e-03
-3.6492427943e-01   -1.3688683460e-03
-3.6394723986e-01   -1.3723788030e-03
-3.6297020029e-01   -1.3759086282e-03
-3.6199316072e-01   -1.3794579782e-03
-3.6101612115e-01   -1.3830270114e-03
-3.6003908158e-01   -1.3866158877e-03
-3.5906204201e-01   -1.3902247688e-03
-3.5808500244e-01   -1.3938538184e-03
-3.5710796287e-01   -1.3975032017e-03
-3.5613092330e-01   -1.4011730859e-03
-3.5515388373e-01   -1.4048636398e-03
-3.5417684416e-01   -1.4085750345e-03
-3.5319980459e-01   -1.4123074424e-03
-3.5222276502e-01   -1.4160610384e-03
-3.5124572545e-01   -1.4198359990e-03
-3.5026868588e-01   -1.4236325028e-03
-3.4929164631e-01   -1.4274507303e-03
-3.4831460674e-01   -1.4312908640e-03
-3.4733756717e-01   -1.4351530887e-03
-3.4636052760e-01   -1.4390375910e-03
-3.4538348803e-01   -1.4429445598e-03
-3.4440644846e-01   -1.4468741860e-03
-3.4342940889e-01   -1.4508266628e-03
-3.4245236932e-01   -1.4548021856e-03
-3.4147532975e-01   -1.4588009520e-03
-3.4049829018e-01   -1.4628231617e-03
-3.3952125061e-01   -1.4668690170e-03
-3.3854421104e-01   -1.4709387224e-03
-3.3756717147e-01   -1.4750324848e-03
-3.3659013190e-01   -1.4791505133e-03
-3.3561309233e-01   -1.4832930197e-03
-3.3463605276e-01   -1.4874602182e-03
-3.3365901319e-01   -1.4916523255e-03
-3.3268197362e-01   -1.4958695608e-03
-3.3170493405e-01   -1.5001121459e-03
-3.3072789448e-01   -1.5043803053e-03
-3.2975085491e-01   -1.5086742661e-03
-3.2877381534e-01   -1.5129942580e-03
-3.2779677577e-01   -1.5173405136e-03
-3.2681973620e-01   -1.5217132682e-03
-3.2584269663e-01   -1.5261127601e-03
-3.2486565706e-01   -1.5305392301e-03
-3.2388861749e-01   -1.5349929222e-03
-3.2291157792e-01   -1.5394740833e-03
-3.2193453835e-01   -1.5439829632e-03
-3.2095749878e-01   -1.5485198150e-03
-3.1998045921e-01   -1.5530848945e-03
-3.1900341964e-01   -1.5576784609e-03
-3.1802638007e-01   -1.5623007765e-03
-3.1704934050e-01   -1.5669521069e-03
-3.1607230093e-01   -1.5716327210e-03
-3.1509526136e-01   -1.5763428909e-03
-3.1411822179e-01   -1.5810828922e-03
-3.1314118222e-01   -1.5858530039e-03
-3.1216414265e-01   -1.5906535086e-03
-3.1118710308e-01   -1.5954846921e-03
-3.1021006351e-01   -1.6003468443e-03
-3.0923302394e-01   -1.6052402584e-03
-3.0825598437e-01   -1.6101652315e-03
-3.0727894480e-01   -1.6151220643e-03
-3.0630190523e-01   -1.6201110616e-03
-3.0532486566e-01   -1.6251325318e-03
-3.0434782609e-01   -1.6301867876e-03
-3.0337078652e-01   -1.6352741454e-03
-3.0239374695e-01   -1.6403949259e-03
-3.0141670738e-01   -1.6455494538e-03
-3.0043966781e-01   -1.6507380583e-03
-2.9946262824e-01   -1.6559610726e-03
-2.9848558867e-01   -1.6612188343e-03
-2.9750854910e-01   -1.6665116857e-03
-2.9653150953e-01   -1.6718399732e-03
-2.9555446996e-01   -1.6772040483e-03
-2.9457743039e-01   -1.6826042666e-03
-2.9360039082e-01   -1.6880409888e-03
-2.9262335125e-01   -1.6935145804e-03
-2.9164631168e-01   -1.6990254116e-03
-2.9066927211e-01   -1.7045738579e-03
-2.8969223254e-01   -1.7101602994e-03
-2.8871519297e-01   -1.7157851218e-03
-2.8773815340e-01   -1.7214487158e-03
-2.8676111383e-01   -1.7271514775e-03
-2.8578407426e-01   -1.7328938083e-03
-2.8480703468e-01   -1.7386761153e-03
-2.8382999511e-01   -1.7444988112e-03
-2.8285295554e-01   -1.7503623141e-03
-2.8187591597e-01   -1.7562670483e-03
-2.8089887640e-01   -1.7622134437e-03
-2.7992183683e-01   -1.7682019364e-03
-2.7894479726e-01   -1.7742329684e-03
-2.7796775769e-01   -1.7803069882e-03
-2.7699071812e-01   -1.7864244504e-03
-2.7601367855e-01   -1.7925858161e-03
-2.7503663898e-01   -1.7987915531e-03
-2.7405959941e-01   -1.8050421355e-03
-2.7308255984e-01   -1.8113380446e-03
-2.7210552027e-01   -1.8176797684e-03
-2.7112848070e-01   -1.8240678019e-03
-2.7015144113e-01   -1.8305026475e-03
-2.6917440156e-01   -1.8369848145e-03
-2.6819736199e-01   -1.8435148200e-03
-2.6722032242e-01   -1.8500931885e-03
-2.6624328285e-01   -1.8567204523e-03
-2.6526624328e-01   -1.8633971512e-03
-2.6428920371e-01   -1.8701238335e-03
-2.6331216414e-01   -1.8769010553e-03
-2.6233512457e-01   -1.8837293810e-03
-2.6135808500e-01   -1.8906093835e-03
-2.6038104543e-01   -1.8975416444e-03
-2.5940400586e-01   -1.9045267540e-03
-2.5842696629e-01   -1.9115653113e-03
-2.5744992672e-01   -1.9186579248e-03
-2.5647288715e-01   -1.9258052119e-03
-2.5549584758e-01   -1.9330077998e-03
-2.5451880801e-01   -1.9402663250e-03
-2.5354176844e-01   -1.9475814339e-03
-2.5256472887e-01   -1.9549537831e-03
-2.5158768930e-01   -1.9623840392e-03
-2.5061064973e-01   -1.9698728792e-03
-2.4963361016e-01   -1.9774209908e-03
-2.4865657059e-01   -1.9850290725e-03
-2.4767953102e-01   -1.9926978337e-03
-2.4670249145e-01   -2.0004279952e-03
-2.4572545188e-01   -2.0082202891e-03
-2.4474841231e-01   -2.0160754594e-03
-2.4377137274e-01   -2.0239942618e-03
-2.4279433317e-01   -2.0319774643e-03
-2.4181729360e-01   -2.0400258473e-03
-2.4084025403e-01   -2.0481402039e-03
-2.3986321446e-01   -2.0563213400e-03
-2.3888617489e-01   -2.0645700748e-03
-2.3790913532e-01   -2.0728872409e-03
-2.3693209575e-01   -2.0812736847e-03
-2.3595505618e-01   -2.0897302665e-03
-2.3497801661e-01   -2.0982578610e-03
-2.3400097704e-01   -2.1068573575e-03
-2.3302393747e-01   -2.1155296602e-03
-2.3204689790e-01   -2.1242756886e-03
-2.3106985833e-01   -2.1330963776e-03
-2.3009281876e-01   -2.1419926781e-03
-2.2911577919e-01   -2.1509655573e-03
-2.2813873962e-01   -2.1600159986e-03
-2.2716170005e-01   -2.1691450028e-03
-2.2618466048e-01   -2.1783535878e-03
-2.2520762091e-01   -2.1876427889e-03
-2.2423058134e-01   -2.1970136600e-03
-2.2325354177e-01   -2.2064672729e-03
-2.2227650220e-01   -2.2160047185e-03
-2.2129946263e-01   -2.2256271071e-03
-2.2032242306e-01   -2.2353355683e-03
-2.1934538349e-01   -2.2451312523e-03
-2.1836834392e-01   -2.2550153296e-03
-2.1739130435e-01   -2.2649889918e-03
-2.1641426478e-01   -2.2750534519e-03
-2.1543722521e-01   -2.2852099452e-03
-2.1446018564e-01   -2.2954597292e-03
-2.1348314607e-01   -2.3058040846e-03
-2.1250610650e-01   -2.3162443156e-03
-2.1152906693e-01   -2.3267817506e-03
-2.1055202736e-01   -2.3374177425e-03
-2.0957498779e-01   -2.3481536695e-03
-2.0859794822e-01   -2.3589909357e-03
-2.0762090865e-01   -2.3699309714e-03
-2.0664386908e-01   -2.3809752342e-03
-2.0566682951e-01   -2.3921252092e-03
-2.0468978994e-01   -2.4033824102e-03
-2.0371275037e-01   -2.4147483796e-03
-2.0273571080e-01   -2.4262246897e-03
-2.0175867123e-01   -2.4378129434e-03
-2.0078163166e-01   -2.4495147748e-03
-1.9980459209e-01   -2.4613318496e-03
-1.9882755252e-01   -2.4732658667e-03
-1.9785051295e-01   -2.4853185582e-03
-1.9687347338e-01   -2.4974916909e-03
-1.9589643381e-01   -2.5097870666e-03
-1.9491939424e-01   -2.5222065234e-03
-1.9394235467e-01   -2.5347519363e-03
-1.9296531510e-01   -2.5474252183e-03
-1.9198827553e-01   -2.5602283215e-03
-1.9101123596e-01   -2.5731632378e-03
-1.9003419638e-01   -2.5862319999e-03
-1.8905715681e-01   -2.5994366830e-03
-1.8808011724e-01   -2.6127794049e-03
-1.8710307767e-01   -2.6262623280e-03
-1.8612603810e-01   -2.6398876599e-03
-1.8514899853e-01   -2.6536576549e-03
-1.8417195896e-01   -2.6675746152e-03
-1.8319491939e-01   -2.6816408918e-03
-1.8221787982e-01   -2.6958588866e-03
-1.8124084025e-01   -2.7102310529e-03
-1.8026380068e-01   -2.7247598974e-03
-1.7928676111e-01   -2.7394479814e-03
-1.7830972154e-01   -2.7542979222e-03
-1.7733268197e-01   -2.7693123950e-03
-1.7635564240e-01   -2.7844941342e-03
-1.7537860283e-01   -2.7998459350e-03
-1.7440156326e-01   -2.8153706555e-03
-1.7342452369e-01   -2.8310712180e-03
-1.7244748412e-01   -2.8469506111e-03
-1.7147044455e-01   -2.8630118916e-03
-1.7049340498e-01   -2.8792581861e-03
-1.6951636541e-01   -2.8956926936e-03
-1.6853932584e-01   -2.9123186872e-03
-1.6756228627e-01   -2.9291395162e-03
-1.6658524670e-01   -2.9461586086e-03
-1.6560820713e-01   -2.9633794732e-03
-1.6463116756e-01   -2.9808057023e-03
-1.6365412799e-01   -2.9984409737e-03
-1.6267708842e-01   -3.0162890539e-03
-1.6170004885e-01   -3.0343538001e-03
-1.6072300928e-01   -3.0526391635e-03
-1.5974596971e-01   -3.0711491918e-03
-1.5876893014e-01   -3.0898880326e-03
-1.5779189057e-01   -3.1088599360e-03
-1.5681485100e-01   -3.1280692581e-03
-1.5583781143e-01   -3.1475204641e-03
-1.5486077186e-01   -3.1672181323e-03
-1.5388373229e-01   -3.1871669568e-03
-1.5290669272e-01   -3.2073717519e-03
-1.5192965315e-01   -3.2278374558e-03
-1.5095261358e-01   -3.2485691344e-03
-1.4997557401e-01   -3.2695719857e-03
-1.4899853444e-01   -3.2908513440e-03
-1.4802149487e-01   -3.3124126846e-03
-1.4704445530e-01   -3.3342616280e-03
-1.4606741573e-01   -3.3564039455e-03
-1.4509037616e-01   -3.3788455634e-03
-1.4411333659e-01   -3.4015925691e-03
-1.4313629702e-01   -3.4246512161e-03
-1.4215925745e-01   -3.4480279296e-03
-1.4118221788e-01   -3.4717293129e-03
-1.4020517831e-01   -3.4957621534e-03
-1.3922813874e-01   -3.5201334289e-03
-1.3825109917e-01   -3.5448503144e-03
-1.3727405960e-01   -3.5699201893e-03
-1.3629702003e-01   -3.5953506446e-03
-1.3531998046e-01   -3.6211494904e-03
-1.3434294089e-01   -3.6473247641e-03
-1.3336590132e-01   -3.6738847388e-03
-1.3238886175e-01   -3.7008379314e-03
-1.3141182218e-01   -3.7281931125e-03
-1.3043478261e-01   -3.7559593153e-03
-1.2945774304e-01   -3.7841458457e-03
-1.2848070347e-01   -3.8127622927e-03
-1.2750366390e-01   -3.8418185393e-03
-1.2652662433e-01   -3.8713247736e-03
-1.2554958476e-01   -3.9012915010e-03
-1.2457254519e-01   -3.9317295564e-03
-1.2359550562e-01   -3.9626501173e-03
-1.2261846605e-01   -3.9940647175e-03
-1.2164142648e-01   -4.0259852613e-03
-1.2066438691e-01   -4.0584240387e-03
-1.1968734734e-01   -4.0913937408e-03
-1.1871030777e-01   -4.1249074767e-03
-1.1773326820e-01   -4.1589787907e-03
-1.1675622863e-01   -4.1936216801e-03
-1.1577918906e-01   -4.2288506152e-03
-1.1480214949e-01   -4.2646805586e-03
-1.1382510992e-01   -4.3011269865e-03
-1.1284807035e-01   -4.3382059115e-03
-1.1187103078e-01   -4.3759339053e-03
-1.1089399121e-01   -4.4143281236e-03
-1.0991695164e-01   -4.4534063322e-03
-1.0893991207e-01   -4.4931869343e-03
-1.0796287250e-01   -4.5336889991e-03
-1.0698583293e-01   -4.5749322925e-03
-1.0600879336e-01   -4.6169373091e-03
-1.0503175379e-01   -4.6597253061e-03
-1.0405471422e-01   -4.7033183390e-03
-1.0307767465e-01   -4.7477392996e-03
-1.0210063508e-01   -4.7930119560e-03
-1.0112359551e-01   -4.8391609948e-03
-1.0014655594e-01   -4.8862120661e-03
-9.9169516365e-02   -4.9341918305e-03
-9.8192476795e-02   -4.9831280102e-03
-9.7215437225e-02   -5.0330494414e-03
-9.6238397655e-02   -5.0839861318e-03
-9.5261358085e-02   -5.1359693198e-03
-9.4284318515e-02   -5.1890315387e-03
-9.3307278945e-02   -5.2432066847e-03
-9.2330239375e-02   -5.2985300885e-03
-9.1353199805e-02   -5.3550385924e-03
-9.0376160234e-02   -5.4127706318e-03
-8.9399120664e-02   -5.4717663226e-03
-8.8422081094e-02   -5.5320675534e-03
-8.7445041524e-02   -5.5937180852e-03
-8.6468001954e-02   -5.6567636567e-03
-8.5490962384e-02   -5.7212520976e-03
-8.4513922814e-02   -5.7872334496e-03
-8.3536883244e-02   -5.8547600951e-03
-8.2559843674e-02   -5.9238868965e-03
-8.1582804104e-02   -5.9946713442e-03
-8.0605764533e-02   -6.0671737160e-03
-7.9628724963e-02   -6.1414572481e-03
-7.8651685393e-02   -6.2175883190e-03
-7.7674645823e-02   -6.2956366470e-03
-7.6697606253e-02   -6.3756755027e-03
-7.5720566683e-02   -6.4577819387e-03
-7.4743527113e-02   -6.5420370363e-03
-7.3766487543e-02   -6.6285261725e-03
-7.2789447973e-02   -6.7173393085e-03
-7.1812408403e-02   -6.8085713011e-03
-7.0835368832e-02   -6.9023222408e-03
-6.9858329262e-02   -6.9986978174e-03
-6.8881289692e-02   -7.0978097174e-03
-6.7904250122e-02   -7.1997760552e-03
-6.6927210552e-02   -7.3047218425e-03
-6.5950170982e-02   -7.4127794991e-03
-6.4973131412e-02   -7.5240894098e-03
-6.3996091842e-02   -7.6388005327e-03
-6.3019052272e-02   -7.7570710633e-03
-6.2042012702e-02   -7.8790691625e-03
-6.1064973131e-02   -8.0049737534e-03
-6.0087933561e-02   -8.1349753962e-03
-5.9110893991e-02   -8.2692772505e-03
-5.8133854421e-02   -8.4080961333e-03
-5.7156814851e-02   -8.5516636870e-03
-5.6179775281e-02   -8.7002276680e-03
-5.5202735711e-02   -8.8540533732e-03
-5.4225696141e-02   -9.0134252198e-03
-5.3248656571e-02   -9.1786484998e-03
-5.2271617000e-02   -9.3500513309e-03
-5.1294577430e-02   -9.5279868299e-03
-5.0317537860e-02   -9.7128355403e-03
-4.9340498290e-02   -9.9050081479e-03
-4.8363458720e-02   -1.0104948525e-02
-4.7386419150e-02   -1.0313137152e-02
-4.6409379580e-02   -1.0530094970e-02
-4.5432340010e-02   -1.0756387735e-02
-4.4455300440e-02   -1.0992630935e-02
-4.3478260870e-02   -1.1239495388e-02
-4.2501221299e-02   -1.1497713594e-02
-4.1524181729e-02   -1.1768086992e-02
-4.0547142159e-02   -1.2051494272e-02
-3.9570102589e-02   -1.2348900906e-02
-3.8593063019e-02   -1.2661370136e-02
-3.7616023449e-02   -1.2990075671e-02
-3.6638983879e-02   -1.3336316415e-02
-3.5661944309e-02   -1.3701533617e-02
-3.4684904739e-02   -1.4087330922e-02
-3.3707865169e-02   -1.4495497904e-02
-3.2730825598e-02   -1.4928037816e-02
-3.1753786028e-02   -1.5387200469e-02
-3.0776746458e-02   -1.5875521360e-02
-2.9799706888e-02   -1.6395868513e-02
-2.8822667318e-02   -1.6951498836e-02
-2.7845627748e-02   -1.7546126346e-02
-2.6868588178e-02   -1.8184005282e-02
-2.5891548608e-02   -1.8870032032e-02
-2.4914509038e-02   -1.9609871043e-02
-2.3937469468e-02   -2.0410111572e-02
-2.2960429897e-02   -2.1278464451e-02
-2.1983390327e-02   -2.2224011326e-02
-2.1006350757e-02   -2.3257523453e-02
-2.0029311187e-02   -2.4391873794e-02
-1.9052271617e-02   -2.5642575922e-02
-1.8075232047e-02   -2.7028497693e-02
-1.7098192477e-02   -2.8572819617e-02
-1.6121152907e-02   -3.0304341721e-02
-1.5144113337e-02   -3.2259296299e-02
-1.4167073766e-02   -3.4483910759e-02
-1.3190034196e-02   -3.7038109518e-02
-1.2212994626e-02   -4.0000992808e-02
-1.1235955056e-02   -4.3479173985e-02
-1.0258915486e-02   -4.7619881016e-02
-9.2818759160e-03   -5.2632332592e-02
-8.3048363459e-03   -5.8824203257e-02
-7.3277967758e-03   -6.6667260648e-02
-6.3507572057e-03   -7.6923590944e-02
-5.3737176356e-03   -9.0909524823e-02
-4.3966780655e-03   -1.1111146467e-01
-3.4196384954e-03   -1.4285741560e-01
-2.4425989253e-03   -2.0000019092e-01
-1.4655593552e-03   -3.3333343940e-01
-4.8851978505e-04   -1.0000000000e+00
4.8851978505e-04   1.0000000000e+00
1.4655593552e-03   3.3333343940e-01
2.4425989253e-03   2.0000019092e-01
3.4196384954e-03   1.4285741560e-01
4.3966780655e-03   1.1111146467e-01
5.3737176356e-03   9.0909524823e-02
6.3507572057e-03   7.6923590944e-02
7.3277967758e-03   6.6667260648e-02
8.3048363459e-03   5.8824203257e-02
9.2818759160e-03   5.2632332592e-02
1.0258915486e-02   4.7619881016e-02
1.1235955056e-02   4.3479173985e-02
1.2212994626e-02   4.0000992808e-02
1.3190034196e-02   3.7038109518e-02
1.4167073766e-02   3.4483910759e-02
1.5144113337e-02   3.2259296299e-02
1.6121152907e-02   3.0304341721e-02
1.7098192477e-02   2.8572819617e-02
1.8075232047e-02   2.7028497693e-02
1.9052271617e-02   2.5642575922e-02
2.0029311187e-02   2.4391873794e-02
2.1006350757e-02   2.3257523453e-02
2.1983390327e-02   2.2224011326e-02
2.2960429897e-02   2.1278464451e-02
2.3937469468e-02   2.0410111572e-02
2.4914509038e-02   1.9609871043e-02
2.5891548608e-02   1.8870032032e-02
2.6868588178e-02   1.8184005282e-02
2.7845627748e-02   1.7546126346e-02
2.8822667318e-02   1.6951498836e-02
2.9799706888e-02   1.6395868513e-02
3.0776746458e-02   1.5875521360e-02
3.1753786028e-02   1.5387200469e-02
3.2730825598e-02   1.4928037816e-02
3.3707865169e-02   1.4495497904e-02
3.4684904739e-02   1.4087330922e-02
3.5661944309e-02   1.3701533617e-02
3.6638983879e-02   1.3336316415e-02
3.7616023449e-02   1.2990075671e-02
3.8593063019e-02   1.2661370136e-02
3.9570102589e-02   1.2348900906e-02
4.0547142159e-02   1.2051494272e-02
4.1524181729e-02   1.1768086992e-02
4.2501221299e-02   1.1497713594e-02
4.3478260870e-02   1.1239495388e-02
4.4455300440e-02   1.0992630935e-02
4.5432340010e-02   1.0756387735e-02
4.6409379580e-02   1.0530094970e-02
4.7386419150e-02   1.0313137152e-02
4.8363458720e-02   1.0104948525e-02
4.9340498290e-02   9.9050081479e-03
5.0317537860e-02   9.7128355403e-03
5.1294577430e-02   9.5279868299e-03
5.2271617000e-02   9.3500513309e-03
5.3248656571e-02   9.1786484998e-03
5.4225696141e-02   9.0134252198e-03
5.5202735711e-02   8.8540533732e-03
5.6179775281e-02   8.7002276680e-03
5.7156814851e-02   8.5516636870e-03
5.8133854421e-02   8.4080961333e-03
5.9110893991e-02   8.2692772505e-03
6.0087933561e-02   8.1349753962e-03
6.1064973131e-02   8.0049737534e-03
6.2042012702e-02   7.8790691625e-03
6.3019052272e-02   7.7570710633e-03
6.3996091842e-02   7.6388005327e-03
6.4973131412e-02   7.5240894098e-03
6.5950170982e-02   7.4127794991e-03
6.6927210552e-02   7.3047218425e-03
6.7904250122e-02   7.1997760552e-03
6.8881289692e-02   7.0978097174e-03
6.9858329262e-02   6.9986978174e-03
7.0835368832e-02   6.9023222408e-03
7.1812408403e-02   6.8085713011e-03
7.2789447973e-02   6.7173393085e-03
7.3766487543e-02   6.6285261725e-03
7.4743527113e-02   6.5420370363e-03
7.5720566683e-02   6.4577819387e-03
7.6697606253e-02   6.3756755027e-03
7.7674645823e-02   6.2956366470e-03
7.8651685393e-02   6.2175883190e-03
7.9628724963e-02   6.1414572481e-03
8.0605764533e-02   6.0671737160e-03
8.1582804104e-02   5.9946713442e-03
8.2559843674e-02   5.9238868965e-03
8.3536883244e-02   5.8547600951e-03
8.4513922814e-02   5.7872334496e-03
8.5490962384e-02   5.7212520976e-03
8.6468001954e-02   5.6567636567e-03
8.7445041524e-02   5.5937180852e-03
8.8422081094e-02   5.5320675534e-03
8.9399120664e-02   5.4717663226e-03
9.0376160234e-02   5.4127706318e-03
9.1353199805e-02   5.3550385924e-03
9.2330239375e-02   5.2985300885e-03
9.3307278945e-02   5.2432066847e-03
9.4284318515e-02   5.1890315387e-03
9.5261358085e-02   5.1359693198e-03
9.6238397655e-02   5.0839861318e-03
9.7215437225e-02   5.0330494414e-03
9.8192476795e-02   4.9831280102e-03
9.9169516365e-02   4.9341918305e-03
1.0014655594e-01   4.8862120661e-03
1.0112359551e-01   4.8391609948e-03
1.0210063508e-01   4.7930119560e-03
1.0307767465e-01   4.7477392996e-03
1.0405471422e-01   4.7033183390e-03
1.0503175379e-01   4.6597253061e-03
1.0600879336e-01   4.6169373091e-03
1.0698583293e-01   4.5749322925e-03
1.0796287250e-01   4.5336889991e-03
1.0893991207e-01   4.4931869343e-03
1.0991695164e-01   4.4534063322e-03
1.1089399121e-01   4.4143281236e-03
1.1187103078e-01   4.3759339053e-03
1.1284807035e-01   4.3382059115e-03
1.1382510992e-01   4.3011269865e-03
1.1480214949e-01   4.2646805586e-03
1.1577918906e-01   4.2288506152e-03
1.1675622863e-01   4.1936216801e-03
1.1773326820e-01   4.1589787907e-03
1.1871030777e-01   4.1249074767e-03
1.1968734734e-01   4.0913937408e-03
1.2066438691e-01   4.0584240387e-03
1.2164142648e-01   4.0259852613e-03
1.2261846605e-01   3.9940647175e-03
1.2359550562e-01   3.9626501173e-03
1.2457254519e-01   3.9317295564e-03
1.2554958476e-01   3.9012915010e-03
1.2652662433e-01   3.8713247736e-03
1.2750366390e-01   3.8418185393e-03
1.2848070347e-01   3.8127622927e-03
1.2945774304e-01   3.7841458457e-03
1.3043478261e-01   3.7559593153e-03
1.3141182218e-01   3.7281931125e-03
1.3238886175e-01   3.7008379314e-03
1.3336590132e-01   3.6738847388e-03
1.3434294089e-01   3.6473247641e-03
1.3531998046e-01   3.6211494904e-03
1.3629702003e-01   3.5953506446e-03
1.3727405960e-01   3.5699201893e-03
1.3825109917e-01   3.5448503144e-03
1.3922813874e-01   3.5201334289e-03
1.4020517831e-01   3.4957621534e-03
1.4118221788e-01   3.4717293129e-03
1.4215925745e-01   3.4480279296e-03
1.4313629702e-01   3.4246512161e-03
1.4411333659e-01   3.4015925691e-03
1.4509037616e-01   3.3788455634e-03
1.4606741573e-01   3.3564039455e-03
1.4704445530e-01   3.3342616280e-03
1.4802149487e-01   3.3124126846e-03
1.4899853444e-01   3.2908513440e-03
1.4997557401e-01   3.2695719857e-03
1.5095261358e-01   3.2485691344e-03
1.5192965315e-01   3.2278374558e-03
1.5290669272e-01   3.2073717519e-03
1.5388373229e-01   3.1871669568e-03
1.5486077186e-01   3.1672181323e-03
1.5583781143e-01   3.1475204641e-03
1.5681485100e-01   3.1280692581e-03
1.5779189057e-01   3.1088599360e-03
1.5876893014e-01   3.0898880326e-03
1.5974596971e-01   3.0711491918e-03
1.6072300928e-01   3.0526391635e-03
1.6170004885e-01   3.0343538001e-03
1.6267708842e-01   3.0162890539e-03
1.6365412799e-01   2.9984409737e-03
1.6463116756e-01   2.9808057023e-03
1.6560820713e-01   2.9633794732e-03
1.6658524670e-01   2.9461586086e-03
1.6756228627e-01   2.9291395162e-03
1.6853932584e-01   2.9123186872e-03
1.6951636541e-01   2.8956926936e-03
1.7049340498e-01   2.8792581861e-03
1.7147044455e-01   2.8630118916e-03
1.7244748412e-01   2.8469506111e-03
1.7342452369e-01   2.8310712180e-03
1.7440156326e-01   2.8153706555e-03
1.7537860283e-01   2.7998459350e-03
1.7635564240e-01   2.7844941342e-03
1.7733268197e-01   2.7693123950e-03
1.7830972154e-01   2.7542979222e-03
1.7928676111e-01   2.7394479814e-03
1.8026380068e-01   2.7247598974e-03
1.8124084025e-01   2.7102310529e-03
1.8221787982e-01   2.6958588866e-03
1.8319491939e-01   2.6816408918e-03
1.8417195896e-01   2.6675746152e-03
1.8514899853e-01   2.6536576549e-03
1.8612603810e-01   2.6398876599e-03
1.8710307767e-01   2.6262623280e-03
1.8808011724e-01   2.6127794049e-03
1.8905715681e-01   2.5994366830e-03
1.9003419638e-01   2.5862319999e-03
1.9101123596e-01   2.5731632378e-03
1.9198827553e-01   2.5602283215e-03
1.9296531510e-01   2.5474252183e-03
1.9394235467e-01   2.5347519363e-03
1.9491939424e-01   2.5222065234e-03
1.9589643381e-01   2.5097870666e-03
1.9687347338e-01   2.4974916909e-03
1.9785051295e-01   2.4853185582e-03
1.9882755252e-01   2.4732658667e-03
1.9980459209e-01   2.4613318496e-03
2.0078163166e-01   2.4495147748e-03
2.0175867123e-01   2.4378129434e-03
2.0273571080e-01   2.4262246897e-03
2.0371275037e-01   2.4147483796e-03
2.0468978994e-01   2.4033824102e-03
2.0566682951e-01   2.3921252092e-03
2.0664386908e-01   2.3809752342e-03
2.0762090865e-01   2.3699309714e-03
2.0859794822e-01   2.3589909357e-03
2.0957498779e-01   2.3481536695e-03
2.1055202736e-01   2.3374177425e-03
2.1152906693e-01   2.3267817506e-03
2.1250610650e-01   2.3162443156e-03
2.1348314607e-01   2.3058040846e-03
2.1446018564e-01   2.2954597292e-03
2.1543722521e-01   2.2852099452e-03
2.1641426478e-01   2.2750534519e-03
2.1739130435e-01   2.2649889918e-03
2.1836834392e-01   2.2550153296e-03
2.1934538349e-01   2.2451312523e-03
2.2032242306e-01   2.2353355683e-03
2.2129946263e-01   2.2256271071e-03
2.2227650220e-01   2.2160047185e-03
2.2325354177e-01   2.2064672729e-03
2.2423058134e-01   2.1970136600e-03
2.2520762091e-01   2.1876427889e-03
2.2618466048e-01   2.1783535878e-03
2.2716170005e-01   2.1691450028e-03
2.2813873962e-01   2.1600159986e-03
2.2911577919e-01   2.1509655573e-03
2.3009281876e-01   2.1419926781e-03
2.3106985833e-01   2.1330963776e-03
2.3204689790e-01   2.1242756886e-03
2.3302393747e-01   2.1155296602e-03
2.3400097704e-01   2.1068573575e-03
2.3497801661e-01   2.0982578610e-03
2.3595505618e-01   2.0897302665e-03
2.3693209575e-01   2.0812736847e-03
2.3790913532e-01   2.0728872409e-03
2.3888617489e-01   2.0645700748e-03
2.3986321446e-01   2.0563213400e-03
2.4084025403e-01   2.0481402039e-03
2.4181729360e-01   2.0400258473e-03
2.4279433317e-01   2.0319774643e-03
2.4377137274e-01   2.0239942618e-03
2.4474841231e-01   2.0160754594e-03
2.4572545188e-01   2.0082202891e-03
2.4670249145e-01   2.0004279952e-03
2.4767953102e-01   1.9926978337e-03
2.4865657059e-01   1.9850290725e-03
2.4963361016e-01   1.9774209908e-03
2.5061064973e-01   1.9698728792e-03
2.5158768930e-01   1.9623840392e-03
2.5256472887e-01   1.9549537831e-03
2.5354176844e-01   1.9475814339e-03
2.5451880801e-01   1.9402663250e-03
2.5549584758e-01   1.9330077998e-03
2.5647288715e-01   1.9258052119e-03
2.5744992672e-01   1.9186579248e-03
2.5842696629e-01   1.9115653113e-03
2.5940400586e-01   1.9045267540e-03
2.6038104543e-01   1.8975416444e-03
2.6135808500e-01   1.8906093835e-03
2.6233512457e-01   1.8837293810e-03
2.6331216414e-01   1.8769010553e-03
2.6428920371e-01   1.8701238335e-03
2.6526624328e-01   1.8633971512e-03
2.6624328285e-01   1.8567204523e-03
2.6722032242e-01   1.8500931885e-03
2.6819736199e-01   1.8435148200e-03
2.6917440156e-01   1.8369848145e-03
2.7015144113e-01   1.8305026475e-03
2.7112848070e-01   1.8240678019e-03
2.7210552027e-01   1.8176797684e-03
2.7308255984e-01   1.8113380446e-03
2.7405959941e-01   1.8050421355e-03
2.7503663898e-01   1.7987915531e-03
2.7601367855e-01   1.7925858161e-03
2.7699071812e-01   1.7864244504e-03
2.7796775769e-01   1.7803069882e-03
2.7894479726e-01   1.7742329684e-03
2.7992183683e-01   1.7682019364e-03
2.8089887640e-01   1.7622134437e-03
2.8187591597e-01   1.7562670483e-03
2.8285295554e-01   1.7503623141e-03
2.8382999511e-01   1.7444988112e-03
2.8480703468e-01   1.7386761153e-03
2.8578407426e-01   1.7328938083e-03
2.8676111383e-01   1.7271514775e-03
2.8773815340e-01   1.7214487158e-03
2.8871519297e-01   1.7157851218e-03
2.8969223254e-01   1.7101602994e-03
2.9066927211e-01   1.7045738579e-03
2.9164631168e-01   1.6990254116e-03
2.9262335125e-01   1.6935145804e-03
2.9360039082e-01   1.6880409888e-03
2.9457743039e-01   1.6826042666e-03
2.9555446996e-01   1.6772040483e-03
2.9653150953e-01   1.6718399732e-03
2.9750854910e-01   1.6665116857e-03
2.9848558867e-01   1.6612188343e-03
2.9946262824e-01   1.6559610726e-03
3.0043966781e-01   1.6507380583e-03
3.0141670738e-01   1.6455494538e-03
3.0239374695e-01   1.6403949259e-03
3.0337078652e-01   1.6352741454e-03
3.0434782609e-01   1.6301867876e-03
3.0532486566e-01   1.6251325318e-03
3.0630190523e-01   1.6201110616e-03
3.0727894480e-01   1.6151220643e-03
3.0825598437e-01   1.6101652315e-03
3.0923302394e-01   1.6052402584e-03
3.1021006351e-01   1.6003468443e-03
3.1118710308e-01   1.5954846921e-03
3.1216414265e-01   1.5906535086e-03
3.1314118222e-01   1.5858530039e-03
3.1411822179e-01   1.5810828922e-03
3.1509526136e-01   1.5763428909e-03
3.1607230093e-01   1.5716327210e-03
3.1704934050e-01   1.5669521069e-03
3.1802638007e-01   1.5623007765e-03
3.1900341964e-01   1.5576784609e-03
3.1998045921e-01   1.5530848945e-03
3.2095749878e-01   1.5485198150e-03
3.2193453835e-01   1.5439829632e-03
3.2291157792e-01   1.5394740833e-03
3.2388861749e-01   1.5349929222e-03
3.2486565706e-01   1.5305392301e-03
3.2584269663e-01   1.5261127601e-03
3.2681973620e-01   1.5217132682e-03
3.2779677577e-01   1.5173405136e-03
3.2877381534e-01   1.5129942580e-03
3.2975085491e-01   1.5086742661e-03
3.3072789448e-01   1.5043803053e-03
3.3170493405e-01   1.5001121459e-03
3.3268197362e-01   1.4958695608e-03
3.3365901319e-01   1.4916523255e-03
3.3463605276e-01   1.4874602182e-03
3.3561309233e-01   1.4832930197e-03
3.3659013190e-01   1.4791505133e-03
3.3756717147e-01   1.4750324848e-03
3.3854421104e-01   1.4709387224e-03
3.3952125061e-01   1.4668690170e-03
3.4049829018e-01   1.4628231617e-03
3.4147532975e-01   1.4588009520e-03
3.4245236932e-01   1.4548021856e-03
3.4342940889e-01   1.4508266628e-03
3.4440644846e-01   1.4468741860e-03
3.4538348803e-01   1.4429445598e-03
3.4636052760e-01   1.4390375910e-03
3.4733756717e-01   1.4351530887e-03
3.4831460674e-01   1.4312908640e-03
3.4929164631e-01   1.4274507303e-03
3.5026868588e-01   1.4236325028e-03
3.5124572545e-01   1.4198359990e-03
3.5222276502e-01   1.4160610384e-03
3.5319980459e-01   1.4123074424e-03
3.5417684416e-01   1.4085750345e-03
3.5515388373e-01   1.4048636398e-03
3.5613092330e-01   1.4011730859e-03
3.5710796287e-01   1.3975032017e-03
3.5808500244e-01   1.3938538184e-03
3.5906204201e-01   1.3902247688e-03
3.6003908158e-01   1.3866158877e-03
3.6101612115e-01   1.3830270114e-03
3.6199316072e-01   1.3794579782e-03
3.6297020029e-01   1.3759086282e-03
3.6394723986e-01   1.3723788030e-03
3.6492427943e-01   1.3688683460e-03
3.6590131900e-01   1.3653771023e-03
3.6687835857e-01   1.3619049187e-03
3.6785539814e-01   1.3584516434e-03
3.6883243771e-01   1.3550171264e-03
3.6980947728e-01   1.3516012194e-03
3.7078651685e-01   1.3482037753e-03
3.7176355642e-01   1.3448246489e-03
3.7274059599e-01   1.3414636964e-03
3.7371763556e-01   1.3381207754e-03
3.7469467513e-01   1.3347957451e-03
3.7567171470e-01   1.3314884661e-03
3.7664875427e-01   1.3281988006e-03
3.7762579384e-01   1.3249266120e-03
3.7860283341e-01   1.3216717653e-03
3.7957987298e-01   1.3184341268e-03
3.8055691255e-01   1.3152135641e-03
3.8153395213e-01   1.3120099464e-03
3.8251099170e-01   1.3088231439e-03
3.8348803127e-01   1.3056530285e-03
3.8446507084e-01   1.3024994730e-03
3.8544211041e-01   1.2993623519e-03
3.8641914998e-01   1.2962415406e-03
3.8739618955e-01   1.2931369161e-03
3.8837322912e-01   1.2900483563e-03
3.8935026869e-01   1.2869757406e-03
3.9032730826e-01   1.2839189494e-03
3.9130434783e-01   1.2808778645e-03
3.9228138740e-01   1.2778523687e-03
3.9325842697e-01   1.2748423460e-03
3.9423546654e-01   1.2718476817e-03
3.9521250611e-01   1.2688682621e-03
3.9618954568e-01   1.2659039746e-03
3.9716658525e-01   1.2629547078e-03
3.9814362482e-01   1.2600203512e-03
3.9912066439e-01   1.2571007958e-03
4.0009770396e-01   1.2541959332e-03
4.0107474353e-01   1.2513056563e-03
4.0205178310e-01   1.2484298589e-03
4.0302882267e-01   1.2455684361e-03
4.0400586224e-01   1.2427212838e-03
4.0498290181e-01   1.2398882989e-03
4.0595994138e-01   1.2370693793e-03
4.0693698095e-01   1.2342644240e-03
4.0791402052e-01   1.2314733328e-03
4.0889106009e-01   1.2286960067e-03
4.0986809966e-01   1.2259323473e-03
4.1084513923e-01   1.2231822575e-03
4.1182217880e-01   1.2204456409e-03
4.1279921837e-01   1.2177224020e-03
4.1377625794e-01   1.2150124463e-03
4.1475329751e-01   1.2123156801e-03
4.1573033708e-01   1.2096320108e-03
4.1670737665e-01   1.2069613463e-03
4.1768441622e-01   1.2043035958e-03
4.1866145579e-01   1.2016586690e-03
4.1963849536e-01   1.1990264765e-03
4.2061553493e-01   1.1964069299e-03
4.2159257450e-01   1.1937999414e-03
4.2256961407e-01   1.1912054242e-03
4.2354665364e-01   1.1886232923e-03
4.2452369321e-01   1.1860534602e-03
4.2550073278e-01   1.1834958437e-03
4.2647777235e-01   1.1809503588e-03
4.2745481192e-01   1.1784169227e-03
4.2843185149e-01   1.1758954532e-03
4.2940889106e-01   1.1733858687e-03
4.3038593063e-01   1.1708880887e-03
4.3136297020e-01   1.1684020331e-03
4.3234000977e-01   1.1659276227e-03
4.3331704934e-01   1.1634647789e-03
4.3429408891e-01   1.1610134240e-03
4.3527112848e-01   1.1585734807e-03
4.3624816805e-01   1.1561448726e-03
4.3722520762e-01   1.1537275240e-03
4.3820224719e-01   1.1513213598e-03
4.3917928676e-01   1.1489263056e-03
4.4015632633e-01   1.1465422876e-03
4.4113336590e-01   1.1441692327e-03
4.4211040547e-01   1.1418070686e-03
4.4308744504e-01   1.1394557233e-03
4.4406448461e-01   1.1371151258e-03
4.4504152418e-01   1.1347852054e-03
4.4601856375e-01   1.1324658922e-03
4.4699560332e-01   1.1301571169e-03
4.4797264289e-01   1.1278588108e-03
4.4894968246e-01   1.1255709058e-03
4.4992672203e-01   1.1232933343e-03
4.5090376160e-01   1.1210260294e-03
4.5188080117e-01   1.1187689248e-03
4.5285784074e-01   1.1165219547e-03
4.5383488031e-01   1.1142850538e-03
4.5481191988e-01   1.1120581575e-03
4.5578895945e-01   1.1098412017e-03
4.5676599902e-01   1.1076341228e-03
4.5774303859e-01   1.1054368578e-03
4.5872007816e-01   1.1032493443e-03
4.5969711773e-01   1.1010715204e-03
4.6067415730e-01   1.0989033245e-03
4.6165119687e-01   1.0967446958e-03
4.6262823644e-01   1.0945955740e-03
4.6360527601e-01   1.0924558991e-03
4.6458231558e-01   1.0903256118e-03
4.6555935515e-01   1.0882046533e-03
4.6653639472e-01   1.0860929651e-03
4.6751343429e-01   1.0839904893e-03
4.6849047386e-01   1.0818971687e-03
4.6946751343e-01   1.0798129462e-03
4.7044455300e-01   1.0777377654e-03
4.7142159257e-01   1.0756715703e-03
4.7239863214e-01   1.0736143055e-03
4.7337567171e-01   1.0715659158e-03
4.7435271128e-01   1.0695263466e-03
4.7532975085e-01   1.0674955439e-03
4.7630679043e-01   1.0654734538e-03
4.7728383000e-01   1.0634600231e-03
4.7826086957e-01   1.0614551991e-03
4.7923790914e-01   1.0594589292e-03
4.8021494871e-01   1.0574711615e-03
4.8119198828e-01   1.0554918445e-03
4.8216902785e-01   1.0535209271e-03
4.8314606742e-01   1.0515583584e-03
4.8412310699e-01   1.0496040883e-03
4.8510014656e-01   1.0476580667e-03
4.8607718613e-01   1.0457202443e-03
4.8705422570e-01   1.0437905718e-03
4.8803126527e-01   1.0418690007e-03
4.8900830484e-01   1.0399554825e-03
4.8998534441e-01   1.0380499694e-03
4.9096238398e-01   1.0361524138e-03
4.9193942355e-01   1.0342627684e-03
4.9291646312e-01   1.0323809866e-03
4.9389350269e-01   1.0305070219e-03
4.9487054226e-01   1.0286408282e-03
4.9584758183e-01   1.0267823599e-03
4.9682462140e-01   1.0249315716e-03
4.9780166097e-01   1.0230884183e-03
4.9877870054e-01   1.0212528554e-03
4.9975574011e-01   1.0194248386e-03
5.0073277968e-01   1.0176043240e-03
5.0170981925e-01   1.0157912680e-03
5.0268685882e-01   1.0139856273e-03
5.0366389839e-01   1.0121873591e-03
5.0464093796e-01   1.0103964208e-03
5.0561797753e-01   1.0086127701e-03
5.0659501710e-01   1.0068363650e-03
5.0757205667e-01   1.0050671641e-03
5.0854909624e-01   1.0033051260e-03
5.0952613581e-01   1.0015502097e-03
5.1050317538e-01   9.9980237461e-04
5.1148021495e-01   9.9806158040e-04
5.1245725452e-01   9.9632778704e-04
5.1343429409e-01   9.9460095478e-04
5.1441133366e-01   9.9288104422e-04
5.1538837323e-01   9.9116801624e-04
5.1636541280e-01   9.8946183200e-04
5.1734245237e-01   9.8776245298e-04
5.1831949194e-01   9.8606984094e-04
5.1929653151e-01   9.8438395793e-04
5.2027357108e-01   9.8270476628e-04
5.2125061065e-01   9.8103222861e-04
5.2222765022e-01   9.7936630782e-04
5.2320468979e-01   9.7770696708e-04
5.2418172936e-01   9.7605416985e-04
5.2515876893e-01   9.7440787984e-04
5.2613580850e-01   9.7276806106e-04
5.2711284807e-01   9.7113467775e-04
5.2808988764e-01   9.6950769446e-04
5.2906692721e-01   9.6788707596e-04
5.3004396678e-01   9.6627278730e-04
5.3102100635e-01   9.6466479380e-04
5.3199804592e-01   9.6306306101e-04
5.3297508549e-01   9.6146755476e-04
5.3395212506e-01   9.5987824109e-04
5.3492916463e-01   9.5829508634e-04
5.3590620420e-01   9.5671805706e-04
5.3688324377e-01   9.5514712006e-04
5.3786028334e-01   9.5358224238e-04
5.3883732291e-01   9.5202339131e-04
5.3981436248e-01   9.5047053437e-04
5.4079140205e-01   9.4892363932e-04
5.4176844162e-01   9.4738267416e-04
5.4274548119e-01   9.4584760710e-04
5.4372252076e-01   9.4431840660e-04
5.4469956033e-01   9.4279504134e-04
5.4567659990e-01   9.4127748023e-04
5.4665363947e-01   9.3976569238e-04
5.4763067904e-01   9.3825964715e-04
5.4860771861e-01   9.3675931410e-04
5.4958475818e-01   9.3526466302e-04
5.5056179775e-01   9.3377566391e-04
5.5153883732e-01   9.3229228697e-04
5.5251587689e-01   9.3081450264e-04
5.5349291646e-01   9.2934228154e-04
5.5446995603e-01   9.2787559451e-04
5.5544699560e-01   9.2641441261e-04
5.5642403517e-01   9.2495870707e-04
5.5740107474e-01   9.2350844936e-04
5.5837811431e-01   9.2206361113e-04
5.5935515388e-01   9.2062416422e-04
5.6033219345e-01   9.1919008069e-04
5.6130923302e-01   9.1776133277e-04
5.6228627259e-01   9.1633789291e-04
5.6326331216e-01   9.1491973373e-04
5.6424035173e-01   9.1350682806e-04
5.6521739130e-01   9.1209914889e-04
5.6619443087e-01   9.1069666943e-04
5.6717147044e-01   9.0929936305e-04
5.6814851001e-01   9.0790720332e-04
5.6912554958e-01   9.0652016398e-04
5.7010258915e-01   9.0513821896e-04
5.7107962872e-01   9.0376134236e-04
5.7205666830e-01   9.0238950847e-04
5.7303370787e-01   9.0102269174e-04
5.7401074744e-01   8.9966086681e-04
5.7498778701e-01   8.9830400848e-04
5.7596482658e-01   8.9695209173e-04
5.7694186615e-01   8.9560509170e-04
5.7791890572e-01   8.9426298373e-04
5.7889594529e-01   8.9292574327e-04
5.7987298486e-01   8.9159334600e-04
5.8085002443e-01   8.9026576771e-04
5.8182706400e-01   8.8894298439e-04
5.8280410357e-01   8.8762497218e-04
5.8378114314e-01   8.8631170737e-04
5.8475818271e-01   8.8500316642e-04
5.8573522228e-01   8.8369932594e-04
5.8671226185e-01   8.8240016272e-04
5.8768930142e-01   8.8110565367e-04
5.8866634099e-01   8.7981577587e-04
5.8964338056e-01   8.7853050656e-04
5.9062042013e-01   8.7724982313e-04
5.9159745970e-01   8.7597370310e-04
5.9257449927e-01   8.7470212416e-04
5.9355153884e-01   8.7343506414e-04
5.9452857841e-01   8.7217250102e-04
5.9550561798e-01   8.7091441291e-04
5.9648265755e-01   8.6966077809e-04
5.9745969712e-01   8.6841157496e-04
5.9843673669e-01   8.6716678208e-04
5.9941377626e-01   8.6592637813e-04
6.0039081583e-01   8.6469034194e-04
6.0136785540e-01   8.6345865248e-04
6.0234489497e-01   8.6223128886e-04
6.0332193454e-01   8.6100823032e-04
6.0429897411e-01   8.5978945623e-04
6.0527601368e-01   8.5857494610e-04
6.0625305325e-01   8.5736467958e-04
6.0723009282e-01   8.5615863644e-04
6.0820713239e-01   8.5495679658e-04
6.0918417196e-01   8.5375914003e-04
6.1016121153e-01   8.5256564697e-04
6.1113825110e-01   8.5137629767e-04
6.1211529067e-01   8.5019107256e-04
6.1309233024e-01   8.4900995218e-04
6.1406936981e-01   8.4783291719e-04
6.1504640938e-01   8.4665994838e-04
6.1602344895e-01   8.4549102667e-04
6.1700048852e-01   8.4432613309e-04
6.1797752809e-01   8.4316524878e-04
6.1895456766e-01   8.4200835503e-04
6.1993160723e-01   8.4085543323e-04
6.2090864680e-01   8.3970646489e-04
6.2188568637e-01   8.3856143163e-04
6.2286272594e-01   8.3742031520e-04
6.2383976551e-01   8.3628309745e-04
6.2481680508e-01   8.3514976035e-04
6.2579384465e-01   8.3402028600e-04
6.2677088422e-01   8.3289465658e-04
6.2774792379e-01   8.3177285441e-04
6.2872496336e-01   8.3065486190e-04
6.2970200293e-01   8.2954066158e-04
6.3067904250e-01   8.2843023610e-04
6.3165608207e-01   8.2732356819e-04
6.3263312164e-01   8.2622064071e-04
6.3361016121e-01   8.2512143661e-04
6.3458720078e-01   8.2402593897e-04
6.3556424035e-01   8.2293413095e-04
6.3654127992e-01   8.2184599582e-04
6.3751831949e-01   8.2076151697e-04
6.3849535906e-01   8.1968067786e-04
6.3947239863e-01   8.1860346208e-04
6.4044943820e-01   8.1752985332e-04
6.4142647777e-01   8.1645983534e-04
6.4240351734e-01   8.1539339204e-04
6.4338055691e-01   8.1433050738e-04
6.4435759648e-01   8.1327116545e-04
6.4533463605e-01   8.1221535043e-04
6.4631167562e-01   8.1116304657e-04
6.4728871519e-01   8.1011423825e-04
6.4826575476e-01   8.0906890992e-04
6.4924279433e-01   8.0802704614e-04
6.5021983390e-01   8.0698863156e-04
6.5119687347e-01   8.0595365091e-04
6.5217391304e-01   8.0492208904e-04
6.5315095261e-01   8.0389393086e-04
6.5412799218e-01   8.0286916138e-04
6.5510503175e-01   8.0184776572e-04
6.5608207132e-01   8.0082972907e-04
6.5705911089e-01   7.9981503670e-04
6.5803615046e-01   7.9880367399e-04
6.5901319003e-01   7.9779562640e-04
6.5999022960e-01   7.9679087947e-04
6.6096726917e-01   7.9578941883e-04
6.6194430874e-01   7.9479123020e-04
6.6292134831e-01   7.9379629938e-04
6.6389838788e-01   7.9280461224e-04
6.6487542745e-01   7.9181615477e-04
6.6585246702e-01   7.9083091301e-04
6.6682950660e-01   7.8984887310e-04
6.6780654617e-01   7.8887002125e-04
6.6878358574e-01   7.8789434376e-04
6.6976062531e-01   7.8692182700e-04
6.7073766488e-01   7.8595245743e-04
6.7171470445e-01   7.8498622159e-04
6.7269174402e-01   7.8402310609e-04
6.7366878359e-01   7.8306309763e-04
6.7464582316e-01   7.8210618298e-04
6.7562286273e-01   7.8115234898e-04
6.7659990230e-01   7.8020158257e-04
6.7757694187e-01   7.7925387073e-04
6.7855398144e-01   7.7830920056e-04
6.7953102101e-01   7.7736755919e-04
6.8050806058e-01   7.7642893385e-04
6.8148510015e-01   7.7549331185e-04
6.8246213972e-01   7.7456068056e-04
6.8343917929e-01   7.7363102742e-04
6.8441621886e-01   7.7270433994e-04
6.8539325843e-01   7.7178060573e-04
6.8637029800e-01   7.7085981244e-04
6.8734733757e-01   7.6994194779e-04
6.8832437714e-01   7.6902699960e-04
6.8930141671e-01   7.6811495573e-04
6.9027845628e-01   7.6720580413e-04
6.9125549585e-01   7.6629953280e-04
6.9223253542e-01   7.6539612983e-04
6.9320957499e-01   7.6449558335e-04
6.9418661456e-01   7.6359788158e-04
6.9516365413e-01   7.6270301280e-04
6.9614069370e-01   7.6181096536e-04
6.9711773327e-01   7.6092172767e-04
6.9809477284e-01   7.6003528820e-04
6.9907181241e-01   7.5915163550e-04
7.0004885198e-01   7.5827075818e-04
7.0102589155e-01   7.5739264490e-04
7.0200293112e-01   7.5651728441e-04
7.0297997069e-01   7.5564466549e-04
7.0395701026e-01   7.5477477701e-04
7.0493404983e-01   7.5390760790e-04
7.0591108940e-01   7.5304314714e-04
7.0688812897e-01   7.5218138377e-04
7.0786516854e-01   7.5132230690e-04
7.0884220811e-01   7.5046590571e-04
7.0981924768e-01   7.4961216941e-04
7.1079628725e-01   7.4876108730e-04
7.1177332682e-01   7.4791264873e-04
7.1275036639e-01   7.4706684310e-04
7.1372740596e-01   7.4622365988e-04
7.1470444553e-01   7.4538308858e-04
7.1568148510e-01   7.4454511880e-04
7.1665852467e-01   7.4370974017e-04
7.1763556424e-01   7.4287694239e-04
7.1861260381e-01   7.4204671521e-04
7.1958964338e-01   7.4121904843e-04
7.2056668295e-01   7.4039393193e-04
7.2154372252e-01   7.3957135562e-04
7.2252076209e-01   7.3875130947e-04
7.2349780166e-01   7.3793378353e-04
7.2447484123e-01   7.3711876786e-04
7.2545188080e-01   7.3630625261e-04
7.2642892037e-01   7.3549622798e-04
7.2740595994e-01   7.3468868420e-04
7.2838299951e-01   7.3388361157e-04
7.2936003908e-01   7.3308100045e-04
7.3033707865e-01   7.3228084124e-04
7.3131411822e-01   7.3148312439e-04
7.3229115779e-01   7.3068784042e-04
7.3326819736e-01   7.2989497986e-04
7.3424523693e-01   7.2910453335e-04
7.3522227650e-01   7.2831649152e-04
7.3619931607e-01   7.2753084510e-04
7.3717635564e-01   7.2674758485e-04
7.3815339521e-01   7.2596670156e-04
7.3913043478e-01   7.2518818610e-04
7.4010747435e-01   7.2441202937e-04
7.4108451392e-01   7.2363822234e-04
7.4206155349e-01   7.2286675600e-04
7.4303859306e-01   7.2209762140e-04
7.4401563263e-01   7.2133080964e-04
7.4499267220e-01   7.2056631188e-04
7.4596971177e-01   7.1980411930e-04
7.4694675134e-01   7.1904422313e-04
7.4792379091e-01   7.1828661468e-04
7.4890083048e-01   7.1753128527e-04
7.4987787005e-01   7.1677822628e-04
7.5085490962e-01   7.1602742912e-04
7.5183194919e-01   7.1527888528e-04
7.5280898876e-01   7.1453258627e-04
7.5378602833e-01   7.1378852363e-04
7.5476306790e-01   7.1304668898e-04
7.5574010747e-01   7.1230707397e-04
7.5671714704e-01   7.1156967027e-04
7.5769418661e-01   7.1083446963e-04
7.5867122618e-01   7.1010146382e-04
7.5964826575e-01   7.0937064467e-04
7.6062530532e-01   7.0864200402e-04
7.6160234489e-01   7.0791553380e-04
7.6257938447e-01   7.0719122595e-04
7.6355642404e-01   7.0646907245e-04
7.6453346361e-01   7.0574906533e-04
7.6551050318e-01   7.0503119667e-04
7.6648754275e-01   7.0431545858e-04
7.6746458232e-01   7.0360184322e-04
7.6844162189e-01   7.0289034277e-04
7.6941866146e-01   7.0218094947e-04
7.7039570103e-01   7.0147365560e-04
7.7137274060e-01   7.0076845346e-04
7.7234978017e-01   7.0006533542e-04
7.7332681974e-01   6.9936429387e-04
7.7430385931e-01   6.9866532123e-04
7.7528089888e-01   6.9796840997e-04
7.7625793845e-01   6.9727355262e-04
7.7723497802e-01   6.9658074171e-04
7.7821201759e-01   6.9588996982e-04
7.7918905716e-01   6.9520122959e-04
7.8016609673e-01   6.9451451367e-04
7.8114313630e-01   6.9382981476e-04
7.8212017587e-01   6.9314712559e-04
7.8309721544e-01   6.9246643894e-04
7.8407425501e-01   6.9178774762e-04
7.8505129458e-01   6.9111104447e-04
7.8602833415e-01   6.9043632237e-04
7.8700537372e-01   6.8976357424e-04
7.8798241329e-01   6.8909279303e-04
7.8895945286e-01   6.8842397174e-04
7.8993649243e-01   6.8775710337e-04
7.9091353200e-01   6.8709218100e-04
7.9189057157e-01   6.8642919772e-04
7.9286761114e-01   6.8576814665e-04
7.9384465071e-01   6.8510902095e-04
7.9482169028e-01   6.8445181384e-04
7.9579872985e-01   6.8379651852e-04
7.9677576942e-01   6.8314312828e-04
7.9775280899e-01   6.8249163641e-04
7.9872984856e-01   6.8184203624e-04
7.9970688813e-01   6.8119432113e-04
8.0068392770e-01   6.8054848449e-04
8.0166096727e-01   6.7990451974e-04
8.0263800684e-01   6.7926242035e-04
8.0361504641e-01   6.7862217982e-04
8.0459208598e-01   6.7798379167e-04
8.0556912555e-01   6.7734724946e-04
8.0654616512e-01   6.7671254678e-04
8.0752320469e-01   6.7607967726e-04
8.0850024426e-01   6.7544863456e-04
8.0947728383e-01   6.7481941235e-04
8.1045432340e-01   6.7419200436e-04
8.1143136297e-01   6.7356640434e-04
8.1240840254e-01   6.7294260606e-04
8.1338544211e-01   6.7232060333e-04
8.1436248168e-01   6.7170039000e-04
8.1533952125e-01   6.7108195993e-04
8.1631656082e-01   6.7046530702e-04
8.1729360039e-01   6.6985042521e-04
8.1827063996e-01   6.6923730845e-04
8.1924767953e-01   6.6862595072e-04
8.2022471910e-01   6.6801634606e-04
8.2120175867e-01   6.6740848850e-04
8.2217879824e-01   6.6680237213e-04
8.2315583781e-01   6.6619799104e-04
8.2413287738e-01   6.6559533938e-04
8.2510991695e-01   6.6499441129e-04
8.2608695652e-01   6.6439520098e-04
8.2706399609e-01   6.6379770266e-04
8.2804103566e-01   6.6320191057e-04
8.2901807523e-01   6.6260781900e-04
8.2999511480e-01   6.6201542223e-04
8.3097215437e-01   6.6142471461e-04
8.3194919394e-01   6.6083569049e-04
8.3292623351e-01   6.6024834424e-04
8.3390327308e-01   6.5966267029e-04
8.3488031265e-01   6.5907866306e-04
8.3585735222e-01   6.5849631703e-04
8.3683439179e-01   6.5791562667e-04
8.3781143136e-01   6.5733658651e-04
8.3878847093e-01   6.5675919110e-04
8.3976551050e-01   6.5618343499e-04
8.4074255007e-01   6.5560931279e-04
8.4171958964e-01   6.5503681911e-04
8.4269662921e-01   6.5446594860e-04
8.4367366878e-01   6.5389669593e-04
8.4465070835e-01   6.5332905580e-04
8.4562774792e-01   6.5276302294e-04
8.4660478749e-01   6.5219859207e-04
8.4758182706e-01   6.5163575799e-04
8.4855886663e-01   6.5107451548e-04
8.4953590620e-01   6.5051485937e-04
8.5051294577e-01   6.4995678450e-04
8.5148998534e-01   6.4940028574e-04
8.5246702491e-01   6.4884535798e-04
8.5344406448e-01   6.4829199615e-04
8.5442110405e-01   6.4774019518e-04
8.5539814362e-01   6.4718995005e-04
8.5637518319e-01   6.4664125573e-04
8.5735222277e-01   6.4609410725e-04
8.5832926234e-01   6.4554849963e-04
8.5930630191e-01   6.4500442794e-04
8.6028334148e-01   6.4446188726e-04
8.6126038105e-01   6.4392087270e-04
8.6223742062e-01   6.4338137938e-04
8.6321446019e-01   6.4284340245e-04
8.6419149976e-01   6.4230693709e-04
8.6516853933e-01   6.4177197850e-04
8.6614557890e-01   6.4123852189e-04
8.6712261847e-01   6.4070656250e-04
8.6809965804e-01   6.4017609559e-04
8.6907669761e-01   6.3964711646e-04
8.7005373718e-01   6.3911962040e-04
8.7103077675e-01   6.3859360274e-04
8.7200781632e-01   6.3806905884e-04
8.7298485589e-01   6.3754598406e-04
8.7396189546e-01   6.3702437380e-04
8.7493893503e-01   6.3650422347e-04
8.7591597460e-01   6.3598552850e-04
8.7689301417e-01   6.3546828436e-04
8.7787005374e-01   6.3495248651e-04
8.7884709331e-01   6.3443813046e-04
8.7982413288e-01   6.3392521173e-04
8.8080117245e-01   6.3341372584e-04
8.8177821202e-01   6.3290366837e-04
8.8275525159e-01   6.3239503489e-04
8.8373229116e-01   6.3188782100e-04
8.8470933073e-01   6.3138202231e-04
8.8568637030e-01   6.3087763448e-04
8.8666340987e-01   6.3037465316e-04
8.8764044944e-01   6.2987307403e-04
8.8861748901e-01   6.2937289278e-04
8.8959452858e-01   6.2887410515e-04
8.9057156815e-01   6.2837670685e-04
8.9154860772e-01   6.2788069366e-04
8.9252564729e-01   6.2738606135e-04
8.9350268686e-01   6.2689280572e-04
8.9447972643e-01   6.2640092257e-04
8.9545676600e-01   6.2591040775e-04
8.9643380557e-01   6.2542125710e-04
8.9741084514e-01   6.2493346650e-04
8.9838788471e-01   6.2444703184e-04
8.9936492428e-01   6.2396194902e-04
9.0034196385e-01   6.2347821398e-04
9.0131900342e-01   6.2299582265e-04
9.0229604299e-01   6.2251477101e-04
9.0327308256e-01   6.2203505503e-04
9.0425012213e-01   6.2155667072e-04
9.0522716170e-01   6.2107961408e-04
9.0620420127e-01   6.2060388117e-04
9.0718124084e-01   6.2012946802e-04
9.0815828041e-01   6.1965637071e-04
9.0913531998e-01   6.1918458533e-04
9.1011235955e-01   6.1871410799e-04
9.1108939912e-01   6.1824493481e-04
9.1206643869e-01   6.1777706192e-04
9.1304347826e-01   6.1731048549e-04
9.1402051783e-01   6.1684520170e-04
9.1499755740e-01   6.1638120673e-04
9.1597459697e-01   6.1591849679e-04
9.1695163654e-01   6.1545706811e-04
9.1792867611e-01   6.1499691693e-04
9.1890571568e-01   6.1453803952e-04
9.1988275525e-01   6.1408043214e-04
9.2085979482e-01   6.1362409108e-04
9.2183683439e-01   6.1316901267e-04
9.2281387396e-01   6.1271519322e-04
9.2379091353e-01   6.1226262907e-04
9.2476795310e-01   6.1181131658e-04
9.2574499267e-01   6.1136125213e-04
9.2672203224e-01   6.1091243210e-04
9.2769907181e-01   6.1046485290e-04
9.2867611138e-01   6.1001851094e-04
9.2965315095e-01   6.0957340268e-04
9.3063019052e-01   6.0912952456e-04
9.3160723009e-01   6.0868687304e-04
9.3258426966e-01   6.0824544462e-04
9.3356130923e-01   6.0780523579e-04
9.3453834880e-01   6.0736624306e-04
9.3551538837e-01   6.0692846297e-04
9.3649242794e-01   6.0649189205e-04
9.3746946751e-01   6.0605652688e-04
9.3844650708e-01   6.0562236402e-04
9.3942354665e-01   6.0518940006e-04
9.4040058622e-01   6.0475763161e-04
9.4137762579e-01   6.0432705530e-04
9.4235466536e-01   6.0389766774e-04
9.4333170493e-01   6.0346946560e-04
9.4430874450e-01   6.0304244553e-04
9.4528578407e-01   6.0261660422e-04
9.4626282364e-01   6.0219193835e-04
9.4723986321e-01   6.0176844463e-04
9.4821690278e-01   6.0134611979e-04
9.4919394235e-01   6.0092496056e-04
9.5017098192e-01   6.0050496368e-04
9.5114802149e-01   6.0008612593e-04
9.5212506106e-01   5.9966844408e-04
9.5310210064e-01   5.9925191491e-04
9.5407914021e-01   5.9883653525e-04
9.5505617978e-01   5.9842230190e-04
9.5603321935e-01   5.9800921170e-04
9.5701025892e-01   5.9759726149e-04
9.5798729849e-01   5.9718644814e-04
9.5896433806e-01   5.9677676851e-04
9.5994137763e-01   5.9636821950e-04
9.6091841720e-01   5.9596079801e-04
9.6189545677e-01   5.9555450094e-04
9.6287249634e-01   5.9514932523e-04
9.6384953591e-01   5.9474526782e-04
9.6482657548e-01   5.9434232565e-04
9.6580361505e-01   5.9394049570e-04
9.6678065462e-01   5.9353977495e-04
9.6775769419e-01   5.9314016038e-04
9.6873473376e-01   5.9274164900e-04
9.6971177333e-01   5.9234423784e-04
9.7068881290e-01   5.9194792391e-04
9.7166585247e-01   5.9155270427e-04
9.7264289204e-01   5.9115857596e-04
9.7361993161e-01   5.9076553607e-04
9.7459697118e-01   5.9037358166e-04
9.7557401075e-01   5.8998270984e-04
9.7655105032e-01   5.8959291770e-04
9.7752808989e-01   5.8920420237e-04
9.7850512946e-01   5.8881656097e-04
9.7948216903e-01   5.8842999065e-04
9.8045920860e-01   5.8804448857e-04
9.8143624817e-01   5.8766005188e-04
9.8241328774e-01   5.8727667777e-04
9.8339032731e-01   5.8689436343e-04
9.8436736688e-01   5.8651310606e-04
9.8534440645e-01   5.8613290287e-04
9.8632144602e-01   5.8575375110e-04
9.8729848559e-01   5.8537564797e-04
9.8827552516e-01   5.8499859075e-04
9.8925256473e-01   5.8462257668e-04
9.9022960430e-01   5.8424760304e-04
9.9120664387e-01   5.8387366712e-04
9.9218368344e-01   5.8350076621e-04
9.9316072301e-01   5.8312889762e-04
9.9413776258e-01   5.8275805866e-04
9.9511480215e-01   5.8238824668e-04
9.9609184172e-01   5.8201945899e-04
9.9706888129e-01   5.8165169297e-04
9.9804592086e-01   5.8128494597e-04
9.9902296043e-01   5.8091921536e-04
1.0000000000e+00   5.8055449854e-04
