X    Y
0.0000000000e+00   -7.2339535801e-01
3.9215686275e-03   -7.9598909398e-01
7.8431372549e-03   -8.5842942441e-01
1.1764705882e-02   -9.0991987862e-01
1.5686274510e-02   -9.4980365934e-01
1.9607843137e-02   -9.7757202064e-01
2.3529411765e-02   -9.9287075738e-01
2.7450980392e-02   -9.9550472333e-01
3.1372549020e-02   -9.8544032038e-01
3.5294117647e-02   -9.6280592713e-01
3.9215686275e-02   -9.2789026132e-01
4.3137254902e-02   -8.8113869703e-01
4.7058823529e-02   -8.2314758363e-01
5.0980392157e-02   -7.5465663891e-01
5.4901960784e-02   -6.7653951345e-01
5.8823529412e-02   -5.8979264660e-01
6.2745098039e-02   -4.9552255618e-01
6.6666666667e-02   -3.9493172405e-01
7.0588235294e-02   -2.8930325765e-01
7.4509803922e-02   -1.7998452298e-01
7.8431372549e-02   -6.8369958044e-02
8.2352941176e-02   4.4116714201e-02
8.6274509804e-02   1.5604064646e-01
9.0196078431e-02   2.6597416959e-01
9.4117647059e-02   3.7251500352e-01
9.8039215686e-02   4.7430414434e-01
1.0196078431e-01   5.7004319936e-01
1.0588235294e-01   6.5851094901e-01
1.0980392157e-01   7.3857892439e-01
1.1372549020e-01   8.0922580169e-01
1.1764705882e-01   8.6955042988e-01
1.2156862745e-01   9.1878332551e-01
1.2549019608e-01   9.5629648810e-01
1.2941176471e-01   9.8161141065e-01
1.3333333333e-01   9.9440518335e-01
1.3725490196e-01   9.9451461256e-01
1.4117647059e-01   9.8193830244e-01
1.4509803922e-01   9.5683667274e-01
1.4901960784e-01   9.1952991255e-01
1.5294117647e-01   8.7049389607e-01
1.5686274510e-01   8.1035411247e-01
1.6078431373e-01   7.3987768734e-01
1.6470588235e-01   6.5996359748e-01
1.6862745098e-01   5.7163120380e-01
1.7254901961e-01   4.7600724863e-01
1.7647058824e-01   3.7431148335e-01
1.8039215686e-01   2.6784110959e-01
1.8431372549e-01   1.5795423248e-01
1.8823529412e-01   4.6052537096e-02
1.9215686275e-01   -6.6436591067e-02
1.9607843137e-01   -1.7807827339e-01
2.0000000000e-01   -2.8744844101e-01
2.0392156863e-01   -3.9315199987e-01
2.0784313725e-01   -4.9384062609e-01
2.1176470588e-01   -5.8822996482e-01
2.1568627451e-01   -6.7511601310e-01
2.1960784314e-01   -7.5339047774e-01
2.2352941176e-01   -8.2205491242e-01
2.2745098039e-01   -8.8023345358e-01
2.3137254902e-01   -9.2718399265e-01
2.3529411765e-01   -9.6230764220e-01
2.3921568627e-01   -9.8515637517e-01
2.4313725490e-01   -9.9543873976e-01
2.4705882353e-01   -9.9302357712e-01
2.5098039216e-01   -9.7794169436e-01
2.5490196078e-01   -9.5038547159e-01
2.5882352941e-01   -9.1070640799e-01
2.6274509804e-01   -8.5941063814e-01
2.6666666667e-01   -7.9715247599e-01
2.7058823529e-01   -7.2472606856e-01
2.7450980392e-01   -6.4305526604e-01
2.7843137255e-01   -5.5318183746e-01
2.8235294118e-01   -4.5625218214e-01
2.8627450980e-01   -3.5350270660e-01
2.9019607843e-01   -2.4624405329e-01
2.9411764706e-01   -1.3584438240e-01
2.9803921569e-01   -2.3711920057e-02
3.0196078431e-01   8.8723004647e-02
3.0588235294e-01   2.0002620449e-01
3.0980392157e-01   3.0877792821e-01
3.1372549020e-01   4.1359097043e-01
3.1764705882e-01   5.1312836644e-01
3.2156862745e-01   6.0612044615e-01
3.2549019608e-01   6.9138102963e-01
3.2941176471e-01   7.6782255764e-01
3.3333333333e-01   8.3446996429e-01
3.3725490196e-01   8.9047311461e-01
3.4117647059e-01   9.3511764871e-01
3.4509803922e-01   9.6783409388e-01
3.4901960784e-01   9.8820512865e-01
3.5294117647e-01   9.9597090604e-01
3.5686274510e-01   9.9103236803e-01
3.6078431373e-01   9.7345250919e-01
3.6470588235e-01   9.4345557308e-01
3.6862745098e-01   9.0142419190e-01
3.7254901961e-01   8.4789450574e-01
3.7647058824e-01   7.8354932371e-01
3.8039215686e-01   7.0920941425e-01
3.8431372549e-01   6.2582303564e-01
3.8823529412e-01   5.3445384028e-01
3.9215686275e-01   4.3626730709e-01
3.9607843137e-01   3.3251587492e-01
4.0000000000e-01   2.2452296691e-01
4.0392156863e-01   1.1366610919e-01
4.0784313725e-01   1.3593596177e-03
4.1176470588e-01   -1.1096472955e-01
4.1568627451e-01   -2.2187338488e-01
4.1960784314e-01   -3.2995188780e-01
4.2352941176e-01   -4.3382162035e-01
4.2745098039e-01   -5.3215765040e-01
4.3137254902e-01   -6.2370563213e-01
4.3529411765e-01   -7.0729780611e-01
4.3921568627e-01   -7.8186789485e-01
4.4313725490e-01   -8.4646470399e-01
4.4705882353e-01   -9.0026425539e-01
4.5098039216e-01   -9.4258029761e-01
4.5490196078e-01   -9.7287305953e-01
4.5882352941e-01   -9.9075613547e-01
4.6274509804e-01   -9.9600141412e-01
4.6666666667e-01   -9.8854198823e-01
4.7058823529e-01   -9.6847300806e-01
4.7450980392e-01   -9.3605046770e-01
4.7843137255e-01   -8.9168793964e-01
4.8235294118e-01   -8.3595129940e-01
4.8627450980e-01   -7.6955150735e-01
4.9019607843e-01   -6.9333553996e-01
4.9411764706e-01   -6.0827558594e-01
4.9803921569e-01   -5.1545664535e-01
5.0196078431e-01   -4.1606268960e-01
5.0588235294e-01   -2.9544003492e-01
5.0980392157e-01   -1.5974319137e-01
5.1372549020e-01   -1.5895796958e-02
5.1764705882e-01   1.2876264612e-01
5.2156862745e-01   2.6685125365e-01
5.2549019608e-01   3.9132435306e-01
5.2941176471e-01   4.9583097364e-01
5.3333333333e-01   5.7503889110e-01
5.3725490196e-01   6.2490669273e-01
5.4117647059e-01   6.4288998181e-01
5.4509803922e-01   6.2807119989e-01
5.4901960784e-01   5.8120644329e-01
5.5294117647e-01   5.0468688486e-01
5.5686274510e-01   4.0241676957e-01
5.6078431373e-01   2.7961420890e-01
5.6470588235e-01   1.4254493792e-01
5.6862745098e-01   -1.7973802466e-03
5.7254901961e-01   -1.4604799097e-01
5.7647058824e-01   -2.8284681881e-01
5.8039215686e-01   -4.0521399941e-01
5.8431372549e-01   -5.0690601201e-01
5.8823529412e-01   -5.8273424160e-01
5.9215686275e-01   -6.2882971676e-01
5.9607843137e-01   -6.4284051554e-01
6.0000000000e-01   -6.2405176724e-01
6.0392156863e-01   -5.7342212711e-01
6.0784313725e-01   -4.9353486305e-01
6.1176470588e-01   -3.8846604993e-01
6.1568627451e-01   -2.6357659672e-01
6.1960784314e-01   -1.2523871769e-01
6.2352941176e-01   1.9489196075e-02
6.2745098039e-01   1.6322271576e-01
6.3137254902e-01   2.9862814935e-01
6.3529411765e-01   4.1879672745e-01
6.3921568627e-01   5.1759710824e-01
6.4313725490e-01   5.8998821595e-01
6.4705882353e-01   6.3227645086e-01
6.5098039216e-01   6.4230414725e-01
6.5490196078e-01   6.1955966359e-01
6.5882352941e-01   5.6520348798e-01
6.6274509804e-01   4.8200902672e-01
6.6666666667e-01   3.7422109727e-01
6.7058823529e-01   2.4733934564e-01
6.7450980392e-01   1.0783763880e-01
6.7843137255e-01   -3.7166250343e-02
6.8235294118e-01   -1.8027381194e-01
6.8627450980e-01   -3.1418329215e-01
6.9019607843e-01   -4.3206224934e-01
6.9411764706e-01   -5.2789616465e-01
6.9803921569e-01   -5.9679531980e-01
7.0196078431e-01   -6.3524428440e-01
7.0588235294e-01   -6.4128128320e-01
7.0980392157e-01   -6.1459829137e-01
7.1372549020e-01   -5.5655675087e-01
7.1764705882e-01   -4.7011810578e-01
7.2156862745e-01   -3.5969270104e-01
7.2549019608e-01   -2.3091475411e-01
7.2941176471e-01   -9.0354881238e-02
7.3333333333e-01   5.4815154048e-02
7.3725490196e-01   1.9718836464e-01
7.4117647059e-01   3.2950046538e-01
7.4509803922e-01   4.4500051746e-01
7.4901960784e-01   5.3779538050e-01
7.5294117647e-01   6.0315039731e-01
7.5686274510e-01   6.3773096948e-01
7.6078431373e-01   6.3977269812e-01
7.6470588235e-01   6.0917140842e-01
7.6862745098e-01   5.4748846502e-01
7.7254901961e-01   4.5787110671e-01
7.7647058824e-01   3.4489186538e-01
7.8039215686e-01   2.1431526250e-01
7.8431372549e-01   7.2803686833e-02
7.8823529412e-01   -7.2422539509e-02
7.9215686275e-01   -2.1395356239e-01
7.9607843137e-01   -3.4456806746e-01
8.0000000000e-01   -4.5760173206e-01
8.0392156863e-01   -5.4728725790e-01
8.0784313725e-01   -6.0904863499e-01
8.1176470588e-01   -6.3973462263e-01
8.1568627451e-01   -6.3777953465e-01
8.1960784314e-01   -6.0328312520e-01
8.2352941176e-01   -5.3800549896e-01
8.2745098039e-01   -4.4527730565e-01
8.3137254902e-01   -3.2982980079e-01
8.3529411765e-01   -1.9755344364e-01
8.3921568627e-01   -5.5197349259e-02
8.4313725490e-01   8.9975070492e-02
8.4705882353e-01   2.3055670685e-01
8.5098039216e-01   3.5937468586e-01
8.5490196078e-01   4.6985634871e-01
8.5882352941e-01   5.5636460749e-01
8.6274509804e-01   6.1448556539e-01
8.6666666667e-01   6.4125372622e-01
8.7058823529e-01   6.3530330246e-01
8.7450980392e-01   5.9693790162e-01
8.7843137255e-01   5.2811503531e-01
8.8235294118e-01   4.3234624143e-01
8.8627450980e-01   3.1451791560e-01
8.9019607843e-01   1.8064199330e-01
8.9411764706e-01   3.7549203959e-02
8.9803921569e-01   -1.0745945231e-01
9.0196078431e-01   -2.4698522242e-01
9.0588235294e-01   -3.7390910569e-01
9.0980392157e-01   -4.8175508548e-01
9.1372549020e-01   -5.6502055388e-01
9.1764705882e-01   -6.1945707045e-01
9.2156862745e-01   -6.4228712966e-01
9.2549019608e-01   -6.3234587711e-01
9.2941176471e-01   -5.9014054371e-01
9.3333333333e-01   -5.1782456532e-01
9.3725490196e-01   -4.1908770834e-01
9.4117647059e-01   -2.9896780739e-01
9.4509803922e-01   -1.6359372061e-01
9.4901960784e-01   -1.9872618037e-02
9.5294117647e-01   1.2486244190e-01
9.5686274510e-01   2.6322666576e-01
9.6078431373e-01   3.8816031827e-01
9.6470588235e-01   4.9328892999e-01
9.6862745098e-01   5.7324854085e-01
9.7254901961e-01   6.2395938464e-01
9.7647058824e-01   6.4283405023e-01
9.8039215686e-01   6.2890949861e-01
9.8431372549e-01   5.8289619992e-01
9.8823529412e-01   5.0714188323e-01
9.9215686275e-01   4.0551174870e-01
9.9607843137e-01   2.8319125416e-01
1.0000000000e+00   1.4642153832e-01
