X    Y
0.0000000000e+00   6.5316301780e-01
1.9569471624e-03   6.0954497583e-01
3.9138943249e-03   5.6399059664e-01
5.8708414873e-03   5.1664472392e-01
7.8277886497e-03   4.6765774928e-01
9.7847358121e-03   4.1718527867e-01
1.1741682975e-02   3.6538763495e-01
1.3698630137e-02   3.1242935216e-01
1.5655577299e-02   2.5847864989e-01
1.7612524462e-02   2.0370689921e-01
1.9569471624e-02   1.4828808114e-01
2.1526418787e-02   9.2398230400e-02
2.3483365949e-02   3.6214879127e-02
2.5440313112e-02   -2.0083508531e-02
2.7397260274e-02   -7.6318103462e-02
2.9354207436e-02   -1.3231027872e-01
3.1311154599e-02   -1.8788217783e-01
3.3268101761e-02   -2.4285727934e-01
3.5225048924e-02   -2.9706095658e-01
3.7181996086e-02   -3.5032103385e-01
3.9138943249e-02   -4.0246833266e-01
4.1095890411e-02   -4.5333720899e-01
4.3052837573e-02   -5.0276608134e-01
4.5009784736e-02   -5.5059793966e-01
4.6966731898e-02   -5.9668084779e-01
4.8923679061e-02   -6.4086842596e-01
5.0880626223e-02   -6.8302031434e-01
5.2837573386e-02   -7.2300261794e-01
5.4794520548e-02   -7.6068833445e-01
5.6751467710e-02   -7.9595775819e-01
5.8708414873e-02   -8.2869885542e-01
6.0665362035e-02   -8.5880762552e-01
6.2622309198e-02   -8.8618843050e-01
6.4579256360e-02   -9.1075429587e-01
6.6536203523e-02   -9.3242718830e-01
6.8493150685e-02   -9.5113826481e-01
7.0450097847e-02   -9.6682809149e-01
7.2407045010e-02   -9.7944682951e-01
7.4363992172e-02   -9.8895439541e-01
7.6320939335e-02   -9.9532059021e-01
7.8277886497e-02   -9.9852519228e-01
8.0234833659e-02   -9.9855801982e-01
8.2191780822e-02   -9.9541896993e-01
8.4148727984e-02   -9.8911801438e-01
8.6105675147e-02   -9.7967516563e-01
8.8062622309e-02   -9.6712042010e-01
9.0019569472e-02   -9.5149365606e-01
9.1976516634e-02   -9.3284451191e-01
9.3933463796e-02   -9.1123222571e-01
9.5890410959e-02   -8.8672544807e-01
9.7847358121e-02   -8.5940202370e-01
9.9804305284e-02   -8.2934874503e-01
1.0176125245e-01   -7.9666107328e-01
1.0371819961e-01   -7.6144283883e-01
1.0567514677e-01   -7.2380591319e-01
1.0763209393e-01   -6.8386984658e-01
1.0958904110e-01   -6.4176149407e-01
1.1154598826e-01   -5.9761461274e-01
1.1350293542e-01   -5.5156943184e-01
1.1545988258e-01   -5.0377221158e-01
1.1741682975e-01   -4.5437477882e-01
1.1937377691e-01   -4.0353404146e-01
1.2133072407e-01   -3.5141149353e-01
1.2328767123e-01   -2.9817270050e-01
1.2524461840e-01   -2.4398677261e-01
1.2720156556e-01   -1.8902582909e-01
1.2915851272e-01   -1.3346445110e-01
1.3111545988e-01   -7.7479126758e-02
1.3307240705e-01   -2.1247690792e-02
1.3502935421e-01   3.5051239416e-02
1.3698630137e-01   9.1238832529e-02
1.3894324853e-01   1.4713661163e-01
1.4090019569e-01   2.0256701940e-01
1.4285714286e-01   2.5735398346e-01
1.4481409002e-01   3.1132347516e-01
1.4677103718e-01   3.6430406206e-01
1.4872798434e-01   4.1612745537e-01
1.5068493151e-01   4.6662904004e-01
1.5264187867e-01   5.1564839818e-01
1.5459882583e-01   5.6302982168e-01
1.5655577299e-01   6.0862280715e-01
1.5851272016e-01   6.5228252999e-01
1.6046966732e-01   6.9387030565e-01
1.6242661448e-01   7.3325403381e-01
1.6438356164e-01   7.7030861211e-01
1.6634050881e-01   8.0491633797e-01
1.6829745597e-01   8.3696728303e-01
1.7025440313e-01   8.6635963726e-01
1.7221135029e-01   8.9300003828e-01
1.7416829746e-01   9.1680386305e-01
1.7612524462e-01   9.3769549874e-01
1.7808219178e-01   9.5560858528e-01
1.8003913894e-01   9.7048622234e-01
1.8199608611e-01   9.8228115108e-01
1.8395303327e-01   9.9095590544e-01
1.8590998043e-01   9.9648292997e-01
1.8786692759e-01   9.9884466730e-01
1.8982387476e-01   9.9803361669e-01
1.9178082192e-01   9.9405235391e-01
1.9373776908e-01   9.8691352570e-01
1.9569471624e-01   9.7663980676e-01
1.9765166341e-01   9.6326383196e-01
1.9960861057e-01   9.4682809021e-01
2.0156555773e-01   9.2738478717e-01
2.0352250489e-01   9.0499568428e-01
2.0547945205e-01   8.7973189976e-01
2.0743639922e-01   8.5167368284e-01
2.0939334638e-01   8.2091015847e-01
2.1135029354e-01   7.8753904558e-01
2.1330724070e-01   7.5166634703e-01
2.1526418787e-01   7.1340600983e-01
2.1722113503e-01   6.7287956653e-01
2.1917808219e-01   6.3021574796e-01
2.2113502935e-01   5.8555007403e-01
2.2309197652e-01   5.3902442333e-01
2.2504892368e-01   4.9078658260e-01
2.2700587084e-01   4.4098977668e-01
2.2896281800e-01   3.8979218236e-01
2.3091976517e-01   3.3735642718e-01
2.3287671233e-01   2.8384907112e-01
2.3483365949e-01   2.2944007929e-01
2.3679060665e-01   1.7430227817e-01
2.3874755382e-01   1.1861081095e-01
2.4070450098e-01   6.2542579246e-02
2.4266144814e-01   6.2756816352e-03
2.4461839530e-01   -5.0011153539e-02
2.4657534247e-01   -1.0613913338e-01
2.4853228963e-01   -1.6192996905e-01
2.5048923679e-01   -2.1720644295e-01
2.5244618395e-01   -2.7179297225e-01
2.5440313112e-01   -3.2551616574e-01
2.5636007828e-01   -3.7820537316e-01
2.5831702544e-01   -4.2969322929e-01
2.6027397260e-01   -4.7981618477e-01
2.6223091977e-01   -5.2841502692e-01
2.6418786693e-01   -5.7533538362e-01
2.6614481409e-01   -6.2042821324e-01
2.6810176125e-01   -6.6355028104e-01
2.7005870841e-01   -7.0456461158e-01
2.7201565558e-01   -7.4334092366e-01
2.7397260274e-01   -7.7975604647e-01
2.7592954990e-01   -8.1369430776e-01
2.7788649706e-01   -8.4504790502e-01
2.7984344423e-01   -8.7371724380e-01
2.8180039139e-01   -8.9961125760e-01
2.8375733855e-01   -9.2264769511e-01
2.8571428571e-01   -9.4275338139e-01
2.8767123288e-01   -9.5986445114e-01
2.8962818004e-01   -9.7392655273e-01
2.9158512720e-01   -9.8489501811e-01
2.9354207436e-01   -9.9273500533e-01
2.9549902153e-01   -9.9742161285e-01
2.9745596869e-01   -9.9893995323e-01
2.9941291585e-01   -9.9728520281e-01
3.0136986301e-01   -9.9246261715e-01
3.0332681018e-01   -9.8448751437e-01
3.0528375734e-01   -9.7338522832e-01
3.0724070450e-01   -9.5919102496e-01
3.0919765166e-01   -9.4194998961e-01
3.1115459883e-01   -9.2171688974e-01
3.1311154599e-01   -8.9855599429e-01
3.1506849315e-01   -8.7254087194e-01
3.1702544031e-01   -8.4375415790e-01
3.1898238748e-01   -8.1228729268e-01
3.2093933464e-01   -7.7824023030e-01
3.2289628180e-01   -7.4172111851e-01
3.2485322896e-01   -7.0284595829e-01
3.2681017613e-01   -6.6173823398e-01
3.2876712329e-01   -6.1852852487e-01
3.3072407045e-01   -5.7335408468e-01
3.3268101761e-01   -5.2635840665e-01
3.3463796477e-01   -4.7769077060e-01
3.3659491194e-01   -4.2750576715e-01
3.3855185910e-01   -3.7596280740e-01
3.4050880626e-01   -3.2322561497e-01
3.4246575342e-01   -2.6946170713e-01
3.4442270059e-01   -2.1484186326e-01
3.4637964775e-01   -1.5953957975e-01
3.4833659491e-01   -1.0373052357e-01
3.5029354207e-01   -4.7591969943e-02
3.5225048924e-01   8.6977607852e-03
3.5420743640e-01   6.4959866597e-02
3.5616438356e-01   1.2101563318e-01
3.5812133072e-01   1.7668700168e-01
3.6007827789e-01   2.3179713465e-01
3.6203522505e-01   2.8617097627e-01
3.6399217221e-01   3.3963581041e-01
3.6594911937e-01   3.9202180830e-01
3.6790606654e-01   4.4316256792e-01
3.6986301370e-01   4.9289564326e-01
3.7181996086e-01   5.4106305874e-01
3.7377690802e-01   5.8751181260e-01
3.7573385519e-01   6.3209436158e-01
3.7769080235e-01   6.7466909221e-01
3.7964774951e-01   7.1510076756e-01
3.8160469667e-01   7.5326095658e-01
3.8356164384e-01   7.8902844608e-01
3.8551859100e-01   8.2228962237e-01
3.8747553816e-01   8.5293883150e-01
3.8943248532e-01   8.8087871666e-01
3.9138943249e-01   9.0602052896e-01
3.9334637965e-01   9.2828440684e-01
3.9530332681e-01   9.4759962866e-01
3.9726027397e-01   9.6390484144e-01
3.9921722114e-01   9.7714825251e-01
4.0117416830e-01   9.8728779344e-01
4.0313111546e-01   9.9429125736e-01
4.0508806262e-01   9.9813639609e-01
4.0704500978e-01   9.9881099655e-01
4.0900195695e-01   9.9631291600e-01
4.1095890411e-01   9.9065008992e-01
4.1291585127e-01   9.8184050536e-01
4.1487279843e-01   9.6991214379e-01
4.1682974560e-01   9.5490289654e-01
4.1878669276e-01   9.3686043948e-01
4.2074363992e-01   9.1584208258e-01
4.2270058708e-01   8.9191459070e-01
4.2465753425e-01   8.6515396941e-01
4.2661448141e-01   8.3564522143e-01
4.2857142857e-01   8.0348207924e-01
4.3052837573e-01   7.6876670743e-01
4.3248532290e-01   7.3160937900e-01
4.3444227006e-01   6.9212812219e-01
4.3639921722e-01   6.5044834661e-01
4.3835616438e-01   6.0670244617e-01
4.4031311155e-01   5.6102937906e-01
4.4227005871e-01   5.1357422310e-01
4.4422700587e-01   4.6448771780e-01
4.4618395303e-01   4.1392578435e-01
4.4814090020e-01   3.6204902900e-01
4.5009784736e-01   3.0902223749e-01
4.5205479452e-01   2.5501384657e-01
4.5401174168e-01   2.0019541229e-01
4.5596868885e-01   1.4474106223e-01
4.5792563601e-01   8.8826944263e-02
4.5988258317e-01   3.2630668570e-02
4.6183953033e-01   -2.3669260812e-02
4.6379647750e-01   -7.9894008811e-02
4.6575342466e-01   -1.3586498026e-01
4.6771037182e-01   -1.9140438523e-01
4.6966731898e-01   -2.4633580532e-01
4.7162426614e-01   -3.0048475341e-01
4.7358121331e-01   -3.5367922853e-01
4.7553816047e-01   -4.0575025929e-01
4.7749510763e-01   -4.5653244394e-01
4.7945205479e-01   -5.0586447554e-01
4.8140900196e-01   -5.5358965234e-01
4.8336594912e-01   -5.9955637791e-01
4.8532289628e-01   -6.4361864059e-01
4.8727984344e-01   -6.8563647835e-01
4.8923679061e-01   -7.2547642377e-01
4.9119373777e-01   -7.6301192623e-01
4.9315068493e-01   -7.9812375544e-01
4.9510763209e-01   -8.3070037943e-01
4.9706457926e-01   -8.6063831995e-01
4.9902152642e-01   -8.8784248079e-01
5.0097847358e-01   -9.1222644969e-01
5.0293542074e-01   -9.2501982530e-01
5.0489236791e-01   -9.2606005645e-01
5.0684931507e-01   -9.1533392618e-01
5.0880626223e-01   -8.9297771780e-01
5.1076320939e-01   -8.5927548466e-01
5.1272015656e-01   -8.1465544133e-01
5.1467710372e-01   -7.5968452262e-01
5.1663405088e-01   -6.9506117816e-01
5.1859099804e-01   -6.2160650146e-01
5.2054794521e-01   -5.4025379490e-01
5.2250489237e-01   -4.5203671137e-01
5.2446183953e-01   -3.5807612157e-01
5.2641878669e-01   -2.5956587266e-01
5.2837573386e-01   -1.5775761936e-01
5.3033268102e-01   -5.3944919893e-02
5.3228962818e-01   5.0553199366e-02
5.3424657534e-01   1.5440900383e-01
5.3620352250e-01   2.5630291944e-01
5.3816046967e-01   3.5494029848e-01
5.4011741683e-01   4.4906787043e-01
5.4207436399e-01   5.3748966667e-01
5.4403131115e-01   6.1908221501e-01
5.4598825832e-01   6.9280881410e-01
5.4794520548e-01   7.5773270653e-01
5.4990215264e-01   8.1302897831e-01
5.5185909980e-01   8.5799504486e-01
5.5381604697e-01   8.9205957467e-01
5.5577299413e-01   9.1478974721e-01
5.5772994129e-01   9.2589675761e-01
5.5968688845e-01   9.2523948170e-01
5.6164383562e-01   9.1282627031e-01
5.6360078278e-01   8.8881484248e-01
5.6555772994e-01   8.5351028185e-01
5.6751467710e-01   8.0736116221e-01
5.6947162427e-01   7.5095384642e-01
5.7142857143e-01   6.8500503664e-01
5.7338551859e-01   6.1035266557e-01
5.7534246575e-01   5.2794525248e-01
5.7729941292e-01   4.3882985201e-01
5.7925636008e-01   3.4413874972e-01
5.8121330724e-01   2.4507507367e-01
5.8317025440e-01   1.4289750983e-01
5.8512720157e-01   3.8904308813e-02
5.8708414873e-01   -6.5583208521e-02
5.8904109589e-01   -1.6923744261e-01
5.9099804305e-01   -2.7074138049e-01
5.9295499022e-01   -3.6880533002e-01
5.9491193738e-01   -4.6218330714e-01
5.9686888454e-01   -5.4968886639e-01
5.9882583170e-01   -6.3021017750e-01
6.0078277886e-01   -7.0272414874e-01
6.0273972603e-01   -7.6630943007e-01
6.0469667319e-01   -8.2015811730e-01
6.0665362035e-01   -8.6358601796e-01
6.0861056751e-01   -8.9604134351e-01
6.1056751468e-01   -9.1711172165e-01
6.1252446184e-01   -9.2652943501e-01
6.1448140900e-01   -9.2417482215e-01
6.1643835616e-01   -9.1007780181e-01
6.1839530333e-01   -8.8441748612e-01
6.2035225049e-01   -8.4751991087e-01
6.2230919765e-01   -7.9985388967e-01
6.2426614481e-01   -7.4202505746e-01
6.2622309198e-01   -6.7476817766e-01
6.2818003914e-01   -5.9893780322e-01
6.3013698630e-01   -5.1549742240e-01
6.3209393346e-01   -4.2550721434e-01
6.3405088063e-01   -3.3011057879e-01
6.3600782779e-01   -2.3051960760e-01
6.3796477495e-01   -1.2799968698e-01
6.3992172211e-01   -2.3853418756e-02
6.4187866928e-01   8.0595932931e-02
6.4383561644e-01   1.8402125403e-01
6.4579256360e-01   2.8510843827e-01
6.4774951076e-01   3.8257308801e-01
6.4970645793e-01   4.7517683556e-01
6.5166340509e-01   5.6174307304e-01
6.5362035225e-01   6.4117190376e-01
6.5557729941e-01   7.1245411720e-01
6.5753424658e-01   7.7468401256e-01
6.5949119374e-01   8.2707090859e-01
6.6144814090e-01   8.6894918580e-01
6.6340508806e-01   8.9978674446e-01
6.6536203523e-01   9.1919176759e-01
6.6731898239e-01   9.2691769737e-01
6.6927592955e-01   9.2286636792e-01
6.7123287671e-01   9.0708925433e-01
6.7318982387e-01   8.7978681764e-01
6.7514677104e-01   8.4130595720e-01
6.7710371820e-01   7.9213560368e-01
6.7906066536e-01   7.3290050600e-01
6.8101761252e-01   6.6435329474e-01
6.8297455969e-01   5.8736491903e-01
6.8493150685e-01   5.0291357884e-01
6.8688845401e-01   4.1207229815e-01
6.8884540117e-01   3.1599529088e-01
6.9080234834e-01   2.1590329553e-01
6.9275929550e-01   1.1306806273e-01
6.9471624266e-01   8.7961998770e-03
6.9667318982e-01   -9.5587432026e-02
6.9863013699e-01   -1.9875655388e-01
7.0058708415e-01   -2.9940031495e-01
7.0254403131e-01   -3.9623995264e-01
7.0450097847e-01   -4.8804503965e-01
7.0645792564e-01   -5.7364911471e-01
7.0841487280e-01   -6.5196450685e-01
7.1037181996e-01   -7.2199615370e-01
7.1232876712e-01   -7.8285424449e-01
7.1428571429e-01   -8.3376552638e-01
7.1624266145e-01   -8.7408312892e-01
7.1819960861e-01   -9.0329478129e-01
7.2015655577e-01   -9.2102932532e-01
7.2211350294e-01   -9.2706142813e-01
7.2407045010e-01   -9.2131444620e-01
7.2602739726e-01   -9.0386139843e-01
7.2798434442e-01   -8.7492403956e-01
7.2994129159e-01   -8.3487004202e-01
7.3189823875e-01   -7.8420832447e-01
7.3385518591e-01   -7.2358258567e-01
7.3581213307e-01   -6.5376312513e-01
7.3776908023e-01   -5.7563705695e-01
7.3972602740e-01   -4.9019703656e-01
7.4168297456e-01   -3.9852864907e-01
7.4363992172e-01   -3.0179661822e-01
7.4559686888e-01   -2.0123000335e-01
7.4755381605e-01   -9.8106587149e-02
7.4951076321e-01   6.2633610894e-03
7.5146771037e-01   1.1055373701e-01
7.5342465753e-01   2.1343944346e-01
7.5538160470e-01   3.1361323148e-01
7.5733855186e-01   4.0980230976e-01
7.5929549902e-01   5.0078451689e-01
7.6125244618e-01   5.8540384737e-01
7.6320939335e-01   6.6258514240e-01
7.6516634051e-01   7.3134774842e-01
7.6712328767e-01   7.9081797804e-01
7.6908023483e-01   8.4024021404e-01
7.7103718200e-01   8.7898650414e-01
7.7299412916e-01   9.0656454372e-01
7.7495107632e-01   9.2262393020e-01
7.7690802348e-01   9.2696061409e-01
7.7886497065e-01   9.1951949371e-01
7.8082191781e-01   9.0039511391e-01
7.8277886497e-01   8.6983046562e-01
7.8473581213e-01   8.2821389642e-01
7.8669275930e-01   7.7607417864e-01
7.8864970646e-01   7.1407379085e-01
7.9060665362e-01   6.4300049689e-01
7.9256360078e-01   5.6375734084e-01
7.9452054795e-01   4.7735117276e-01
7.9647749511e-01   3.8487985536e-01
7.9843444227e-01   2.8751831378e-01
8.0039138943e-01   1.8650360473e-01
8.0234833659e-01   8.3119204855e-02
8.0430528376e-01   -2.1321301724e-02
8.0626223092e-01   -1.2549091272e-01
8.0821917808e-01   -2.2806606541e-01
8.1017612524e-01   -3.2774345693e-01
8.1213307241e-01   -4.2325660383e-01
8.1409001957e-01   -5.1339193153e-01
8.1604696673e-01   -5.9700419632e-01
8.1800391389e-01   -6.7303103345e-01
8.1996086106e-01   -7.4050645782e-01
8.2191780822e-01   -7.9857313928e-01
8.2387475538e-01   -8.4649328976e-01
8.2583170254e-01   -8.8365804389e-01
8.2778864971e-01   -9.0959519212e-01
8.2974559687e-01   -9.2397517906e-01
8.3170254403e-01   -9.2661529550e-01
8.3365949119e-01   -9.1748199491e-01
8.3561643836e-01   -8.9669132179e-01
8.3757338552e-01   -8.6450743981e-01
8.3953033268e-01   -8.2133927037e-01
8.4148727984e-01   -7.6773529922e-01
8.4344422701e-01   -7.0437661003e-01
8.4540117417e-01   -6.3206822522e-01
8.4735812133e-01   -5.5172888270e-01
8.4931506849e-01   -4.6437935993e-01
8.5127201566e-01   -3.7112950334e-01
8.5322896282e-01   -2.7316413101e-01
8.5518590998e-01   -1.7172797304e-01
8.5714285714e-01   -6.8109859410e-02
8.5909980431e-01   3.6373655158e-02
8.6105675147e-01   1.4039502049e-01
8.6301369863e-01   2.4263255964e-01
8.6497064579e-01   3.4178725949e-01
8.6692759295e-01   4.3659927687e-01
8.6888454012e-01   5.2586394660e-01
8.7084148728e-01   6.0844708557e-01
8.7279843444e-01   6.8329940726e-01
8.7475538160e-01   7.4946984853e-01
8.7671232877e-01   8.0611765832e-01
8.7866927593e-01   8.5252307934e-01
8.8062622309e-01   8.8809649039e-01
8.8258317025e-01   9.1238590089e-01
8.8454011742e-01   9.2508269277e-01
8.8649706458e-01   9.2602554202e-01
8.8845401174e-01   9.1520246841e-01
8.9041095890e-01   8.9275098651e-01
8.9236790607e-01   8.5895636021e-01
8.9432485323e-01   8.1424797656e-01
8.9628180039e-01   7.5919389192e-01
8.9823874755e-01   6.9449361340e-01
9.0019569472e-01   6.2096921098e-01
9.0215264188e-01   5.3955487125e-01
9.0410958904e-01   4.5128503158e-01
9.0606653620e-01   3.5728123283e-01
9.0802348337e-01   2.5873786908e-01
9.0998043053e-01   1.5690701759e-01
9.1193737769e-01   5.3082523382e-02
9.1389432485e-01   -5.1416438476e-02
9.1585127202e-01   -1.5526212211e-01
9.1780821918e-01   -2.5713508112e-01
9.1976516634e-01   -3.5574093473e-01
9.2172211350e-01   -4.4982681299e-01
9.2367906067e-01   -5.3819727701e-01
9.2563600783e-01   -6.1972950572e-01
9.2759295499e-01   -6.9338756379e-01
9.2954990215e-01   -7.5823556401e-01
9.3150684932e-01   -8.1344955795e-01
9.3346379648e-01   -8.5832800456e-01
9.3542074364e-01   -8.9230068536e-01
9.3737769080e-01   -9.1493594786e-01
9.3933463796e-01   -9.2594619157e-01
9.4129158513e-01   -9.2519152120e-01
9.4324853229e-01   -9.1268152407e-01
9.4520547945e-01   -8.8857514952e-01
9.4716242661e-01   -8.5317868690e-01
9.4911937378e-01   -8.0694187665e-01
9.5107632094e-01   -7.5045219472e-01
9.5303326810e-01   -6.8442738891e-01
9.5499021526e-01   -6.0970635850e-01
9.5694716243e-01   -5.2723849505e-01
9.5890410959e-01   -4.3807162007e-01
9.6086105675e-01   -3.4333867334e-01
9.6281800391e-01   -2.4424331401e-01
9.6477495108e-01   -1.4204462894e-01
9.6673189824e-01   -3.8041139648e-02
9.6868884540e-01   6.6445704360e-02
9.7064579256e-01   1.7008831090e-01
9.7260273973e-01   2.7156981382e-01
9.7455968689e-01   3.6960080662e-01
9.7651663405e-01   4.6293572388e-01
9.7847358121e-01   5.5038866760e-01
9.8043052838e-01   6.3084847404e-01
9.8238747554e-01   7.0329283349e-01
9.8434442270e-01   7.6680128152e-01
9.8630136986e-01   8.2056688934e-01
9.8825831703e-01   8.6390651834e-01
9.9021526419e-01   8.9626950197e-01
9.9217221135e-01   9.1724464055e-01
9.9412915851e-01   9.2656542719e-01
9.9608610568e-01   9.2411343216e-01
9.9804305284e-01   9.0991980657e-01
1.0000000000e+00   8.8416489417e-01
