X    Y
0.0000000000e+00   -7.5612513115e-01
1.9569471624e-03   -7.9170824825e-01
3.9138943249e-03   -8.2477635743e-01
5.8708414873e-03   -8.5522459781e-01
7.8277886497e-03   -8.8295625187e-01
9.7847358121e-03   -9.0788323124e-01
1.1741682975e-02   -9.2992635648e-01
1.3698630137e-02   -9.4901560860e-01
1.5655577299e-02   -9.6509035148e-01
1.7612524462e-02   -9.7809952444e-01
1.9569471624e-02   -9.8800180448e-01
2.1526418787e-02   -9.9476573747e-01
2.3483365949e-02   -9.9836983816e-01
2.5440313112e-02   -9.9880265836e-01
2.7397260274e-02   -9.9606282334e-01
2.9354207436e-02   -9.9015903615e-01
3.1311154599e-02   -9.8111005001e-01
3.3268101761e-02   -9.6894460872e-01
3.5225048924e-02   -9.5370135538e-01
3.7181996086e-02   -9.3542870960e-01
3.9138943249e-02   -9.1418471377e-01
4.1095890411e-02   -8.9003684860e-01
4.3052837573e-02   -8.6306181884e-01
4.5009784736e-02   -8.3334530958e-01
4.6966731898e-02   -8.0098171414e-01
4.8923679061e-02   -7.6607383420e-01
5.0880626223e-02   -7.2873255324e-01
5.2837573386e-02   -6.8907648433e-01
5.4794520548e-02   -6.4723159338e-01
5.6751467710e-02   -6.0333079899e-01
5.8708414873e-02   -5.5751355028e-01
6.0665362035e-02   -5.0992538389e-01
6.2622309198e-02   -4.6071746171e-01
6.4579256360e-02   -4.1004609067e-01
6.6536203523e-02   -3.5807222628e-01
6.8493150685e-02   -3.0496096135e-01
7.0450097847e-02   -2.5088100165e-01
7.2407045010e-02   -1.9600412994e-01
7.4363992172e-02   -1.4050466035e-01
7.6320939335e-02   -8.4558884637e-02
7.8277886497e-02   -2.8344512251e-02
8.0234833659e-02   2.7959894159e-02
8.2191780822e-02   8.4175485996e-02
8.4148727984e-02   1.4012369677e-01
8.6105675147e-02   1.9562680926e-01
8.8062622309e-02   2.5050852016e-01
9.0019569472e-02   3.0459450001e-01
9.1976516634e-02   3.5771294698e-01
9.3933463796e-02   4.0969513253e-01
9.5890410959e-02   4.6037593742e-01
9.7847358121e-02   5.0959437619e-01
9.9804305284e-02   5.5719410858e-01
1.0176125245e-01   6.0302393607e-01
1.0371819961e-01   6.4693828217e-01
1.0567514677e-01   6.8879765482e-01
1.0763209393e-01   7.2846908946e-01
1.0958904110e-01   7.6582657144e-01
1.1154598826e-01   8.0075143635e-01
1.1350293542e-01   8.3313274685e-01
1.1545988258e-01   8.6286764508e-01
1.1741682975e-01   8.8986167943e-01
1.1937377691e-01   9.1402910451e-01
1.2133072407e-01   9.3529315356e-01
1.2328767123e-01   9.5358628229e-01
1.2524461840e-01   9.6885038341e-01
1.2720156556e-01   9.8103697116e-01
1.2915851272e-01   9.9010733540e-01
1.3111545988e-01   9.9603266454e-01
1.3307240705e-01   9.9879413707e-01
1.3502935421e-01   9.9838298137e-01
1.3698630137e-01   9.9480050351e-01
1.3894324853e-01   9.8805808310e-01
1.4090019569e-01   9.7817713721e-01
1.4285714286e-01   9.6518905232e-01
1.4481409002e-01   9.4913508460e-01
1.4677103718e-01   9.3006622886e-01
1.4872798434e-01   9.0804305660e-01
1.5068493151e-01   8.8313552356e-01
1.5264187867e-01   8.5542274754e-01
1.5459882583e-01   8.2499275705e-01
1.5655577299e-01   7.9194221170e-01
1.5851272016e-01   7.5637609525e-01
1.6046966732e-01   7.1840738204e-01
1.6242661448e-01   6.7815667809e-01
1.6438356164e-01   6.3575183812e-01
1.6634050881e-01   5.9132755935e-01
1.6829745597e-01   5.4502495368e-01
1.7025440313e-01   4.9699109947e-01
1.7221135029e-01   4.4737857430e-01
1.7416829746e-01   3.9634497029e-01
1.7612524462e-01   3.4405239361e-01
1.7808219178e-01   2.9066694943e-01
1.8003913894e-01   2.3635821444e-01
1.8199608611e-01   1.8129869810e-01
1.8395303327e-01   1.2566329467e-01
1.8590998043e-01   6.9628727702e-02
1.8786692759e-01   1.3372988650e-02
1.8982387476e-01   -4.2925228501e-02
1.9178082192e-01   -9.9087094782e-02
1.9373776908e-01   -1.5493421435e-01
1.9569471624e-01   -2.1028919114e-01
1.9765166341e-01   -2.6497619239e-01
1.9960861057e-01   -3.1882150716e-01
2.0156555773e-01   -3.7165409804e-01
2.0352250489e-01   -4.2330614447e-01
2.0547945205e-01   -4.7361357586e-01
2.0743639922e-01   -5.2241659274e-01
2.0939334638e-01   -5.6956017439e-01
2.1135029354e-01   -6.1489457121e-01
2.1330724070e-01   -6.5827578039e-01
2.1526418787e-01   -6.9956600333e-01
2.1722113503e-01   -7.3863408335e-01
2.1917808219e-01   -7.7535592239e-01
2.2113502935e-01   -8.0961487507e-01
2.2309197652e-01   -8.4130211930e-01
2.2504892368e-01   -8.7031700190e-01
2.2700587084e-01   -8.9656735831e-01
2.2896281800e-01   -9.1996980540e-01
2.3091976517e-01   -9.4045000630e-01
2.3287671233e-01   -9.5794290653e-01
2.3483365949e-01   -9.7239294063e-01
2.3679060665e-01   -9.8375420862e-01
2.3874755382e-01   -9.9199062193e-01
2.4070450098e-01   -9.9707601800e-01
2.4266144814e-01   -9.9899424337e-01
2.4461839530e-01   -9.9773920490e-01
2.4657534247e-01   -9.9331488920e-01
2.4853228963e-01   -9.8573534995e-01
2.5048923679e-01   -9.7502466328e-01
2.5244618395e-01   -9.6121685124e-01
2.5440313112e-01   -9.4435577375e-01
2.5636007828e-01   -9.2449498937e-01
2.5831702544e-01   -9.0169758512e-01
2.6027397260e-01   -8.7603597603e-01
2.6223091977e-01   -8.4759167512e-01
2.6418786693e-01   -8.1645503450e-01
2.6614481409e-01   -7.8272495846e-01
2.6810176125e-01   -7.4650858920e-01
2.7005870841e-01   -7.0792096654e-01
2.7201565558e-01   -6.6708466244e-01
2.7397260274e-01   -6.2412939170e-01
2.7592954990e-01   -5.7919159995e-01
2.7788649706e-01   -5.3241403022e-01
2.7984344423e-01   -4.8394526957e-01
2.8180039139e-01   -4.3393927701e-01
2.8375733855e-01   -3.8255489449e-01
2.8571428571e-01   -3.2995534234e-01
2.8767123288e-01   -2.7630770086e-01
2.8962818004e-01   -2.2178237959e-01
2.9158512720e-01   -1.6655257596e-01
2.9354207436e-01   -1.1079372513e-01
2.9549902153e-01   -5.4682942737e-02
2.9745596869e-01   1.6015376476e-03
2.9941291585e-01   5.7880930688e-02
3.0136986301e-01   1.1397646720e-01
3.0332681018e-01   1.6970996204e-01
3.0528375734e-01   2.2490438013e-01
3.0724070450e-01   2.7938439869e-01
3.0919765166e-01   3.3297696416e-01
3.1115459883e-01   3.8551184198e-01
3.1311154599e-01   4.3682215729e-01
3.1506849315e-01   4.8674492501e-01
3.1702544031e-01   5.3512156752e-01
3.1898238748e-01   5.8179841842e-01
3.2093933464e-01   6.2662721067e-01
3.2289628180e-01   6.6946554747e-01
3.2485322896e-01   7.1017735463e-01
3.2681017613e-01   7.4863331277e-01
3.2876712329e-01   7.8471126812e-01
3.3072407045e-01   8.1829662053e-01
3.3268101761e-01   8.4928268754e-01
3.3463796477e-01   8.7757104323e-01
3.3659491194e-01   9.0307183083e-01
3.3855185910e-01   9.2570404816e-01
3.4050880626e-01   9.4539580485e-01
3.4246575342e-01   9.6208455083e-01
3.4442270059e-01   9.7571727498e-01
3.4637964775e-01   9.8625067353e-01
3.4833659491e-01   9.9365128756e-01
3.5029354207e-01   9.9789560930e-01
3.5225048924e-01   9.9897015681e-01
3.5420743640e-01   9.9687151686e-01
3.5616438356e-01   9.9160635574e-01
3.5812133072e-01   9.8319139802e-01
3.6007827789e-01   9.7165337347e-01
3.6203522505e-01   9.5702893211e-01
3.6399217221e-01   9.3936452786e-01
3.6594911937e-01   9.1871627094e-01
3.6790606654e-01   8.9514974967e-01
3.6986301370e-01   8.6873982214e-01
3.7181996086e-01   8.3957037843e-01
3.7377690802e-01   8.0773407404e-01
3.7573385519e-01   7.7333203569e-01
3.7769080235e-01   7.3647354000e-01
3.7964774951e-01   6.9727566645e-01
3.8160469667e-01   6.5586292547e-01
3.8356164384e-01   6.1236686291e-01
3.8551859100e-01   5.6692564216e-01
3.8747553816e-01   5.1968360533e-01
3.8943248532e-01   4.7079081479e-01
3.9138943249e-01   4.2040257649e-01
3.9334637965e-01   3.6867894663e-01
3.9530332681e-01   3.1578422320e-01
3.9726027397e-01   2.6188642404e-01
3.9921722114e-01   2.0715675322e-01
4.0117416830e-01   1.5176905730e-01
4.0313111546e-01   9.5899272993e-02
4.0508806262e-01   3.9724868374e-02
4.0704500978e-01   -1.6575720916e-02
4.0900195695e-01   -7.2823658380e-02
4.1095890411e-01   -1.2884027475e-01
4.1291585127e-01   -1.8444763554e-01
4.1487279843e-01   -2.3946910629e-01
4.1682974560e-01   -2.9372991362e-01
4.1878669276e-01   -3.4705770035e-01
4.2074363992e-01   -3.9928307293e-01
4.2270058708e-01   -4.5024013962e-01
4.2465753425e-01   -4.9976703740e-01
4.2661448141e-01   -5.4770644615e-01
4.2857142857e-01   -5.9390608833e-01
4.3052837573e-01   -6.3821921265e-01
4.3248532290e-01   -6.8050506029e-01
4.3444227006e-01   -7.2062931200e-01
4.3639921722e-01   -7.5846451477e-01
4.3835616438e-01   -7.9389048664e-01
4.4031311155e-01   -8.2679469847e-01
4.4227005871e-01   -8.5707263137e-01
4.4422700587e-01   -8.8462810869e-01
4.4618395303e-01   -9.0937360159e-01
4.4814090020e-01   -9.3123050702e-01
4.5009784736e-01   -9.5012939744e-01
4.5205479452e-01   -9.6601024126e-01
4.5401174168e-01   -9.7882259361e-01
4.5596868885e-01   -9.8852575655e-01
4.5792563601e-01   -9.9508890839e-01
4.5988258317e-01   -9.9849120153e-01
4.6183953033e-01   -9.9872182871e-01
4.6379647750e-01   -9.9578005732e-01
4.6575342466e-01   -9.8967523173e-01
4.6771037182e-01   -9.8042674366e-01
4.6966731898e-01   -9.6806397051e-01
4.7162426614e-01   -9.5262618212e-01
4.7358121331e-01   -9.3416241592e-01
4.7553816047e-01   -9.1273132130e-01
4.7749510763e-01   -8.8840097319e-01
4.7945205479e-01   -8.6124865588e-01
4.8140900196e-01   -8.3136061755e-01
4.8336594912e-01   -7.9883179627e-01
4.8532289628e-01   -7.6376551852e-01
4.8727984344e-01   -7.2627317084e-01
4.8923679061e-01   -6.8647384606e-01
4.9119373777e-01   -6.4449396503e-01
4.9315068493e-01   -6.0046687510e-01
4.9510763209e-01   -5.5453242649e-01
4.9706457926e-01   -5.0683652805e-01
4.9902152642e-01   -4.5753068380e-01
5.0097847358e-01   -4.0677151168e-01
5.0293542074e-01   -3.5084396662e-01
5.0489236791e-01   -2.9045865469e-01
5.0684931507e-01   -2.2638282161e-01
5.0880626223e-01   -1.5943060429e-01
5.1076320939e-01   -9.0452686529e-02
5.1272015656e-01   -2.0325490366e-02
5.1467710372e-01   5.0059959604e-02
5.1663405088e-01   1.1980935745e-01
5.1859099804e-01   1.8803647881e-01
5.2054794521e-01   2.5387444107e-01
5.2250489237e-01   3.1648671784e-01
5.2446183953e-01   3.7507776780e-01
5.2641878669e-01   4.2890314264e-01
5.2837573386e-01   4.7727894586e-01
5.3033268102e-01   5.1959052226e-01
5.3228962818e-01   5.5530026779e-01
5.3424657534e-01   5.8395446017e-01
5.3620352250e-01   6.0518902384e-01
5.3816046967e-01   6.1873415573e-01
5.4011741683e-01   6.2441775339e-01
5.4207436399e-01   6.2216760175e-01
5.4403131115e-01   6.1201229069e-01
5.4598825832e-01   5.9408085179e-01
5.4794520548e-01   5.6860111877e-01
5.4990215264e-01   5.3589683274e-01
5.5185909980e-01   4.9638352877e-01
5.5381604697e-01   4.5056325622e-01
5.5577299413e-01   3.9901819979e-01
5.5772994129e-01   3.4240328233e-01
5.5968688845e-01   2.8143784357e-01
5.6164383562e-01   2.1689650022e-01
5.6360078278e-01   1.4959930387e-01
5.6555772994e-01   8.0401321540e-02
5.6751467710e-01   1.0181771390e-02
5.6947162427e-01   -6.0167148495e-02
5.7142857143e-01   -1.2975159627e-01
5.7338551859e-01   -1.9768744338e-01
5.7534246575e-01   -2.6311150809e-01
5.7729941292e-01   -3.2519252297e-01
5.7925636008e-01   -3.8314169675e-01
5.8121330724e-01   -4.3622273661e-01
5.8317025440e-01   -4.8376120344e-01
5.8512720157e-01   -5.2515308118e-01
5.8708414873e-01   -5.5987245131e-01
5.8904109589e-01   -5.8747817503e-01
5.9099804305e-01   -6.0761949836e-01
5.9295499022e-01   -6.2004050879e-01
5.9491193738e-01   -6.2458338677e-01
5.9686888454e-01   -6.2119041106e-01
5.9882583170e-01   -6.0990469193e-01
6.0078277886e-01   -5.9086962362e-01
6.0273972603e-01   -5.6432706238e-01
6.0469667319e-01   -5.3061425340e-01
6.0665362035e-01   -4.9015954589e-01
6.0861056751e-01   -4.4347695053e-01
6.1056751468e-01   -3.9115960857e-01
6.1252446184e-01   -3.3387225538e-01
6.1448140900e-01   -2.7234277447e-01
6.1643835616e-01   -2.0735294915e-01
6.1839530333e-01   -1.3972852940e-01
6.2035225049e-01   -7.0328739880e-02
6.2230919765e-01   -3.5362817951e-05
6.2426614481e-01   7.0258465769e-02
6.2622309198e-01   1.3965960411e-01
6.2818003914e-01   2.0728625274e-01
6.3013698630e-01   2.7227915853e-01
6.3209393346e-01   3.3381253224e-01
6.3405088063e-01   3.9110454089e-01
6.3600782779e-01   4.4342724153e-01
6.3796477495e-01   4.9011583034e-01
6.3992172211e-01   5.3057708958e-01
6.4187866928e-01   5.6429692492e-01
6.4383561644e-01   5.9084689746e-01
6.4579256360e-01   6.0988966738e-01
6.4774951076e-01   6.2118328012e-01
6.4970645793e-01   6.2458424065e-01
6.5166340509e-01   6.2004933669e-01
6.5362035225e-01   6.0763618768e-01
6.5557729941e-01   5.8750251272e-01
6.5753424658e-01   5.5990412673e-01
6.5949119374e-01   5.2519168998e-01
6.6144814090e-01   4.8380625272e-01
6.6340508806e-01   4.3627365128e-01
6.6536203523e-01   3.8319782684e-01
6.6731898239e-01   3.2525315184e-01
6.6927592955e-01   2.6317586158e-01
6.7123287671e-01   1.9775469967e-01
6.7318982387e-01   1.2982089648e-01
6.7514677104e-01   6.0237607643e-02
6.7710371820e-01   -1.0111053036e-02
6.7906066536e-01   -8.0331247036e-02
6.8101761252e-01   -1.4953076814e-01
6.8297455969e-01   -2.1683037862e-01
6.8493150685e-01   -2.8137498064e-01
6.8688845401e-01   -3.4234448099e-01
6.8884540117e-01   -3.9896421108e-01
6.9080234834e-01   -4.5051476977e-01
6.9275929550e-01   -4.9634116393e-01
6.9471624266e-01   -5.3586113067e-01
6.9667318982e-01   -5.6857253553e-01
6.9863013699e-01   -5.9405975251e-01
7.0058708415e-01   -6.1199894496e-01
7.0254403131e-01   -6.2216218016e-01
7.0450097847e-01   -6.2442032537e-01
7.0645792564e-01   -6.1874468862e-01
7.0841487280e-01   -6.0520738327e-01
7.1037181996e-01   -5.8398041179e-01
7.1232876712e-01   -5.5533348027e-01
7.1428571429e-01   -5.1963057157e-01
7.1624266145e-01   -4.7732532068e-01
7.1819960861e-01   -4.2895525092e-01
7.2015655577e-01   -3.7513494417e-01
7.2211350294e-01   -3.1654823214e-01
7.2407045010e-01   -2.5393950769e-01
7.2602739726e-01   -1.8810426680e-01
7.2798434442e-01   -1.1987900111e-01
7.2994129159e-01   -5.0130569510e-02
7.3189823875e-01   2.0254815991e-02
7.3385518591e-01   9.0382850269e-02
7.3581213307e-01   1.5936249801e-01
7.3776908023e-01   2.2631731510e-01
7.3972602740e-01   2.9039658458e-01
7.4168297456e-01   3.5078612567e-01
7.4363992172e-01   4.0671863867e-01
7.4559686888e-01   4.5748345406e-01
7.4755381605e-01   5.0243556218e-01
7.4951076321e-01   5.4100380869e-01
7.5146771037e-01   5.7269815147e-01
7.5342465753e-01   5.9711588713e-01
7.5538160470e-01   6.1394676762e-01
7.5733855186e-01   6.2297694221e-01
7.5929549902e-01   6.2409167462e-01
7.6125244618e-01   6.1727680088e-01
7.6320939335e-01   6.0261890920e-01
7.6516634051e-01   5.8030423996e-01
7.6712328767e-01   5.5061631930e-01
7.6908023483e-01   5.1393235667e-01
7.7103718200e-01   4.7071845217e-01
7.7299412916e-01   4.2152367426e-01
7.7495107632e-01   3.6697308339e-01
7.7690802348e-01   3.0775979006e-01
7.7886497065e-01   2.4463614836e-01
7.8082191781e-01   1.7840419670e-01
7.8277886497e-01   1.0990546729e-01
7.8473581213e-01   4.0010293618e-02
7.8669275930e-01   -3.0393247818e-02
7.8864970646e-01   -1.0041062130e-01
7.9060665362e-01   -1.6915219762e-01
7.9256360078e-01   -2.3574455757e-01
7.9452054795e-01   -2.9934158945e-01
7.9647749511e-01   -3.5913523966e-01
7.9843444227e-01   -4.1436577973e-01
8.0039138943e-01   -4.6433145922e-01
8.0234833659e-01   -5.0839742216e-01
8.0430528376e-01   -5.4600377335e-01
8.0626223092e-01   -5.7667269233e-01
8.0821917808e-01   -6.0001450449e-01
8.1017612524e-01   -6.1573263219e-01
8.1213307241e-01   -6.2362736305e-01
8.1409001957e-01   -6.2359838746e-01
8.1604696673e-01   -6.1564607311e-01
8.1800391389e-01   -5.9987146033e-01
8.1996086106e-01   -5.7647497834e-01
8.2191780822e-01   -5.4575389860e-01
8.2387475538e-01   -5.0809855773e-01
8.2583170254e-01   -4.6398739786e-01
8.2778864971e-01   -4.1398088772e-01
8.2974559687e-01   -3.5871440149e-01
8.3170254403e-01   -2.9889014574e-01
8.3365949119e-01   -2.3526823739e-01
8.3561643836e-01   -1.6865704572e-01
8.3757338552e-01   -9.9902921406e-02
8.3953033268e-01   -2.9879442930e-02
8.4148727984e-01   4.0523682963e-02
8.4344422701e-01   1.1041192577e-01
8.4540117417e-01   1.7889729692e-01
8.4735812133e-01   2.4510963244e-01
8.4931506849e-01   3.0820764915e-01
8.5127201566e-01   3.6738963381e-01
8.5322896282e-01   4.2190362963e-01
8.5518590998e-01   4.7105699047e-01
8.5714285714e-01   5.1422518150e-01
8.5909980431e-01   5.5085971440e-01
8.6105675147e-01   5.8049511641e-01
8.6301369863e-01   6.0275484457e-01
8.6497064579e-01   6.1735606995e-01
8.6692759295e-01   6.2411327134e-01
8.6888454012e-01   6.2294059239e-01
8.7084148728e-01   6.1385293248e-01
8.7279843444e-01   5.9696575739e-01
8.7475538160e-01   5.7249363232e-01
8.7671232877e-01   5.4074749560e-01
8.7866927593e-01   5.0213070797e-01
8.8062622309e-01   4.5713392756e-01
8.8258317025e-01   4.0632887566e-01
8.8454011742e-01   3.5036107256e-01
8.8649706458e-01   2.8994163565e-01
8.8845401174e-01   2.2583824408e-01
8.9041095890e-01   1.5886538473e-01
8.9236790607e-01   8.9874003509e-02
8.9432485323e-01   1.9740693435e-02
8.9628180039e-01   -5.0643443274e-02
8.9823874755e-01   -1.2038411737e-01
9.0019569472e-01   -1.8859521525e-01
9.0215264188e-01   -2.5441005784e-01
9.0410958904e-01   -3.1699241240e-01
9.0606653620e-01   -3.7554711759e-01
9.0802348337e-01   -4.2933018663e-01
9.0998043053e-01   -4.7765826039e-01
9.1193737769e-01   -5.1991728994e-01
9.1389432485e-01   -5.5557033858e-01
9.1585127202e-01   -5.8416440413e-01
9.1780821918e-01   -6.0533617461e-01
9.1976516634e-01   -6.1881664445e-01
9.2172211350e-01   -6.2443453247e-01
9.2367906067e-01   -6.2211845814e-01
9.2563600783e-01   -6.1189784861e-01
9.2759295499e-01   -5.9390256472e-01
9.2954990215e-01   -5.6836125104e-01
9.3150684932e-01   -5.3559843081e-01
9.3346379648e-01   -4.9603038253e-01
9.3542074364e-01   -4.5015985082e-01
9.3737769080e-01   -3.9856965870e-01
9.3933463796e-01   -3.4191530227e-01
9.4129158513e-01   -2.8091662210e-01
9.4324853229e-01   -2.1634865710e-01
9.4520547945e-01   -1.4903179693e-01
9.4716242661e-01   -7.9821358363e-02
9.4911937378e-01   -9.5967177127e-03
9.5107632094e-01   6.0749862340e-02
9.5303326810e-01   1.3032456969e-01
9.5499021526e-01   1.9824339945e-01
9.5694716243e-01   2.6364338598e-01
9.5890410959e-01   3.2569356759e-01
9.6086105675e-01   3.8360554465e-01
9.6281800391e-01   4.3664349680e-01
9.6477495108e-01   4.8413353220e-01
9.6673189824e-01   5.2547224989e-01
9.6868884540e-01   5.6013440644e-01
9.7064579256e-01   5.8767958967e-01
9.7260273973e-01   6.0775781445e-01
9.7455968689e-01   6.2011396958e-01
9.7651663405e-01   6.2459105921e-01
9.7847358121e-01   6.2113219758e-01
9.8043052838e-01   6.0978133183e-01
9.8238747554e-01   5.9068268363e-01
9.8434442270e-01   5.6407891668e-01
9.8630136986e-01   5.3030805354e-01
9.8825831703e-01   4.8979918072e-01
9.9021526419e-01   4.4306699679e-01
9.9217221135e-01   3.9070527277e-01
9.9412915851e-01   3.3337930768e-01
9.9608610568e-01   2.7181747540e-01
9.9804305284e-01   2.0680197016e-01
1.0000000000e+00   1.3915886796e-01
