X    Y
0.0000000000e+00   6.5318013129e-01
1.9569471624e-03   6.0956060096e-01
3.9138943249e-03   5.6400482674e-01
5.8708414873e-03   5.1665751463e-01
7.8277886497e-03   4.6766906140e-01
9.7847358121e-03   4.1719507685e-01
1.1741682975e-02   3.6539588948e-01
1.3698630137e-02   3.1243603726e-01
1.5655577299e-02   2.5848374496e-01
1.7612524462e-02   2.0371038979e-01
1.9569471624e-02   1.4828995703e-01
2.1526418787e-02   9.2398487392e-02
2.3483365949e-02   3.6213517800e-02
2.5440313112e-02   -2.0086482526e-02
2.7397260274e-02   -7.6322678976e-02
2.9354207436e-02   -1.3231643961e-01
3.1311154599e-02   -1.8788990257e-01
3.3268101761e-02   -2.4286654107e-01
3.5225048924e-02   -2.9707172410e-01
3.7181996086e-02   -3.5033327115e-01
3.9138943249e-02   -4.0248199913e-01
4.1095890411e-02   -4.5335225977e-01
4.3052837573e-02   -5.0278246581e-01
4.5009784736e-02   -5.5061560425e-01
4.6966731898e-02   -5.9669973512e-01
4.8923679061e-02   -6.4088847408e-01
5.0880626223e-02   -6.8304145746e-01
5.2837573386e-02   -7.2302478804e-01
5.4794520548e-02   -7.6071146044e-01
5.6751467710e-02   -7.9598176452e-01
5.8708414873e-02   -8.2872366562e-01
6.0665362035e-02   -8.5883316044e-01
6.2622309198e-02   -8.8621460745e-01
6.4579256360e-02   -9.1078103059e-01
6.6536203523e-02   -9.3245439566e-01
6.8493150685e-02   -9.5116585811e-01
7.0450097847e-02   -9.6685598176e-01
7.2407045010e-02   -9.7947492758e-01
7.4363992172e-02   -9.8898261202e-01
7.6320939335e-02   -9.9534883431e-01
7.8277886497e-02   -9.9855337241e-01
8.0234833659e-02   -9.9858604723e-01
8.2191780822e-02   -9.9544675500e-01
8.4148727984e-02   -9.8914546754e-01
8.6105675147e-02   -9.7970220062e-01
8.8062622309e-02   -9.6714695040e-01
9.0019569472e-02   -9.5151959810e-01
9.1976516634e-02   -9.3286978335e-01
9.3933463796e-02   -9.1125674653e-01
9.5890410959e-02   -8.8674914053e-01
9.7847358121e-02   -8.5942481276e-01
9.9804305284e-02   -8.2937055781e-01
1.0176125245e-01   -7.9668184176e-01
1.0371819961e-01   -7.6146249896e-01
1.0567514677e-01   -7.2382440219e-01
1.0763209393e-01   -6.8388710731e-01
1.0958904110e-01   -6.4177747346e-01
1.1154598826e-01   -5.9762926015e-01
1.1350293542e-01   -5.5158270234e-01
1.1545988258e-01   -5.0378406501e-01
1.1741682975e-01   -4.5438517854e-01
1.1937377691e-01   -4.0354295645e-01
1.2133072407e-01   -3.5141889693e-01
1.2328767123e-01   -2.9817856990e-01
1.2524461840e-01   -2.4399109104e-01
1.2720156556e-01   -1.8902858462e-01
1.2915851272e-01   -1.3346563676e-01
1.3111545988e-01   -7.7478740853e-02
1.3307240705e-01   -2.1245736949e-02
1.3502935421e-01   3.5054753155e-02
1.3698630137e-01   9.1243893293e-02
1.3894324853e-01   1.4714320100e-01
1.4090019569e-01   2.0257511444e-01
1.4285714286e-01   2.5736355646e-01
1.4481409002e-01   3.1133449384e-01
1.4677103718e-01   3.6431649014e-01
1.4872798434e-01   4.1614125026e-01
1.5068493151e-01   4.6664415500e-01
1.5264187867e-01   5.1566478398e-01
1.5459882583e-01   5.6304742522e-01
1.5655577299e-01   6.0864156972e-01
1.5851272016e-01   6.5230238958e-01
1.6046966732e-01   6.9389119802e-01
1.6242661448e-01   7.3327588991e-01
1.6438356164e-01   7.7033136143e-01
1.6634050881e-01   8.0493990741e-01
1.6829745597e-01   8.3699159524e-01
1.7025440313e-01   8.6638461407e-01
1.7221135029e-01   8.9302559819e-01
1.7416829746e-01   9.1682992362e-01
1.7612524462e-01   9.3772197693e-01
1.7808219178e-01   9.5563539536e-01
1.8003913894e-01   9.7051327769e-01
1.8199608611e-01   9.8230836494e-01
1.8395303327e-01   9.9098319051e-01
1.8590998043e-01   9.9651019918e-01
1.8786692759e-01   9.9887183464e-01
1.8982387476e-01   9.9806059524e-01
1.9178082192e-01   9.9407905785e-01
1.9373776908e-01   9.8693986967e-01
1.9569471624e-01   9.7666570803e-01
1.9765166341e-01   9.6328920837e-01
1.9960861057e-01   9.4685286059e-01
2.0156555773e-01   9.2740887406e-01
2.0352250489e-01   9.0501901181e-01
2.0547945205e-01   8.7975439429e-01
2.0743639922e-01   8.5169527352e-01
2.0939334638e-01   8.2093077812e-01
2.1135029354e-01   7.8755863023e-01
2.1330724070e-01   7.5168483510e-01
2.1526418787e-01   7.1342334435e-01
2.1722113503e-01   6.7289569400e-01
2.1917808219e-01   6.3023061846e-01
2.2113502935e-01   5.8556364156e-01
2.2309197652e-01   5.3903664609e-01
2.2504892368e-01   4.9079742314e-01
2.2700587084e-01   4.4099920257e-01
2.2896281800e-01   3.8980016637e-01
2.3091976517e-01   3.3736294616e-01
2.3287671233e-01   2.8385410656e-01
2.3483365949e-01   2.2944361620e-01
2.3679060665e-01   1.7430430774e-01
2.3874755382e-01   1.1861132888e-01
2.4070450098e-01   6.2541586076e-02
2.4266144814e-01   6.2731825200e-03
2.4461839530e-01   -5.0015147540e-02
2.4657534247e-01   -1.0614460656e-01
2.4853228963e-01   -1.6193690166e-01
2.5048923679e-01   -2.1721481091e-01
2.5244618395e-01   -2.7180274636e-01
2.5440313112e-01   -3.2552731167e-01
2.5636007828e-01   -3.7821785302e-01
2.5831702544e-01   -4.2970700108e-01
2.6027397260e-01   -4.7983120272e-01
2.6223091977e-01   -5.2843124050e-01
2.6418786693e-01   -5.7535273841e-01
2.6614481409e-01   -6.2044665226e-01
2.6810176125e-01   -6.6356974312e-01
2.7005870841e-01   -7.0458503228e-01
2.7201565558e-01   -7.4336223638e-01
2.7397260274e-01   -7.7977818125e-01
2.7592954990e-01   -8.1371719314e-01
2.7788649706e-01   -8.4507146619e-01
2.7984344423e-01   -8.7374140487e-01
2.8180039139e-01   -8.9963594031e-01
2.8375733855e-01   -9.2267281958e-01
2.8571428571e-01   -9.4277886701e-01
2.8767123288e-01   -9.5989021656e-01
2.8962818004e-01   -9.7395251475e-01
2.9158512720e-01   -9.8492109326e-01
2.9354207436e-01   -9.9276111088e-01
2.9549902153e-01   -9.9744766410e-01
2.9745596869e-01   -9.9896586629e-01
2.9941291585e-01   -9.9731089493e-01
3.0136986301e-01   -9.9248800698e-01
3.0332681018e-01   -9.8451252215e-01
3.0528375734e-01   -9.7340977422e-01
3.0724070450e-01   -9.5921503061e-01
3.0919765166e-01   -9.4197338034e-01
3.1115459883e-01   -9.2173959079e-01
3.1311154599e-01   -8.9857793375e-01
3.1506849315e-01   -8.7256198126e-01
3.1702544031e-01   -8.4377437192e-01
3.1898238748e-01   -8.1230654837e-01
3.2093933464e-01   -7.7825846684e-01
3.2289628180e-01   -7.4173827965e-01
3.2485322896e-01   -7.0286199165e-01
3.2681017613e-01   -6.6175309176e-01
3.2876712329e-01   -6.1854216068e-01
3.3072407045e-01   -5.7336645615e-01
3.3268101761e-01   -5.2636947691e-01
3.3463796477e-01   -4.7770050691e-01
3.3659491194e-01   -4.2751414111e-01
3.3855185910e-01   -3.7596979442e-01
3.4050880626e-01   -3.2323119530e-01
3.4246575342e-01   -2.6946586574e-01
3.4442270059e-01   -2.1484458905e-01
3.4637964775e-01   -1.5954086746e-01
3.4833659491e-01   -1.0373037094e-01
3.5029354207e-01   -4.7590379201e-02
3.5225048924e-01   8.7007813932e-03
3.5420743640e-01   6.4964304317e-02
3.5616438356e-01   1.2102147083e-01
3.5812133072e-01   1.7669421767e-01
3.6007827789e-01   2.3180570268e-01
3.6203522505e-01   2.8618086651e-01
3.6399217221e-01   3.3964698871e-01
3.6594911937e-01   3.9203423638e-01
3.6790606654e-01   4.4317620359e-01
3.6986301370e-01   4.9291044002e-01
3.7181996086e-01   5.4107896693e-01
3.7377690802e-01   5.8752877900e-01
3.7573385519e-01   6.3211233033e-01
3.7769080235e-01   6.7468800312e-01
3.7964774951e-01   7.1512055752e-01
3.8160469667e-01   7.5328156121e-01
3.8356164384e-01   7.8904979733e-01
3.8551859100e-01   8.2231164958e-01
3.8747553816e-01   8.5296146306e-01
3.8943248532e-01   8.8090187992e-01
3.9138943249e-01   9.0604414858e-01
3.9334637965e-01   9.2830840567e-01
3.9530332681e-01   9.4762392971e-01
3.9726027397e-01   9.6392936573e-01
3.9921722114e-01   9.7717292020e-01
4.0117416830e-01   9.8731252552e-01
4.0313111546e-01   9.9431597365e-01
4.0508806262e-01   9.9816101842e-01
4.0704500978e-01   9.9883544623e-01
4.0900195695e-01   9.9633711476e-01
4.1095890411e-01   9.9067395988e-01
4.1291585127e-01   9.8186397035e-01
4.1487279843e-01   9.6993513074e-01
4.1682974560e-01   9.5492533252e-01
4.1878669276e-01   9.3688225368e-01
4.2074363992e-01   9.1586320731e-01
4.2270058708e-01   8.9193495954e-01
4.2465753425e-01   8.6517351746e-01
4.2661448141e-01   8.3566388767e-01
4.2857142857e-01   8.0349980629e-01
4.3052837573e-01   7.6878344117e-01
4.3248532290e-01   7.3162506742e-01
4.3444227006e-01   6.9214271706e-01
4.3639921722e-01   6.5046180414e-01
4.3835616438e-01   6.0671472634e-01
4.4031311155e-01   5.6104044444e-01
4.4227005871e-01   5.1358404089e-01
4.4422700587e-01   4.6449625899e-01
4.4618395303e-01   4.1393302403e-01
4.4814090020e-01   3.6205494804e-01
4.5009784736e-01   3.0902681955e-01
4.5205479452e-01   2.5501708022e-01
4.5401174168e-01   2.0019728974e-01
4.5596868885e-01   1.4474158089e-01
4.5792563601e-01   8.8826106425e-02
4.5988258317e-01   3.2628479527e-02
4.6183953033e-01   -2.3672790379e-02
4.6379647750e-01   -7.9898864652e-02
4.6575342466e-01   -1.3587114350e-01
4.6771037182e-01   -1.9141183331e-01
4.6966731898e-01   -2.4634451140e-01
4.7162426614e-01   -3.0049468638e-01
4.7358121331e-01   -3.5369035249e-01
4.7553816047e-01   -4.0576253589e-01
4.7749510763e-01   -4.5654583147e-01
4.7945205479e-01   -5.0587892820e-01
4.8140900196e-01   -5.5360512155e-01
4.8336594912e-01   -5.9957281124e-01
4.8532289628e-01   -6.4363598283e-01
4.8727984344e-01   -6.8565467148e-01
4.8923679061e-01   -7.2549540657e-01
4.9119373777e-01   -7.6303163567e-01
4.9315068493e-01   -7.9814412650e-01
4.9510763209e-01   -8.3072134570e-01
4.9706457926e-01   -8.6065981308e-01
4.9902152642e-01   -8.8786443034e-01
5.0097847358e-01   -9.1224878316e-01
5.0293542074e-01   -9.2504225465e-01
5.0489236791e-01   -9.2608229310e-01
5.0684931507e-01   -9.1535568394e-01
5.0880626223e-01   -8.9299871769e-01
5.1076320939e-01   -8.5929545825e-01
5.1272015656e-01   -8.1467413361e-01
5.1467710372e-01   -7.5970169493e-01
5.1663405088e-01   -6.9507661284e-01
5.1859099804e-01   -6.2162000292e-01
5.2054794521e-01   -5.4026519261e-01
5.2250489237e-01   -4.5204586262e-01
5.2446183953e-01   -3.5808291307e-01
5.2641878669e-01   -2.5957022158e-01
5.2837573386e-01   -1.5775947402e-01
5.3033268102e-01   -5.3944260828e-02
5.3228962818e-01   5.0556359176e-02
5.3424657534e-01   1.5441461849e-01
5.3620352250e-01   2.5631091134e-01
5.3816046967e-01   3.5495056037e-01
5.4011741683e-01   4.4908026662e-01
5.4207436399e-01   5.3750403368e-01
5.4403131115e-01   6.1909836388e-01
5.4598825832e-01   6.9282653323e-01
5.4794520548e-01   7.5775176387e-01
5.4990215264e-01   8.1304912662e-01
5.5185909980e-01   8.5801602238e-01
5.5381604697e-01   8.9208110925e-01
5.5577299413e-01   9.1481156191e-01
5.5772994129e-01   9.2591857099e-01
5.5968688845e-01   9.2526101271e-01
5.6164383562e-01   9.1284724187e-01
5.6360078278e-01   8.8883498579e-01
5.6555772994e-01   8.5352934019e-01
5.6751467710e-01   8.0737889275e-01
5.6947162427e-01   7.5097002337e-01
5.7142857143e-01   6.8501945376e-01
5.7338551859e-01   6.1036514090e-01
5.7534246575e-01   5.2795563006e-01
5.7729941292e-01   4.3883800279e-01
5.7925636008e-01   3.4414457284e-01
5.8121330724e-01   2.4507849918e-01
5.8317025440e-01   1.4289849886e-01
5.8512720157e-01   3.8902853986e-02
5.8708414873e-01   -6.5587084083e-02
5.8904109589e-01   -1.6924368357e-01
5.9099804305e-01   -2.7074990096e-01
5.9295499022e-01   -3.6881601513e-01
5.9491193738e-01   -4.6219601435e-01
5.9686888454e-01   -5.4970342788e-01
5.9882583170e-01   -6.3022640108e-01
6.0078277886e-01   -7.0274182243e-01
6.0273972603e-01   -7.6632832306e-01
6.0469667319e-01   -8.2017798346e-01
6.0665362035e-01   -8.6360659880e-01
6.0861056751e-01   -8.9606237232e-01
6.1056751468e-01   -9.1713292636e-01
6.1252446184e-01   -9.2655054196e-01
6.1448140900e-01   -9.2419556047e-01
6.1643835616e-01   -9.1009790388e-01
6.1839530333e-01   -8.8443669468e-01
6.2035225049e-01   -8.4753797993e-01
6.2230919765e-01   -7.9987058855e-01
6.2426614481e-01   -7.4204017450e-01
6.2622309198e-01   -6.7478152140e-01
6.2818003914e-01   -5.9894920651e-01
6.3013698630e-01   -5.1550674261e-01
6.3209393346e-01   -4.2551433576e-01
6.3405088063e-01   -3.3011541454e-01
6.3600782779e-01   -2.3052210176e-01
6.3796477495e-01   -1.2799981348e-01
6.3992172211e-01   -2.3851180871e-02
6.4187866928e-01   8.0600500881e-02
6.4383561644e-01   1.8402808607e-01
6.4579256360e-01   2.8511744101e-01
6.4774951076e-01   3.8258414115e-01
6.4970645793e-01   4.7518979083e-01
6.5166340509e-01   5.6175775805e-01
6.5362035225e-01   6.4118812462e-01
6.5557729941e-01   7.1247166151e-01
6.5753424658e-01   7.7470265196e-01
6.5949119374e-01   8.2709039935e-01
6.6144814090e-01   8.6896927367e-01
6.6340508806e-01   8.9980716892e-01
6.6536203523e-01   9.1921226393e-01
6.6731898239e-01   9.2693800078e-01
6.6927592955e-01   9.2288621755e-01
6.7123287671e-01   9.0710839552e-01
6.7318982387e-01   8.7980500507e-01
6.7514677104e-01   8.4132295855e-01
6.7710371820e-01   7.9215120243e-01
6.7906066536e-01   7.3291450487e-01
6.8101761252e-01   6.6436551750e-01
6.8297455969e-01   5.8737521236e-01
6.8493150685e-01   5.0292181545e-01
6.8688845401e-01   4.1207837759e-01
6.8884540117e-01   3.1599914040e-01
6.9080234834e-01   2.1590487068e-01
6.9275929550e-01   1.1306734958e-01
6.9471624266e-01   8.7932135461e-03
6.9667318982e-01   -9.5592647601e-02
6.9863013699e-01   -1.9876392446e-01
7.0058708415e-01   -2.9940973996e-01
7.0254403131e-01   -3.9625130509e-01
7.0450097847e-01   -4.8805816704e-01
7.0645792564e-01   -5.7366384309e-01
7.0841487280e-01   -6.5198064175e-01
7.1037181996e-01   -7.2201348280e-01
7.1232876712e-01   -7.8287254062e-01
7.1428571429e-01   -8.3378455013e-01
7.1624266145e-01   -8.7410263181e-01
7.1819960861e-01   -9.0331451082e-01
7.2015655577e-01   -9.2104902588e-01
7.2211350294e-01   -9.2708084520e-01
7.2407045010e-01   -9.2133332948e-01
7.2602739726e-01   -9.0387950569e-01
7.2798434442e-01   -8.7494113923e-01
7.2994129159e-01   -8.3488591615e-01
7.3189823875e-01   -7.8422277148e-01
7.3385518591e-01   -7.2359542269e-01
7.3581213307e-01   -6.5377419080e-01
7.3776908023e-01   -5.7564621277e-01
7.3972602740e-01   -4.9020416969e-01
7.4168297456e-01   -3.9853367395e-01
7.4363992172e-01   -3.0179947563e-01
7.4559686888e-01   -2.0123066337e-01
7.4755381605e-01   -9.8105047764e-02
7.4951076321e-01   6.2670742645e-03
7.5146771037e-01   1.1055956789e-01
7.5342465753e-01   2.1344731003e-01
7.5538160470e-01   3.1362302615e-01
7.5733855186e-01   4.0981390026e-01
7.5929549902e-01   5.0079774710e-01
7.6125244618e-01   5.8541854105e-01
7.6320939335e-01   6.6260110438e-01
7.6516634051e-01   7.3136476828e-01
7.6712328767e-01   7.9083583305e-01
7.6908023483e-01   8.4025866926e-01
7.7103718200e-01   8.7900531855e-01
7.7299412916e-01   9.0658347245e-01
7.7495107632e-01   9.2264272752e-01
7.7690802348e-01   9.2697903753e-01
7.7886497065e-01   9.1953730605e-01
7.8082191781e-01   9.0041208649e-01
7.8277886497e-01   8.6984638070e-01
7.8473581213e-01   8.2822855146e-01
7.8669275930e-01   7.7608738798e-01
7.8864970646e-01   7.1408538722e-01
7.9060665362e-01   6.4301033629e-01
7.9256360078e-01   5.6376530296e-01
7.9452054795e-01   4.7735716145e-01
7.9647749511e-01   3.8488379923e-01
7.9843444227e-01   2.8752016747e-01
8.0039138943e-01   1.8650335227e-01
8.0234833659e-01   8.3116856502e-02
8.0430528376e-01   -2.1325708225e-02
8.0626223092e-01   -1.2549731205e-01
8.0821917808e-01   -2.2807436790e-01
8.1017612524e-01   -3.2775354876e-01
8.1213307241e-01   -4.2326834754e-01
8.1409001957e-01   -5.1340516908e-01
8.1604696673e-01   -5.9701874993e-01
8.1800391389e-01   -6.7304670983e-01
8.1996086106e-01   -7.4052305017e-01
8.2191780822e-01   -7.9859042779e-01
8.2387475538e-01   -8.4651104824e-01
8.2583170254e-01   -8.8367604009e-01
8.2778864971e-01   -9.0961319114e-01
8.2974559687e-01   -9.2399294825e-01
8.3170254403e-01   -9.2663260463e-01
8.3365949119e-01   -9.1749862124e-01
8.3561643836e-01   -8.9670705295e-01
8.3757338552e-01   -8.6452207398e-01
8.3953033268e-01   -8.2135262131e-01
8.4148727984e-01   -7.6774719883e-01
8.4344422701e-01   -7.0438690812e-01
8.4540117417e-01   -6.3207679450e-01
8.4735812133e-01   -5.5173561825e-01
8.4931506849e-01   -4.6438418099e-01
8.5127201566e-01   -3.7113235556e-01
8.5322896282e-01   -2.7316498414e-01
8.5518590998e-01   -1.7172682386e-01
8.5714285714e-01   -6.8106731110e-02
8.5909980431e-01   3.6378714435e-02
8.6105675147e-01   1.4040193808e-01
8.6301369863e-01   2.4264123806e-01
8.6497064579e-01   3.4179757881e-01
8.6692759295e-01   4.3661109638e-01
8.6888454012e-01   5.2587710596e-01
8.7084148728e-01   6.0846140849e-01
8.7279843444e-01   6.8331470156e-01
8.7475538160e-01   7.4948591166e-01
8.7671232877e-01   8.0613427842e-01
8.7866927593e-01   8.5254003710e-01
8.8062622309e-01   8.8811356385e-01
8.8258317025e-01   9.1240286736e-01
8.8454011742e-01   9.2509933178e-01
8.8649706458e-01   9.2604163793e-01
8.8845401174e-01   9.1521781304e-01
8.9041095890e-01   8.9276538282e-01
8.9236790607e-01   8.5896962412e-01
8.9432485323e-01   8.1425994023e-01
8.9628180039e-01   7.5920440495e-01
8.9823874755e-01   6.9450254477e-01
9.0019569472e-01   6.2097645075e-01
9.0215264188e-01   5.3956033322e-01
9.0410958904e-01   4.5128865183e-01
9.0606653620e-01   3.5728297188e-01
9.0802348337e-01   2.5873771391e-01
9.0998043053e-01   1.5690497757e-01
9.1193737769e-01   5.3078632684e-02
9.1389432485e-01   -5.1422120481e-02
9.1585127202e-01   -1.5526951274e-01
9.1780821918e-01   -2.5714407638e-01
9.1976516634e-01   -3.5575141016e-01
9.2172211350e-01   -4.4983862569e-01
9.2367906067e-01   -5.3821026644e-01
9.2563600783e-01   -6.1974349706e-01
9.2759295499e-01   -6.9340236988e-01
9.2954990215e-01   -7.5825098749e-01
9.3150684932e-01   -8.1346539417e-01
9.3346379648e-01   -8.5834404483e-01
9.3542074364e-01   -8.9231671880e-01
9.3737769080e-01   -9.1495176494e-01
9.3933463796e-01   -9.2596158612e-01
9.4129158513e-01   -9.2520629338e-01
9.4324853229e-01   -9.1269548334e-01
9.4520547945e-01   -8.8858811627e-01
9.4716242661e-01   -8.5319049638e-01
9.4911937378e-01   -8.0695237994e-01
9.5107632094e-01   -7.5046126075e-01
9.5303326810e-01   -6.8443490559e-01
9.5499021526e-01   -6.0971223435e-01
9.5694716243e-01   -5.2724266086e-01
9.5890410959e-01   -4.3807402980e-01
9.6086105675e-01   -3.4333930297e-01
9.6281800391e-01   -2.4424216406e-01
9.6477495108e-01   -1.4204172483e-01
9.6673189824e-01   -3.8036527068e-02
9.6868884540e-01   6.6451956482e-02
9.7064579256e-01   1.7009611252e-01
9.7260273973e-01   2.7157905565e-01
9.7455968689e-01   3.6961136046e-01
9.7651663405e-01   4.6294744479e-01
9.7847358121e-01   5.5040139588e-01
9.8043052838e-01   6.3086203836e-01
9.8238747554e-01   7.0330705271e-01
9.8434442270e-01   7.6681596460e-01
9.8630136986e-01   8.2058184038e-01
9.8825831703e-01   8.6392153976e-01
9.9021526419e-01   8.9628439573e-01
9.9217221135e-01   9.1725921123e-01
9.9412915851e-01   9.2657948373e-01
9.9608610568e-01   9.2412679142e-01
9.9804305284e-01   9.0993229777e-01
1.0000000000e+00   8.8417635568e-01
