X    Y
-1.0000000000e+00   -1.7516270241e-09
-9.9902296043e-01   -1.8304929879e-09
-9.9804592086e-01   -1.9149651261e-09
-9.9706888129e-01   -1.8006456761e-09
-9.9609184172e-01   -1.7699049507e-09
-9.9511480215e-01   -1.9008189362e-09
-9.9413776258e-01   -1.8760599972e-09
-9.9316072301e-01   -1.7588628231e-09
-9.9218368344e-01   -1.8386408086e-09
-9.9120664387e-01   -1.9231884993e-09
-9.9022960430e-01   -1.8082307497e-09
-9.8925256473e-01   -1.7777436615e-09
-9.8827552516e-01   -1.9090925076e-09
-9.8729848559e-01   -1.8836943468e-09
-9.8632144602e-01   -1.7660699159e-09
-9.8534440645e-01   -1.8470168743e-09
-9.8436736688e-01   -1.9315189805e-09
-9.8339032731e-01   -1.8156273396e-09
-9.8241328774e-01   -1.7859379880e-09
-9.8143624817e-01   -1.9177096136e-09
-9.8045920860e-01   -1.8915452378e-09
-9.7948216903e-01   -1.7735674713e-09
-9.7850512946e-01   -1.8550891359e-09
-9.7752808989e-01   -1.9397668749e-09
-9.7655105032e-01   -1.8234242214e-09
-9.7557401075e-01   -1.7937670410e-09
-9.7459697118e-01   -1.9265163576e-09
-9.7361993161e-01   -1.8994384929e-09
-9.7264289204e-01   -1.7815124095e-09
-9.7166585247e-01   -1.8640704131e-09
-9.7068881290e-01   -1.9484793254e-09
-9.6971177333e-01   -1.8309659855e-09
-9.6873473376e-01   -1.8019857802e-09
-9.6775769419e-01   -1.9352607351e-09
-9.6678065462e-01   -1.9078156041e-09
-9.6580361505e-01   -1.7892102098e-09
-9.6482657548e-01   -1.8727048414e-09
-9.6384953591e-01   -1.9568819220e-09
-9.6287249634e-01   -1.8389286089e-09
-9.6189545677e-01   -1.8101786264e-09
-9.6091841720e-01   -1.9443792181e-09
-9.5994137763e-01   -1.9161771007e-09
-9.5896433806e-01   -1.7973875140e-09
-9.5798729849e-01   -1.8818666964e-09
-9.5701025892e-01   -1.9659280525e-09
-9.5603321935e-01   -1.8467356311e-09
-9.5505617978e-01   -1.8187830051e-09
-9.5407914021e-01   -1.9538313796e-09
-9.5310210064e-01   -1.9248885367e-09
-9.5212506106e-01   -1.8056016777e-09
-9.5114802149e-01   -1.8909628147e-09
-9.5017098192e-01   -1.9749267712e-09
-9.4919394235e-01   -1.8552372488e-09
-9.4821690278e-01   -1.8279469470e-09
-9.4723986321e-01   -1.9632621502e-09
-9.4626282364e-01   -1.9335432848e-09
-9.4528578407e-01   -1.8143114686e-09
-9.4430874450e-01   -1.9006651179e-09
-9.4333170493e-01   -1.9845819895e-09
-9.4235466536e-01   -1.8637611588e-09
-9.4137762579e-01   -1.8365658156e-09
-9.4040058622e-01   -1.9729958468e-09
-9.3942354665e-01   -1.9425053844e-09
-9.3844650708e-01   -1.8228645427e-09
-9.3746946751e-01   -1.9100614352e-09
-9.3649242794e-01   -1.9939220500e-09
-9.3551538837e-01   -1.8724644473e-09
-9.3453834880e-01   -1.8460263220e-09
-9.3356130923e-01   -1.9828266538e-09
-9.3258426966e-01   -1.9514129837e-09
-9.3160723009e-01   -1.8317692729e-09
-9.3063019052e-01   -1.9196691079e-09
-9.2965315095e-01   -2.0036150219e-09
-9.2867611138e-01   -1.8813623897e-09
-9.2769907181e-01   -1.8553662296e-09
-9.2672203224e-01   -1.9925855447e-09
-9.2574499267e-01   -1.9608894133e-09
-9.2476795310e-01   -1.8406251554e-09
-9.2379091353e-01   -1.9299509364e-09
-9.2281387396e-01   -2.0136472842e-09
-9.2183683439e-01   -1.8902399356e-09
-9.2085979482e-01   -1.8648671922e-09
-9.1988275525e-01   -2.0030616364e-09
-9.1890571568e-01   -1.9702673764e-09
-9.1792867611e-01   -1.8498739915e-09
-9.1695163654e-01   -1.9400659015e-09
-9.1597459697e-01   -2.0236397332e-09
-9.1499755740e-01   -1.8993841731e-09
-9.1402051783e-01   -1.8746279079e-09
-9.1304347826e-01   -2.0136120696e-09
-9.1206643869e-01   -1.9799811869e-09
-9.1108939912e-01   -1.8589174540e-09
-9.1011235955e-01   -1.9503792244e-09
-9.0913531998e-01   -2.0342662197e-09
-9.0815828041e-01   -1.9086670288e-09
-9.0718124084e-01   -1.8844187357e-09
-9.0620420127e-01   -2.0244555520e-09
-9.0522716170e-01   -1.9897510557e-09
-9.0425012213e-01   -1.8688931646e-09
-9.0327308256e-01   -1.9610561760e-09
-9.0229604299e-01   -2.0445352916e-09
-9.0131900342e-01   -1.9185267997e-09
-9.0034196385e-01   -1.8948335381e-09
-8.9936492428e-01   -2.0352115929e-09
-8.9838788471e-01   -2.0000377436e-09
-8.9741084514e-01   -1.8788413179e-09
-8.9643380557e-01   -1.9720365414e-09
-8.9545676600e-01   -2.0553594951e-09
-8.9447972643e-01   -1.9285401471e-09
-8.9350268686e-01   -1.9050095932e-09
-8.9252564729e-01   -2.0463681888e-09
-8.9154860772e-01   -2.0103892091e-09
-8.9057156815e-01   -1.8886128890e-09
-8.8959452858e-01   -1.9830004861e-09
-8.8861748901e-01   -2.0664495203e-09
-8.8764044944e-01   -1.9385440462e-09
-8.8666340987e-01   -1.9156791073e-09
-8.8568637030e-01   -2.0576727105e-09
-8.8470933073e-01   -2.0204279465e-09
-8.8373229116e-01   -1.8989792312e-09
-8.8275525159e-01   -1.9943721695e-09
-8.8177821202e-01   -2.0775566565e-09
-8.8080117245e-01   -1.9486496827e-09
-8.7982413288e-01   -1.9264875745e-09
-8.7884709331e-01   -2.0692630134e-09
-8.7787005374e-01   -2.0316620532e-09
-8.7689301417e-01   -1.9093242778e-09
-8.7591597460e-01   -2.0053957825e-09
-8.7493893503e-01   -2.0889744810e-09
-8.7396189546e-01   -1.9592975927e-09
-8.7298485589e-01   -1.9376495591e-09
-8.7200781632e-01   -2.0811743326e-09
-8.7103077675e-01   -2.0426837107e-09
-8.7005373718e-01   -1.9197675720e-09
-8.6907669761e-01   -2.0174451398e-09
-8.6809965804e-01   -2.1006850413e-09
-8.6712261847e-01   -1.9697915128e-09
-8.6614557890e-01   -1.9485653823e-09
-8.6516853933e-01   -2.0932483689e-09
-8.6419149976e-01   -2.0537529549e-09
-8.6321446019e-01   -1.9306909115e-09
-8.6223742062e-01   -2.0292790808e-09
-8.6126038105e-01   -2.1126448386e-09
-8.6028334148e-01   -1.9805624656e-09
-8.5930630191e-01   -1.9603739608e-09
-8.5832926234e-01   -2.1055492580e-09
-8.5735222277e-01   -2.0651529536e-09
-8.5637518319e-01   -1.9419096692e-09
-8.5539814362e-01   -2.0414831401e-09
-8.5442110405e-01   -2.1249716794e-09
-8.5344406448e-01   -1.9919084838e-09
-8.5246702491e-01   -1.9722152273e-09
-8.5148998534e-01   -2.1182425320e-09
-8.5051294577e-01   -2.0769210864e-09
-8.4953590620e-01   -1.9531846928e-09
-8.4855886663e-01   -2.0540767804e-09
-8.4758182706e-01   -2.1371656636e-09
-8.4660478749e-01   -2.0032185113e-09
-8.4562774792e-01   -1.9842886022e-09
-8.4465070835e-01   -2.1310901826e-09
-8.4367366878e-01   -2.0887862569e-09
-8.4269662921e-01   -1.9648121642e-09
-8.4171958964e-01   -2.0669245594e-09
-8.4074255007e-01   -2.1498009930e-09
-8.3976551050e-01   -2.0148713335e-09
-8.3878847093e-01   -1.9963059018e-09
-8.3781143136e-01   -2.1441839282e-09
-8.3683439179e-01   -2.1009953672e-09
-8.3585735222e-01   -1.9769491135e-09
-8.3488031265e-01   -2.0798760813e-09
-8.3390327308e-01   -2.1626407015e-09
-8.3292623351e-01   -2.0268196839e-09
-8.3194919394e-01   -2.0088805268e-09
-8.3097215437e-01   -2.1575519380e-09
-8.2999511480e-01   -2.1134642778e-09
-8.2901807523e-01   -1.9886101433e-09
-8.2804103566e-01   -2.0927594166e-09
-8.2706399609e-01   -2.1760408875e-09
-8.2608695652e-01   -2.0389171219e-09
-8.2510991695e-01   -2.0213141314e-09
-8.2413287738e-01   -2.1711590490e-09
-8.2315583781e-01   -2.1260956182e-09
-8.2217879824e-01   -2.0007341801e-09
-8.2120175867e-01   -2.1066309887e-09
-8.2022471910e-01   -2.1892068768e-09
-8.1924767953e-01   -2.0512300846e-09
-8.1827063996e-01   -2.0347389480e-09
-8.1729360039e-01   -2.1850378665e-09
-8.1631656082e-01   -2.1390921982e-09
-8.1533952125e-01   -2.0135938436e-09
-8.1436248168e-01   -2.1203165162e-09
-8.1338544211e-01   -2.2031853279e-09
-8.1240840254e-01   -2.0636970192e-09
-8.1143136297e-01   -2.0476339294e-09
-8.1045432340e-01   -2.1992970283e-09
-8.0947728383e-01   -2.1524849079e-09
-8.0850024426e-01   -2.0262485959e-09
-8.0752320469e-01   -2.1344978864e-09
-8.0654616512e-01   -2.2173864733e-09
-8.0556912555e-01   -2.0767154100e-09
-8.0459208598e-01   -2.0614455437e-09
-8.0361504641e-01   -2.2138562525e-09
-8.0263800684e-01   -2.1661527960e-09
-8.0166096727e-01   -2.0395733050e-09
-8.0068392770e-01   -2.1488320996e-09
-7.9970688813e-01   -2.2313973512e-09
-7.9872984856e-01   -2.0899228308e-09
-7.9775280899e-01   -2.0750216967e-09
-7.9677576942e-01   -2.2284468669e-09
-7.9579872985e-01   -2.1799195280e-09
-7.9482169028e-01   -2.0528804772e-09
-7.9384465071e-01   -2.1635697394e-09
-7.9286761114e-01   -2.2459494373e-09
-7.9189057157e-01   -2.1032937737e-09
-7.9091353200e-01   -2.0891978296e-09
-7.8993649243e-01   -2.2437273209e-09
-7.8895945286e-01   -2.1939454670e-09
-7.8798241329e-01   -2.0666361459e-09
-7.8700537372e-01   -2.1784840901e-09
-7.8602833415e-01   -2.2612508474e-09
-7.8505129458e-01   -2.1172147231e-09
-7.8407425501e-01   -2.1037251142e-09
-7.8309721544e-01   -2.2592730290e-09
-7.8212017587e-01   -2.2082624229e-09
-7.8114313630e-01   -2.0807041858e-09
-7.8016609673e-01   -2.1938726474e-09
-7.7918905716e-01   -2.2762356095e-09
-7.7821201759e-01   -2.1314061706e-09
-7.7723497802e-01   -2.1182670833e-09
-7.7625793845e-01   -2.2749873388e-09
-7.7528089888e-01   -2.2231974345e-09
-7.7430385931e-01   -2.0947915959e-09
-7.7332681974e-01   -2.2091981713e-09
-7.7234978017e-01   -2.2921129452e-09
-7.7137274060e-01   -2.1457592802e-09
-7.7039570103e-01   -2.1332765956e-09
-7.6941866146e-01   -2.2907428072e-09
-7.6844162189e-01   -2.2378175277e-09
-7.6746458232e-01   -2.1092932349e-09
-7.6648754275e-01   -2.2254601754e-09
-7.6551050318e-01   -2.3079629049e-09
-7.6453346361e-01   -2.1601581227e-09
-7.6355642404e-01   -2.1489885176e-09
-7.6257938447e-01   -2.3072589865e-09
-7.6160234489e-01   -2.2534688851e-09
-7.6062530532e-01   -2.1242729514e-09
-7.5964826575e-01   -2.2416579967e-09
-7.5867122618e-01   -2.3239983052e-09
-7.5769418661e-01   -2.1751720015e-09
-7.5671714704e-01   -2.1644787948e-09
-7.5574010747e-01   -2.3243137460e-09
-7.5476306790e-01   -2.2693685077e-09
-7.5378602833e-01   -2.1394683021e-09
-7.5280898876e-01   -2.2581257751e-09
-7.5183194919e-01   -2.3408334807e-09
-7.5085490962e-01   -2.1907235026e-09
-7.4987787005e-01   -2.1807117055e-09
-7.4890083048e-01   -2.3411355839e-09
-7.4792379091e-01   -2.2851647995e-09
-7.4694675134e-01   -2.1548298510e-09
-7.4596971177e-01   -2.2749488129e-09
-7.4499267220e-01   -2.3575163941e-09
-7.4401563263e-01   -2.2059990093e-09
-7.4303859306e-01   -2.1969568122e-09
-7.4206155349e-01   -2.3588246902e-09
-7.4108451392e-01   -2.3021407386e-09
-7.4010747435e-01   -2.1710585621e-09
-7.3913043478e-01   -2.2924375758e-09
-7.3815339521e-01   -2.3751673064e-09
-7.3717635564e-01   -2.2222996191e-09
-7.3619931607e-01   -2.2138911924e-09
-7.3522227650e-01   -2.3764970198e-09
-7.3424523693e-01   -2.3180875181e-09
-7.3326819736e-01   -2.1873704229e-09
-7.3229115779e-01   -2.3101759006e-09
-7.3131411822e-01   -2.3925928754e-09
-7.3033707865e-01   -2.2386850586e-09
-7.2936003908e-01   -2.2307645295e-09
-7.2838299951e-01   -2.3946575554e-09
-7.2740595994e-01   -2.3354301704e-09
-7.2642892037e-01   -2.2037716917e-09
-7.2545188080e-01   -2.3282380560e-09
-7.2447484123e-01   -2.4107081926e-09
-7.2349780166e-01   -2.2551774741e-09
-7.2252076209e-01   -2.2480835768e-09
-7.2154372252e-01   -2.4134058481e-09
-7.2056668295e-01   -2.3531162376e-09
-7.1958964338e-01   -2.2205486581e-09
-7.1861260381e-01   -2.3465692099e-09
-7.1763556424e-01   -2.4292216519e-09
-7.1665852467e-01   -2.2723071631e-09
-7.1568148510e-01   -2.2661207839e-09
-7.1470444553e-01   -2.4325952292e-09
-7.1372740596e-01   -2.3708296755e-09
-7.1275036639e-01   -2.2378795835e-09
-7.1177332682e-01   -2.3654947210e-09
-7.1079628725e-01   -2.4483302982e-09
-7.0981924768e-01   -2.2900362922e-09
-7.0884220811e-01   -2.2841147287e-09
-7.0786516854e-01   -2.4520978831e-09
-7.0688812897e-01   -2.3886745474e-09
-7.0591108940e-01   -2.2555679454e-09
-7.0493404983e-01   -2.3849411858e-09
-7.0395701026e-01   -2.4674262798e-09
-7.0297997069e-01   -2.3076485574e-09
-7.0200293112e-01   -2.3030935131e-09
-7.0102589155e-01   -2.4718754944e-09
-7.0004885198e-01   -2.4075007848e-09
-6.9907181241e-01   -2.2738023751e-09
-6.9809477284e-01   -2.4046301722e-09
-6.9711773327e-01   -2.4872964409e-09
-6.9614069370e-01   -2.3261242533e-09
-6.9516365413e-01   -2.3219142273e-09
-6.9418661456e-01   -2.4922288730e-09
-6.9320957499e-01   -2.4267468827e-09
-6.9223253542e-01   -2.2923357610e-09
-6.9125549585e-01   -2.4251529575e-09
-6.9027845628e-01   -2.5073496897e-09
-6.8930141671e-01   -2.3448006881e-09
-6.8832437714e-01   -2.3416772083e-09
-6.8734733757e-01   -2.5131657014e-09
-6.8637029800e-01   -2.4464435421e-09
-6.8539325843e-01   -2.3116062097e-09
-6.8441621886e-01   -2.4456740084e-09
-6.8343917929e-01   -2.5279434834e-09
-6.8246213972e-01   -2.3637495676e-09
-6.8148510015e-01   -2.3614744114e-09
-6.8050806058e-01   -2.5344693748e-09
-6.7953102101e-01   -2.4663376298e-09
-6.7855398144e-01   -2.3304833789e-09
-6.7757694187e-01   -2.4665268790e-09
-6.7659990230e-01   -2.5494464742e-09
-6.7562286273e-01   -2.3831551397e-09
-6.7464582316e-01   -2.3818363586e-09
-6.7366878359e-01   -2.5560920184e-09
-6.7269174402e-01   -2.4867661509e-09
-6.7171470445e-01   -2.3504345681e-09
-6.7073766488e-01   -2.4882419268e-09
-6.6976062531e-01   -2.5709159582e-09
-6.6878358574e-01   -2.4032230434e-09
-6.6780654617e-01   -2.4025904264e-09
-6.6682950660e-01   -2.5784079797e-09
-6.6585246702e-01   -2.5078650722e-09
-6.6487542745e-01   -2.3710045764e-09
-6.6389838788e-01   -2.5103110036e-09
-6.6292134831e-01   -2.5928352733e-09
-6.6194430874e-01   -2.4237069744e-09
-6.6096726917e-01   -2.4241099661e-09
-6.5999022960e-01   -2.6012822905e-09
-6.5901319003e-01   -2.5293288422e-09
-6.5803615046e-01   -2.3914751325e-09
-6.5705911089e-01   -2.5329140717e-09
-6.5608207132e-01   -2.6154149555e-09
-6.5510503175e-01   -2.4446427389e-09
-6.5412799218e-01   -2.4463635978e-09
-6.5315095261e-01   -2.6243392159e-09
-6.5217391304e-01   -2.5512724958e-09
-6.5119687347e-01   -2.4131416663e-09
-6.5021983390e-01   -2.5562542633e-09
-6.4924279433e-01   -2.6384385543e-09
-6.4826575476e-01   -2.4661242161e-09
-6.4728871519e-01   -2.4686082956e-09
-6.4631167562e-01   -2.6482069363e-09
-6.4533463605e-01   -2.5736875887e-09
-6.4435759648e-01   -2.4347360552e-09
-6.4338055691e-01   -2.5798064317e-09
-6.4240351734e-01   -2.6620811087e-09
-6.4142647777e-01   -2.4882249629e-09
-6.4044943820e-01   -2.4914267731e-09
-6.3947239863e-01   -2.6729647885e-09
-6.3849535906e-01   -2.5964358857e-09
-6.3751831949e-01   -2.4570165763e-09
-6.3654127992e-01   -2.6038824824e-09
-6.3556424035e-01   -2.6861162542e-09
-6.3458720078e-01   -2.5103905892e-09
-6.3361016121e-01   -2.5147027272e-09
-6.3263312164e-01   -2.6976758504e-09
-6.3165608207e-01   -2.6200282276e-09
-6.3067904250e-01   -2.4798626890e-09
-6.2970200293e-01   -2.6288206999e-09
-6.2872496336e-01   -2.7112168042e-09
-6.2774792379e-01   -2.5337260195e-09
-6.2677088422e-01   -2.5391804470e-09
-6.2579384465e-01   -2.7231457726e-09
-6.2481680508e-01   -2.6441566891e-09
-6.2383976551e-01   -2.5033032636e-09
-6.2286272594e-01   -2.6542302236e-09
-6.2188568637e-01   -2.7368756863e-09
-6.2090864680e-01   -2.5572392222e-09
-6.1993160723e-01   -2.5633859852e-09
-6.1895456766e-01   -2.7494476659e-09
-6.1797752809e-01   -2.6688275626e-09
-6.1700048852e-01   -2.5271996014e-09
-6.1602344895e-01   -2.6802405740e-09
-6.1504640938e-01   -2.7627782930e-09
-6.1406936981e-01   -2.5815517441e-09
-6.1309233024e-01   -2.5886346144e-09
-6.1211529067e-01   -2.7761952914e-09
-6.1113825110e-01   -2.6941354805e-09
-6.1016121153e-01   -2.5516548660e-09
-6.0918417196e-01   -2.7066987129e-09
-6.0820713239e-01   -2.7896175909e-09
-6.0723009282e-01   -2.6062318677e-09
-6.0625305325e-01   -2.6145762986e-09
-6.0527601368e-01   -2.8037905281e-09
-6.0429897411e-01   -2.7203298126e-09
-6.0332193454e-01   -2.5769057386e-09
-6.0234489497e-01   -2.7342752586e-09
-6.0136785540e-01   -2.8165867245e-09
-6.0039081583e-01   -2.6314676226e-09
-5.9941377626e-01   -2.6409211926e-09
-5.9843673669e-01   -2.8318285026e-09
-5.9745969712e-01   -2.7468717527e-09
-5.9648265755e-01   -2.6030071926e-09
-5.9550561798e-01   -2.7621473933e-09
-5.9452857841e-01   -2.8450407955e-09
-5.9355153884e-01   -2.6575873228e-09
-5.9257449927e-01   -2.6679303596e-09
-5.9159745970e-01   -2.8609235253e-09
-5.9062042013e-01   -2.7741829182e-09
-5.8964338056e-01   -2.6291512483e-09
-5.8866634099e-01   -2.7909683329e-09
-5.8768930142e-01   -2.8735600658e-09
-5.8671226185e-01   -2.6842991996e-09
-5.8573522228e-01   -2.6957534001e-09
-5.8475818271e-01   -2.8902647084e-09
-5.8378114314e-01   -2.8018735734e-09
-5.8280410357e-01   -2.6562880108e-09
-5.8182706400e-01   -2.8202827277e-09
-5.8085002443e-01   -2.9029800693e-09
-5.7987298486e-01   -2.7118037132e-09
-5.7889594529e-01   -2.7243797581e-09
-5.7791890572e-01   -2.9209222039e-09
-5.7694186615e-01   -2.8306280204e-09
-5.7596482658e-01   -2.6840580336e-09
-5.7498778701e-01   -2.8502860559e-09
-5.7401074744e-01   -2.9335849783e-09
-5.7303370787e-01   -2.7399552942e-09
-5.7205666830e-01   -2.7538961624e-09
-5.7107962872e-01   -2.9518434203e-09
-5.7010258915e-01   -2.8598267791e-09
-5.6912554958e-01   -2.7126481492e-09
-5.6814851001e-01   -2.8813427627e-09
-5.6717147044e-01   -2.9641347408e-09
-5.6619443087e-01   -2.7686869265e-09
-5.6521739130e-01   -2.7831724357e-09
-5.6424035173e-01   -2.9841711376e-09
-5.6326331216e-01   -2.8902391388e-09
-5.6228627259e-01   -2.7420939611e-09
-5.6130923302e-01   -2.9130722564e-09
-5.6033219345e-01   -2.9960357436e-09
-5.5935515388e-01   -2.7980899022e-09
-5.5837811431e-01   -2.8141543963e-09
-5.5740107474e-01   -3.0166033080e-09
-5.5642403517e-01   -2.9210580260e-09
-5.5544699560e-01   -2.7721492231e-09
-5.5446995603e-01   -2.9456555045e-09
-5.5349291646e-01   -3.0289502508e-09
-5.5251587689e-01   -2.8284773143e-09
-5.5153883732e-01   -2.8463282000e-09
-5.5056179775e-01   -3.0504445027e-09
-5.4958475818e-01   -2.9529107742e-09
-5.4860771861e-01   -2.8027392789e-09
-5.4763067904e-01   -2.9791631109e-09
-5.4665363947e-01   -3.0624637981e-09
-5.4567659990e-01   -2.8601254340e-09
-5.4469956033e-01   -2.8786780891e-09
-5.4372252076e-01   -3.0848044882e-09
-5.4274548119e-01   -2.9853620551e-09
-5.4176844162e-01   -2.8344783421e-09
-5.4079140205e-01   -3.0136607291e-09
-5.3981436248e-01   -3.0967713331e-09
-5.3883732291e-01   -2.8919359499e-09
-5.3786028334e-01   -2.9120437443e-09
-5.3688324377e-01   -3.1204204003e-09
-5.3590620420e-01   -3.0189357548e-09
-5.3492916463e-01   -2.8670307545e-09
-5.3395212506e-01   -3.0489916072e-09
-5.3297508549e-01   -3.1322455255e-09
-5.3199804592e-01   -2.9247173698e-09
-5.3102100635e-01   -2.9459880233e-09
-5.3004396678e-01   -3.1569537304e-09
-5.2906692721e-01   -3.0535718781e-09
-5.2808988764e-01   -2.9004825596e-09
-5.2711284807e-01   -3.0852138289e-09
-5.2613580850e-01   -3.1683377354e-09
-5.2515876893e-01   -2.9586419803e-09
-5.2418172936e-01   -2.9813759690e-09
-5.2320468979e-01   -3.1945858634e-09
-5.2222765022e-01   -3.0890233461e-09
-5.2125061065e-01   -2.9350700620e-09
-5.2027357108e-01   -3.1225088825e-09
-5.1929653151e-01   -3.2057874250e-09
-5.1831949194e-01   -2.9936185445e-09
-5.1734245237e-01   -3.0176285609e-09
-5.1636541280e-01   -3.2330861746e-09
-5.1538837323e-01   -3.1254955696e-09
-5.1441133366e-01   -2.9707497853e-09
-5.1343429409e-01   -3.1608003927e-09
-5.1245725452e-01   -3.2440979998e-09
-5.1148021495e-01   -3.0293328167e-09
-5.1050317538e-01   -3.0548174565e-09
-5.0952613581e-01   -3.2726857363e-09
-5.0854909624e-01   -3.1629629959e-09
-5.0757205667e-01   -3.0069911782e-09
-5.0659501710e-01   -3.2001148177e-09
-5.0561797753e-01   -3.2842760070e-09
-5.0464093796e-01   -3.0662098928e-09
-5.0366389839e-01   -3.0929589927e-09
-5.0268685882e-01   -3.3132062729e-09
-5.0170981925e-01   -3.2018610721e-09
-5.0073277968e-01   -3.0445135928e-09
-4.9975574011e-01   -3.2407384671e-09
-4.9877870054e-01   -3.3246256935e-09
-4.9780166097e-01   -3.1039617116e-09
-4.9682462140e-01   -3.1327439967e-09
-4.9584758183e-01   -3.3555313701e-09
-4.9487054226e-01   -3.2413190203e-09
-4.9389350269e-01   -3.0826252278e-09
-4.9291646312e-01   -3.2826990308e-09
-4.9193942355e-01   -3.3664961164e-09
-4.9096238398e-01   -3.1429819632e-09
-4.8998534441e-01   -3.1732157041e-09
-4.8900830484e-01   -3.3985549795e-09
-4.8803126527e-01   -3.2823083940e-09
-4.8705422570e-01   -3.1226793568e-09
-4.8607718613e-01   -3.3255145762e-09
-4.8510014656e-01   -3.4095845333e-09
-4.8412310699e-01   -3.1831460694e-09
-4.8314606742e-01   -3.2149525787e-09
-4.8216902785e-01   -3.4430658082e-09
-4.8119198828e-01   -3.3243328834e-09
-4.8021494871e-01   -3.1638100458e-09
-4.7923790914e-01   -3.3698466042e-09
-4.7826086957e-01   -3.4540594473e-09
-4.7728383000e-01   -3.2245787585e-09
-4.7630679043e-01   -3.2582205731e-09
-4.7532975085e-01   -3.4888599754e-09
-4.7435271128e-01   -3.3677067753e-09
-4.7337567171e-01   -3.2059314745e-09
-4.7239863214e-01   -3.4154428749e-09
-4.7142159257e-01   -3.4997352039e-09
-4.7044455300e-01   -3.2674149510e-09
-4.6946751343e-01   -3.3024161238e-09
-4.6849047386e-01   -3.5361413665e-09
-4.6751343429e-01   -3.4122651846e-09
-4.6653639472e-01   -3.2491427790e-09
-4.6555935515e-01   -3.4624931034e-09
-4.6458231558e-01   -3.5471940652e-09
-4.6360527601e-01   -3.3110450928e-09
-4.6262823644e-01   -3.3480148393e-09
-4.6165119687e-01   -3.5845534332e-09
-4.6067415730e-01   -3.4585645784e-09
-4.5969711773e-01   -3.2940370492e-09
-4.5872007816e-01   -3.5110050687e-09
-4.5774303859e-01   -3.5957460763e-09
-4.5676599902e-01   -3.3567779749e-09
-4.5578895945e-01   -3.3954561459e-09
-4.5481191988e-01   -3.6348274779e-09
-4.5383488031e-01   -3.5061542036e-09
-4.5285784074e-01   -3.3403615611e-09
-4.5188080117e-01   -3.5608952000e-09
-4.5090376160e-01   -3.6457639980e-09
-4.4992672203e-01   -3.4035649288e-09
-4.4894968246e-01   -3.4439665638e-09
-4.4797264289e-01   -3.6864712090e-09
-4.4699560332e-01   -3.5551289098e-09
-4.4601856375e-01   -3.3881587030e-09
-4.4504152418e-01   -3.6126116720e-09
-4.4406448461e-01   -3.6979773397e-09
-4.4308744504e-01   -3.4522003398e-09
-4.4211040547e-01   -3.4942262204e-09
-4.4113336590e-01   -3.7401108363e-09
-4.4015632633e-01   -3.6057242905e-09
-4.3917928676e-01   -3.4370166463e-09
-4.3820224719e-01   -3.6657140197e-09
-4.3722520762e-01   -3.7511901161e-09
-4.3624816805e-01   -3.5020974649e-09
-4.3527112848e-01   -3.5463644248e-09
-4.3429408891e-01   -3.7952498134e-09
-4.3331704934e-01   -3.6579730742e-09
-4.3234000977e-01   -3.4884766408e-09
-4.3136297020e-01   -3.7208543044e-09
-4.3038593063e-01   -3.8063198004e-09
-4.2940889106e-01   -3.5536479488e-09
-4.2843185149e-01   -3.5999012907e-09
-4.2745481192e-01   -3.8527432483e-09
-4.2647777235e-01   -3.7123784112e-09
-4.2550073278e-01   -3.5406286967e-09
-4.2452369321e-01   -3.7777339169e-09
-4.2354665364e-01   -3.8636127353e-09
-4.2256961407e-01   -3.6069248484e-09
-4.2159257450e-01   -3.6551754061e-09
-4.2061553493e-01   -3.9112425228e-09
-4.1963849536e-01   -3.7680816820e-09
-4.1866145579e-01   -3.5951868487e-09
-4.1768441622e-01   -3.8365505347e-09
-4.1670737665e-01   -3.9226484506e-09
-4.1573033708e-01   -3.6622318854e-09
-4.1475329751e-01   -3.7126205059e-09
-4.1377625794e-01   -3.9724480042e-09
-4.1279921837e-01   -3.8261817673e-09
-4.1182217880e-01   -3.6513388283e-09
-4.1084513923e-01   -3.8974693531e-09
-4.0986809966e-01   -3.9835310560e-09
-4.0889106009e-01   -3.7190904278e-09
-4.0791402052e-01   -3.7721451895e-09
-4.0693698095e-01   -4.0354625093e-09
-4.0595994138e-01   -3.8858627180e-09
-4.0498290181e-01   -3.7093752991e-09
-4.0400586224e-01   -3.9603239627e-09
-4.0302882267e-01   -4.0472280497e-09
-4.0205178310e-01   -3.7778723413e-09
-4.0107474353e-01   -3.8334718566e-09
-4.0009770396e-01   -4.1009436563e-09
-3.9912066439e-01   -3.9477273631e-09
-3.9814362482e-01   -3.7699031711e-09
-3.9716658525e-01   -4.0256160410e-09
-3.9618954568e-01   -4.1123513067e-09
-3.9521250611e-01   -3.8392089256e-09
-3.9423546654e-01   -3.8967714318e-09
-3.9325842697e-01   -4.1685213066e-09
-3.9228138740e-01   -4.0119204742e-09
-3.9130434783e-01   -3.8324851038e-09
-3.9032730826e-01   -4.0931304630e-09
-3.8935026869e-01   -4.1801964641e-09
-3.8837322912e-01   -3.9027251285e-09
-3.8739618955e-01   -3.9629660404e-09
-3.8641914998e-01   -4.2385604499e-09
-3.8544211041e-01   -4.0785456351e-09
-3.8446507084e-01   -3.8969860134e-09
-3.8348803127e-01   -4.1631063523e-09
-3.8251099170e-01   -4.2505864340e-09
-3.8153395213e-01   -3.9684054064e-09
-3.8055691255e-01   -4.0312475016e-09
-3.7957987298e-01   -4.3114690392e-09
-3.7860283341e-01   -4.1476588006e-09
-3.7762579384e-01   -3.9643059894e-09
-3.7664875427e-01   -4.2356377028e-09
-3.7567171470e-01   -4.3237780608e-09
-3.7469467513e-01   -4.0367955632e-09
-3.7371763556e-01   -4.1020531685e-09
-3.7274059599e-01   -4.3869552377e-09
-3.7176355642e-01   -4.2192255874e-09
-3.7078651685e-01   -4.0340559591e-09
-3.6980947728e-01   -4.3113645909e-09
-3.6883243771e-01   -4.3998007126e-09
-3.6785539814e-01   -4.1076384423e-09
-3.6687835857e-01   -4.1759177112e-09
-3.6590131900e-01   -4.4649169819e-09
-3.6492427943e-01   -4.2935042210e-09
-3.6394723986e-01   -4.1064921056e-09
-3.6297020029e-01   -4.3894407794e-09
-3.6199316072e-01   -4.4780215109e-09
-3.6101612115e-01   -4.1810836798e-09
-3.6003908158e-01   -4.2524341635e-09
-3.5906204201e-01   -4.5466023047e-09
-3.5808500244e-01   -4.3710730014e-09
-3.5710796287e-01   -4.1816670372e-09
-3.5613092330e-01   -4.4709989107e-09
-3.5515388373e-01   -4.5600717583e-09
-3.5417684416e-01   -4.2577772553e-09
-3.5319980459e-01   -4.3319684521e-09
-3.5222276502e-01   -4.6311309948e-09
-3.5124572545e-01   -4.4513819742e-09
-3.5026868588e-01   -4.2601411827e-09
-3.4929164631e-01   -4.5556817652e-09
-3.4831460674e-01   -4.6447393551e-09
-3.4733756717e-01   -4.3372620712e-09
-3.4636052760e-01   -4.4146334119e-09
-3.4538348803e-01   -4.7193053642e-09
-3.4440644846e-01   -4.5352145613e-09
-3.4342940889e-01   -4.3414745425e-09
-3.4245236932e-01   -4.6436884329e-09
-3.4147532975e-01   -4.7335435027e-09
-3.4049829018e-01   -4.4204053740e-09
-3.3952125061e-01   -4.5009471137e-09
-3.3854421104e-01   -4.8109712377e-09
-3.3756717147e-01   -4.6222112620e-09
-3.3659013190e-01   -4.4263807964e-09
-3.3561309233e-01   -4.7355283755e-09
-3.3463605276e-01   -4.8258612640e-09
-3.3365901319e-01   -4.5068106855e-09
-3.3268197362e-01   -4.5908558777e-09
-3.3170493405e-01   -4.9065381311e-09
-3.3072789448e-01   -4.7128200565e-09
-3.2975085491e-01   -4.5149907398e-09
-3.2877381534e-01   -4.8310449913e-09
-3.2779677577e-01   -4.9221075596e-09
-3.2681973620e-01   -4.5966282441e-09
-3.2584269663e-01   -4.6843284301e-09
-3.2486565706e-01   -5.0061893693e-09
-3.2388861749e-01   -4.8079826140e-09
-3.2291157792e-01   -4.6074851887e-09
-3.2193453835e-01   -4.9308753842e-09
-3.2095749878e-01   -5.0226217686e-09
-3.1998045921e-01   -4.6906488032e-09
-3.1900341964e-01   -4.7822101355e-09
-3.1802638007e-01   -5.1103436658e-09
-3.1704934050e-01   -4.9068858271e-09
-3.1607230093e-01   -4.7035991334e-09
-3.1509526136e-01   -5.0354478506e-09
-3.1411822179e-01   -5.1275341451e-09
-3.1314118222e-01   -4.7888923491e-09
-3.1216414265e-01   -4.8844654807e-09
-3.1118710308e-01   -5.2190946452e-09
-3.1021006351e-01   -5.0103583903e-09
-3.0923302394e-01   -4.8044478422e-09
-3.0825598437e-01   -5.1439784333e-09
-3.0727894480e-01   -5.2369697899e-09
-3.0630190523e-01   -4.8915607112e-09
-3.0532486566e-01   -4.9911084558e-09
-3.0434782609e-01   -5.3326180832e-09
-3.0337078652e-01   -5.1184791670e-09
-3.0239374695e-01   -4.9097822260e-09
-3.0141670738e-01   -5.2579929523e-09
-3.0043966781e-01   -5.3515527467e-09
-2.9946262824e-01   -4.9990647442e-09
-2.9848558867e-01   -5.1030814871e-09
-2.9750854910e-01   -5.4516923411e-09
-2.9653150953e-01   -5.2317429841e-09
-2.9555446996e-01   -5.0200049510e-09
-2.9457743039e-01   -5.3773829148e-09
-2.9360039082e-01   -5.4718395683e-09
-2.9262335125e-01   -5.1117125105e-09
-2.9164631168e-01   -5.2201390628e-09
-2.9066927211e-01   -5.5764486266e-09
-2.8969223254e-01   -5.3506149715e-09
-2.8871519297e-01   -5.1360130962e-09
-2.8773815340e-01   -5.5027966391e-09
-2.8676111383e-01   -5.5977678441e-09
-2.8578407426e-01   -5.2299820102e-09
-2.8480703468e-01   -5.3426666034e-09
-2.8382999511e-01   -5.7070588038e-09
-2.8285295554e-01   -5.4748843081e-09
-2.8187591597e-01   -5.2572004217e-09
-2.8089887640e-01   -5.6338555550e-09
-2.7992183683e-01   -5.7300574563e-09
-2.7894479726e-01   -5.3538852414e-09
-2.7796775769e-01   -5.4718436024e-09
-2.7699071812e-01   -5.8446438722e-09
-2.7601367855e-01   -5.6056498935e-09
-2.7503663898e-01   -5.3848238076e-09
-2.7405959941e-01   -5.7717866001e-09
-2.7308255984e-01   -5.8687818420e-09
-2.7210552027e-01   -5.4840058590e-09
-2.7112848070e-01   -5.6071501530e-09
-2.7015144113e-01   -5.9888334851e-09
-2.6917440156e-01   -5.7429562004e-09
-2.6819736199e-01   -5.5188588133e-09
-2.6722032242e-01   -5.9171114278e-09
-2.6624328285e-01   -6.0151036430e-09
-2.6526624328e-01   -5.6211634659e-09
-2.6428920371e-01   -5.7503068685e-09
-2.6331216414e-01   -6.1406377730e-09
-2.6233512457e-01   -5.8879250548e-09
-2.6135808500e-01   -5.6604788311e-09
-2.6038104543e-01   -6.0695278159e-09
-2.5940400586e-01   -6.1690694209e-09
-2.5842696629e-01   -5.7655548584e-09
-2.5744992672e-01   -5.9004132758e-09
-2.5647288715e-01   -6.3009494937e-09
-2.5549584758e-01   -6.0405990242e-09
-2.5451880801e-01   -5.8093372831e-09
-2.5354176844e-01   -6.2311947245e-09
-2.5256472887e-01   -6.3316059206e-09
-2.5158768930e-01   -5.9183152021e-09
-2.5061064973e-01   -6.0589917133e-09
-2.4963361016e-01   -6.4700879797e-09
-2.4865657059e-01   -6.2018309529e-09
-2.4767953102e-01   -5.9667510334e-09
-2.4670249145e-01   -6.4009836854e-09
-2.4572545188e-01   -6.5027839303e-09
-2.4474841231e-01   -6.0789842921e-09
-2.4377137274e-01   -6.2267882239e-09
-2.4279433317e-01   -6.6486008040e-09
-2.4181729360e-01   -6.3722109824e-09
-2.4084025403e-01   -6.1325479313e-09
-2.3986321446e-01   -6.5811347843e-09
-2.3888617489e-01   -6.6843633844e-09
-2.3790913532e-01   -6.2495100622e-09
-2.3693209575e-01   -6.4042227146e-09
-2.3595505618e-01   -6.8378792073e-09
-2.3497801661e-01   -6.5526524415e-09
-2.3400097704e-01   -6.3086150080e-09
-2.3302393747e-01   -6.7720536999e-09
-2.3204689790e-01   -6.8768458853e-09
-2.3106985833e-01   -6.4301153057e-09
-2.3009281876e-01   -6.5923585683e-09
-2.2911577919e-01   -7.0384002823e-09
-2.2813873962e-01   -6.7436304999e-09
-2.2716170005e-01   -6.4957259389e-09
-2.2618466048e-01   -6.9743150183e-09
-2.2520762091e-01   -7.0807834401e-09
-2.2423058134e-01   -6.6216120070e-09
-2.2325354177e-01   -6.7920913620e-09
-2.2227650220e-01   -7.2513874618e-09
-2.2129946263e-01   -6.9470925909e-09
-2.2032242306e-01   -6.6943604614e-09
-2.1934538349e-01   -7.1895887980e-09
-2.1836834392e-01   -7.2975848823e-09
-2.1739130435e-01   -6.8258373224e-09
-2.1641426478e-01   -7.0044511289e-09
-2.1543722521e-01   -7.4781583625e-09
-2.1446018564e-01   -7.1635248566e-09
-2.1348314607e-01   -6.9058586597e-09
-2.1250610650e-01   -7.4178832599e-09
-2.1152906693e-01   -7.5287869068e-09
-2.1055202736e-01   -7.0432886155e-09
-2.0957498779e-01   -7.2310362815e-09
-2.0859794822e-01   -7.7194903794e-09
-2.0762090865e-01   -7.3942047502e-09
-2.0664386908e-01   -7.1314191505e-09
-2.0566682951e-01   -7.6622619586e-09
-2.0468978994e-01   -7.7755683147e-09
-2.0371275037e-01   -7.2750017842e-09
-2.0273571080e-01   -7.4729251814e-09
-2.0175867123e-01   -7.9775744123e-09
-2.0078163166e-01   -7.6407942226e-09
-1.9980459209e-01   -7.3721722724e-09
-1.9882755252e-01   -7.9241600239e-09
-1.9785051295e-01   -8.0392325240e-09
-1.9687347338e-01   -7.5233941399e-09
-1.9589643381e-01   -7.7318036366e-09
-1.9491939424e-01   -8.2541073108e-09
-1.9394235467e-01   -7.9046179060e-09
-1.9296531510e-01   -7.6306419109e-09
-1.9198827553e-01   -8.2039429343e-09
-1.9101123596e-01   -8.3219739125e-09
-1.9003419638e-01   -7.7895380367e-09
-1.8905715681e-01   -8.0097707655e-09
-1.8808011724e-01   -8.5506865681e-09
-1.8710307767e-01   -8.1882691400e-09
-1.8612603810e-01   -7.9084309362e-09
-1.8514899853e-01   -8.5048158611e-09
-1.8417195896e-01   -8.6263482854e-09
-1.8319491939e-01   -8.0761387617e-09
-1.8221787982e-01   -8.3086084015e-09
-1.8124084025e-01   -8.8698147286e-09
-1.8026380068e-01   -8.4935861764e-09
-1.7928676111e-01   -8.2072279788e-09
-1.7830972154e-01   -8.8290247760e-09
-1.7733268197e-01   -8.9538542574e-09
-1.7635564240e-01   -8.3848228304e-09
-1.7537860283e-01   -8.6309122297e-09
-1.7440156326e-01   -9.2139284956e-09
-1.7342452369e-01   -8.8228994293e-09
-1.7244748412e-01   -8.5297589005e-09
-1.7147044455e-01   -9.1791396671e-09
-1.7049340498e-01   -9.3079161627e-09
-1.6951636541e-01   -8.7184984453e-09
-1.6853932584e-01   -8.9797009767e-09
-1.6756228627e-01   -9.5866444440e-09
-1.6658524670e-01   -9.1798270938e-09
-1.6560820713e-01   -8.8791321895e-09
-1.6463116756e-01   -9.5583553733e-09
-1.6365412799e-01   -9.6916433507e-09
-1.6267708842e-01   -9.0805469606e-09
-1.6170004885e-01   -9.3577355738e-09
-1.6072300928e-01   -9.9908539549e-09
-1.5974596971e-01   -9.5667114881e-09
-1.5876893014e-01   -9.2587726852e-09
-1.5779189057e-01   -9.9707912556e-09
-1.5681485100e-01   -1.0109080294e-08
-1.5583781143e-01   -9.4741412458e-09
-1.5486077186e-01   -9.7692694160e-09
-1.5388373229e-01   -1.0431330691e-08
-1.5290669272e-01   -9.9890611256e-09
-1.5192965315e-01   -9.6730207984e-09
-1.5095261358e-01   -1.0420831562e-08
-1.4997557401e-01   -1.0564766597e-08
-1.4899853444e-01   -9.9045294731e-09
-1.4802149487e-01   -1.0219013908e-08
-1.4704445530e-01   -1.0913096069e-08
-1.4606741573e-01   -1.0450927189e-08
-1.4509037616e-01   -1.0126111170e-08
-1.4411333659e-01   -1.0913376670e-08
-1.4313629702e-01   -1.1064410166e-08
-1.4215925745e-01   -1.0376528224e-08
-1.4118221788e-01   -1.0713218070e-08
-1.4020517831e-01   -1.1441557383e-08
-1.3922813874e-01   -1.0958164282e-08
-1.3825109917e-01   -1.0624313419e-08
-1.3727405960e-01   -1.1455778309e-08
-1.3629702003e-01   -1.1613825869e-08
-1.3531998046e-01   -1.0895988559e-08
-1.3434294089e-01   -1.1257389220e-08
-1.3336590132e-01   -1.2025220698e-08
-1.3238886175e-01   -1.1518267765e-08
-1.3141182218e-01   -1.1174696301e-08
-1.3043478261e-01   -1.2054750523e-08
-1.2945774304e-01   -1.2221849385e-08
-1.2848070347e-01   -1.1471296199e-08
-1.2750366390e-01   -1.1859948869e-08
-1.2652662433e-01   -1.2671594492e-08
-1.2554958476e-01   -1.2139650047e-08
-1.2457254519e-01   -1.1785983100e-08
-1.2359550562e-01   -1.2720482026e-08
-1.2261846605e-01   -1.2897833751e-08
-1.2164142648e-01   -1.2111150010e-08
-1.2066438691e-01   -1.2531345174e-08
-1.1968734734e-01   -1.3392082281e-08
-1.1871030777e-01   -1.2832549012e-08
-1.1773326820e-01   -1.2468367751e-08
-1.1675622863e-01   -1.3464290173e-08
-1.1577918906e-01   -1.3654011643e-08
-1.1480214949e-01   -1.2828069286e-08
-1.1382510992e-01   -1.3283448138e-08
-1.1284807035e-01   -1.4200556759e-08
-1.1187103078e-01   -1.3610707307e-08
-1.1089399121e-01   -1.3234728381e-08
-1.0991695164e-01   -1.4300961796e-08
-1.0893991207e-01   -1.4505550349e-08
-1.0796287250e-01   -1.3635424320e-08
-1.0698583293e-01   -1.4132272749e-08
-1.0600879336e-01   -1.5113133569e-08
-1.0503175379e-01   -1.4490425158e-08
-1.0405471422e-01   -1.4102684623e-08
-1.0307767465e-01   -1.5248912576e-08
-1.0210063508e-01   -1.5470824853e-08
-1.0112359551e-01   -1.4552477762e-08
-1.0014655594e-01   -1.5097235977e-08
-9.9169516365e-02   -1.6151602142e-08
-9.8192476795e-02   -1.5492397310e-08
-9.7215437225e-02   -1.5092665251e-08
-9.6238397655e-02   -1.6331640159e-08
-9.5261358085e-02   -1.6575337515e-08
-9.4284318515e-02   -1.5603387348e-08
-9.3307278945e-02   -1.6203669112e-08
-9.2330239375e-02   -1.7345061731e-08
-9.1353199805e-02   -1.6645611767e-08
-9.0376160234e-02   -1.6232889476e-08
-8.9399120664e-02   -1.7580742258e-08
-8.8422081094e-02   -1.7850930842e-08
-8.7445041524e-02   -1.6818499186e-08
-8.6468001954e-02   -1.7485824185e-08
-8.5490962384e-02   -1.8729303675e-08
-8.4513922814e-02   -1.7985080895e-08
-8.3536883244e-02   -1.7560154325e-08
-8.2559843674e-02   -1.9036844751e-08
-8.1582804104e-02   -1.9341072879e-08
-8.0605764533e-02   -1.8240357646e-08
-7.9628724963e-02   -1.8988458144e-08
-7.8651685393e-02   -2.0354600217e-08
-7.7674645823e-02   -1.9561111443e-08
-7.6697606253e-02   -1.9124571564e-08
-7.5720566683e-02   -2.0756861936e-08
-7.4743527113e-02   -2.1104410515e-08
-7.3766487543e-02   -1.9926288247e-08
-7.2789447973e-02   -2.0773956931e-08
-7.1812408403e-02   -2.2290276301e-08
-7.0835368832e-02   -2.1442075239e-08
-6.9858329262e-02   -2.0996142383e-08
-6.8881289692e-02   -2.2818664173e-08
-6.7904250122e-02   -2.3223286716e-08
-6.6927210552e-02   -2.1957328513e-08
-6.5950170982e-02   -2.2930387180e-08
-6.4973131412e-02   -2.4633942047e-08
-6.3996091842e-02   -2.3725922979e-08
-6.3019052272e-02   -2.3274137724e-08
-6.2042012702e-02   -2.5335744763e-08
-6.1064973131e-02   -2.5817424283e-08
-6.0087933561e-02   -2.4452102869e-08
-5.9110893991e-02   -2.5586728798e-08
-5.8133854421e-02   -2.7529962353e-08
-5.7156814851e-02   -2.6557045060e-08
-5.6179775281e-02   -2.6108242268e-08
-5.5202735711e-02   -2.8477906184e-08
-5.4225696141e-02   -2.9066941359e-08
-5.3248656571e-02   -2.7587801231e-08
-5.2271617000e-02   -2.8939197821e-08
-5.1294577430e-02   -3.1198973148e-08
-5.0317537860e-02   -3.0159005085e-08
-4.9340498290e-02   -2.9728765092e-08
-4.8363458720e-02   -3.2509501063e-08
-4.7386419150e-02   -3.3256300746e-08
-4.6409379580e-02   -3.1649742938e-08
-4.5432340010e-02   -3.3302675279e-08
-4.4455300440e-02   -3.5999055176e-08
-4.3478260870e-02   -3.4896138075e-08
-4.2501221299e-02   -3.4517184751e-08
-4.1524181729e-02   -3.7871763423e-08
-4.0547142159e-02   -3.8860999458e-08
-3.9570102589e-02   -3.7118997246e-08
-3.8593063019e-02   -3.9215731199e-08
-3.7616023449e-02   -4.2548033149e-08
-3.6638983879e-02   -4.1405310711e-08
-3.5661944309e-02   -4.1146533148e-08
-3.4684904739e-02   -4.5353423517e-08
-3.3707865169e-02   -4.6745603905e-08
-3.2730825598e-02   -4.4879697738e-08
-3.1753786028e-02   -4.7683290570e-08
-3.0776746458e-02   -5.2015417449e-08
-2.9799706888e-02   -5.0911576122e-08
-2.8822667318e-02   -5.0932025788e-08
-2.7845627748e-02   -5.6521654915e-08
-2.6868588178e-02   -5.8657036443e-08
-2.5891548608e-02   -5.6755899234e-08
-2.4914509038e-02   -6.0817915710e-08
-2.3937469468e-02   -6.6913688056e-08
-2.2960429897e-02   -6.6106328252e-08
-2.1983390327e-02   -6.6836944500e-08
-2.1006350757e-02   -7.4998832787e-08
-2.0029311187e-02   -7.8747274663e-08
-1.9052271617e-02   -7.7213724418e-08
-1.8075232047e-02   -8.3959555808e-08
-1.7098192477e-02   -9.3813231860e-08
-1.6121152907e-02   -9.4299001028e-08
-1.5144113337e-02   -9.7245197464e-08
-1.4167073766e-02   -1.1149121629e-07
-1.3190034196e-02   -1.1990179143e-07
-1.2212994626e-02   -1.2089943443e-07
-1.1235955056e-02   -1.3570666813e-07
-1.0258915486e-02   -1.5717911322e-07
-9.2818759160e-03   -1.6492067963e-07
-8.3048363459e-03   -1.7908105217e-07
-7.3277967758e-03   -2.1817631163e-07
-6.3507572057e-03   -2.5311595772e-07
-5.3737176356e-03   -2.8198203002e-07
-4.3966780655e-03   -3.6050218419e-07
-3.4196384954e-03   -5.0072787924e-07
-2.4425989253e-03   -7.0876154537e-07
-1.4655593552e-03   -1.4092618351e-06
-4.8851978505e-04   -1.4116748605e-05
4.8851978505e-04   1.4116533968e-05
1.4655593552e-03   1.4092369893e-06
2.4425989253e-03   7.0875228245e-07
3.4196384954e-03   5.0072295629e-07
4.3966780655e-03   3.6049935864e-07
5.3737176356e-03   2.8198010887e-07
6.3507572057e-03   2.5311457161e-07
7.3277967758e-03   2.1817524713e-07
8.3048363459e-03   1.7908048481e-07
9.2818759160e-03   1.6492024147e-07
1.0258915486e-02   1.5717877331e-07
1.1235955056e-02   1.3570639220e-07
1.2212994626e-02   1.2089930101e-07
1.3190034196e-02   1.1990169681e-07
1.4167073766e-02   1.1149115069e-07
1.5144113337e-02   9.7245152139e-08
1.6121152907e-02   9.4298468933e-08
1.7098192477e-02   9.3812741651e-08
1.8075232047e-02   8.3959102698e-08
1.9052271617e-02   7.7213303293e-08
2.0029311187e-02   7.8746939070e-08
2.1006350757e-02   7.4998516373e-08
2.1983390327e-02   6.6836653760e-08
2.2960429897e-02   6.6106052944e-08
2.3937469468e-02   6.6913521134e-08
2.4914509038e-02   6.0817756217e-08
2.5891548608e-02   5.6755753635e-08
2.6868588178e-02   5.8656898845e-08
2.7845627748e-02   5.6521568120e-08
2.8822667318e-02   5.0931941810e-08
2.9799706888e-02   5.0911499093e-08
3.0776746458e-02   5.2015347331e-08
3.1753786028e-02   4.7683050088e-08
3.2730825598e-02   4.4879467025e-08
3.3707865169e-02   4.6745382129e-08
3.4684904739e-02   4.5353210279e-08
3.5661944309e-02   4.1146359042e-08
3.6638983879e-02   4.1405141826e-08
3.7616023449e-02   4.2547871544e-08
3.8593063019e-02   3.9215574838e-08
3.9570102589e-02   3.7118901461e-08
4.0547142159e-02   3.8860907492e-08
4.1524181729e-02   3.7871676009e-08
4.2501221299e-02   3.4517099371e-08
4.3478260870e-02   3.4896082536e-08
4.4455300440e-02   3.5999000614e-08
4.5432340010e-02   3.3302624984e-08
4.6409379580e-02   3.1649694029e-08
4.7386419150e-02   3.3256083326e-08
4.8363458720e-02   3.2509288525e-08
4.9340498290e-02   2.9728560058e-08
5.0317537860e-02   3.0158803063e-08
5.1294577430e-02   3.1198797660e-08
5.2271617000e-02   2.8939027190e-08
5.3248656571e-02   2.7587634573e-08
5.4225696141e-02   2.9066777610e-08
5.5202735711e-02   2.8477786728e-08
5.6179775281e-02   2.6108125373e-08
5.7156814851e-02   2.6556931239e-08
5.8133854421e-02   2.7529850625e-08
5.9110893991e-02   2.5586638178e-08
6.0087933561e-02   2.4452015279e-08
6.1064973131e-02   2.5817339055e-08
6.2042012702e-02   2.5335660750e-08
6.3019052272e-02   2.3274137289e-08
6.3996091842e-02   2.3725923338e-08
6.4973131412e-02   2.4633943782e-08
6.5950170982e-02   2.2930389277e-08
6.6927210552e-02   2.1957347980e-08
6.7904250122e-02   2.3223305754e-08
6.8881289692e-02   2.2818684027e-08
6.9858329262e-02   2.0996162712e-08
7.0835368832e-02   2.1442126615e-08
7.1812408403e-02   2.2290327516e-08
7.2789447973e-02   2.0774008323e-08
7.3766487543e-02   1.9926338742e-08
7.4743527113e-02   2.1104476945e-08
7.5720566683e-02   2.0756927201e-08
7.6697606253e-02   1.9124637300e-08
7.7674645823e-02   1.9561175605e-08
7.8651685393e-02   2.0354561978e-08
7.9628724963e-02   1.8988420385e-08
8.0605764533e-02   1.8240320378e-08
8.1582804104e-02   1.9341037271e-08
8.2559843674e-02   1.9036823334e-08
8.3536883244e-02   1.7560133563e-08
8.4513922814e-02   1.7985061348e-08
8.5490962384e-02   1.8729284172e-08
8.6468001954e-02   1.7485830686e-08
8.7445041524e-02   1.6818505334e-08
8.8422081094e-02   1.7850938544e-08
8.9399120664e-02   1.7580749538e-08
9.0376160234e-02   1.6232909563e-08
9.1353199805e-02   1.6645632016e-08
9.2330239375e-02   1.7345082181e-08
9.3307278945e-02   1.6203689991e-08
9.4284318515e-02   1.5603349546e-08
9.5261358085e-02   1.6575300295e-08
9.6238397655e-02   1.6331605032e-08
9.7215437225e-02   1.5092630488e-08
9.8192476795e-02   1.5492374573e-08
9.9169516365e-02   1.6151579509e-08
1.0014655594e-01   1.5097214583e-08
1.0112359551e-01   1.4552456039e-08
1.0210063508e-01   1.5470825358e-08
1.0307767465e-01   1.5248913891e-08
1.0405471422e-01   1.4102685890e-08
1.0503175379e-01   1.4490426720e-08
1.0600879336e-01   1.5113146123e-08
1.0698583293e-01   1.4132285182e-08
1.0796287250e-01   1.3635437200e-08
1.0893991207e-01   1.4505563153e-08
1.0991695164e-01   1.4300901467e-08
1.1089399121e-01   1.3234668451e-08
1.1187103078e-01   1.3610648353e-08
1.1284807035e-01   1.4200498688e-08
1.1382510992e-01   1.3283400939e-08
1.1480214949e-01   1.2828022440e-08
1.1577918906e-01   1.3653965318e-08
1.1675622863e-01   1.3464244593e-08
1.1773326820e-01   1.2468341595e-08
1.1871030777e-01   1.2832523126e-08
1.1968734734e-01   1.3392057604e-08
1.2066438691e-01   1.2531320552e-08
1.2164142648e-01   1.2111135419e-08
1.2261846605e-01   1.2897819168e-08
1.2359550562e-01   1.2720468155e-08
1.2457254519e-01   1.1785969298e-08
1.2554958476e-01   1.2139621488e-08
1.2652662433e-01   1.2671565770e-08
1.2750366390e-01   1.1859921257e-08
1.2848070347e-01   1.1471268809e-08
1.2945774304e-01   1.2221831219e-08
1.3043478261e-01   1.2054732098e-08
1.3141182218e-01   1.1174679068e-08
1.3238886175e-01   1.1518250672e-08
1.3336590132e-01   1.2025220164e-08
1.3434294089e-01   1.1257388939e-08
1.3531998046e-01   1.0895988708e-08
1.3629702003e-01   1.1613826507e-08
1.3727405960e-01   1.1455787173e-08
1.3825109917e-01   1.0624321998e-08
1.3922813874e-01   1.0958173459e-08
1.4020517831e-01   1.1441566876e-08
1.4118221788e-01   1.0713169905e-08
1.4215925745e-01   1.0376480422e-08
1.4313629702e-01   1.1064363566e-08
1.4411333659e-01   1.0913329937e-08
1.4509037616e-01   1.0126072812e-08
1.4606741573e-01   1.0450889380e-08
1.4704445530e-01   1.0913058800e-08
1.4802149487e-01   1.0218977153e-08
1.4899853444e-01   9.9045079551e-09
1.4997557401e-01   1.0564745188e-08
1.5095261358e-01   1.0420810570e-08
1.5192965315e-01   9.6729999709e-09
1.5290669272e-01   9.9890482639e-09
1.5388373229e-01   1.0431318392e-08
1.5486077186e-01   9.7692574330e-09
1.5583781143e-01   9.4741293261e-09
1.5681485100e-01   1.0109033518e-08
1.5779189057e-01   9.9707448175e-09
1.5876893014e-01   9.2587269596e-09
1.5974596971e-01   9.5666662053e-09
1.6072300928e-01   9.9908156422e-09
1.6170004885e-01   9.3576979720e-09
1.6267708842e-01   9.0805099030e-09
1.6365412799e-01   9.6916065559e-09
1.6463116756e-01   9.5583323608e-09
1.6560820713e-01   8.8791093904e-09
1.6658524670e-01   9.1798047380e-09
1.6756228627e-01   9.5866223458e-09
1.6853932584e-01   8.9796858647e-09
1.6951636541e-01   8.7184838715e-09
1.7049340498e-01   9.3079018113e-09
1.7147044455e-01   9.1791252238e-09
1.7244748412e-01   8.5296978525e-09
1.7342452369e-01   8.8228385852e-09
1.7440156326e-01   9.2138682730e-09
1.7537860283e-01   8.6308523366e-09
1.7635564240e-01   8.3847702002e-09
1.7733268197e-01   8.9538018731e-09
1.7830972154e-01   8.8289733406e-09
1.7928676111e-01   8.2071767394e-09
1.8026380068e-01   8.4935478360e-09
1.8124084025e-01   8.8697761037e-09
1.8221787982e-01   8.3085706743e-09
1.8319491939e-01   8.0761013402e-09
1.8417195896e-01   8.6263174525e-09
1.8514899853e-01   8.5047850446e-09
1.8612603810e-01   7.9084004944e-09
1.8710307767e-01   8.1882391254e-09
1.8808011724e-01   8.5506846664e-09
1.8905715681e-01   8.0097684973e-09
1.9003419638e-01   7.7895363987e-09
1.9101123596e-01   8.3219720568e-09
1.9198827553e-01   8.2039472169e-09
1.9296531510e-01   7.6306462897e-09
1.9394235467e-01   7.9046224245e-09
1.9491939424e-01   8.2541119413e-09
1.9589643381e-01   7.7318196641e-09
1.9687347338e-01   7.5234100304e-09
1.9785051295e-01   8.0392487628e-09
1.9882755252e-01   7.9241763268e-09
1.9980459209e-01   7.3721944018e-09
2.0078163166e-01   7.6408161729e-09
2.0175867123e-01   7.9775967447e-09
2.0273571080e-01   7.4729471955e-09
2.0371275037e-01   7.2749842353e-09
2.0468978994e-01   7.7755505832e-09
2.0566682951e-01   7.6622445971e-09
2.0664386908e-01   7.1314020084e-09
2.0762090865e-01   7.3941936671e-09
2.0859794822e-01   7.7194790933e-09
2.0957498779e-01   7.2310254963e-09
2.1055202736e-01   7.0432776196e-09
2.1152906693e-01   7.5287866852e-09
2.1250610650e-01   7.4178830999e-09
2.1348314607e-01   6.9058588865e-09
2.1446018564e-01   7.1635249455e-09
2.1543722521e-01   7.4781640659e-09
2.1641426478e-01   7.0044566822e-09
2.1739130435e-01   6.8258434417e-09
2.1836834392e-01   7.2975907088e-09
2.1934538349e-01   7.1895697512e-09
2.2032242306e-01   6.6943412311e-09
2.2129946263e-01   6.9470740315e-09
2.2227650220e-01   7.2513686770e-09
2.2325354177e-01   6.7920783134e-09
2.2423058134e-01   6.6215991301e-09
2.2520762091e-01   7.0807706152e-09
2.2618466048e-01   6.9743022308e-09
2.2716170005e-01   6.4957233212e-09
2.2813873962e-01   6.7436279560e-09
2.2911577919e-01   7.0383981087e-09
2.3009281876e-01   6.5923563583e-09
2.3106985833e-01   6.4301180465e-09
2.3204689790e-01   6.8768487020e-09
2.3302393747e-01   6.7720567517e-09
2.3400097704e-01   6.3086181804e-09
2.3497801661e-01   6.5526210334e-09
2.3595505618e-01   6.8378475161e-09
2.3693209575e-01   6.4041916861e-09
2.3790913532e-01   6.2494791824e-09
2.3888617489e-01   6.6843376259e-09
2.3986321446e-01   6.5811093020e-09
2.4084025403e-01   6.1325225119e-09
2.4181729360e-01   6.3721859035e-09
2.4279433317e-01   6.6485852847e-09
2.4377137274e-01   6.2267725381e-09
2.4474841231e-01   6.0789689025e-09
2.4572545188e-01   6.5027687141e-09
2.4670249145e-01   6.4009733759e-09
2.4767953102e-01   5.9667405652e-09
2.4865657059e-01   6.2018209899e-09
2.4963361016e-01   6.4700781135e-09
2.5061064973e-01   6.0589833185e-09
2.5158768930e-01   5.9183068559e-09
2.5256472887e-01   6.3315979560e-09
2.5354176844e-01   6.2311867216e-09
2.5451880801e-01   5.8093338239e-09
2.5549584758e-01   6.0405957482e-09
2.5647288715e-01   6.3009465664e-09
2.5744992672e-01   5.9004100160e-09
2.5842696629e-01   5.7655604585e-09
2.5940400586e-01   6.1690751613e-09
2.6038104543e-01   6.0695339555e-09
2.6135808500e-01   5.6604846988e-09
2.6233512457e-01   5.8879354940e-09
2.6331216414e-01   6.1406479944e-09
2.6428920371e-01   5.7503176929e-09
2.6526624328e-01   5.6211741037e-09
2.6624328285e-01   6.0150835059e-09
2.6722032242e-01   5.9170914921e-09
2.6819736199e-01   5.5188390899e-09
2.6917440156e-01   5.7429365163e-09
2.7015144113e-01   5.9888183976e-09
2.7112848070e-01   5.6071352151e-09
2.7210552027e-01   5.4839911210e-09
2.7308255984e-01   5.8687671025e-09
2.7405959941e-01   5.7717801840e-09
2.7503663898e-01   5.3848173409e-09
2.7601367855e-01   5.6056437033e-09
2.7699071812e-01   5.8446378117e-09
2.7796775769e-01   5.4718418622e-09
2.7894479726e-01   5.3538835062e-09
2.7992183683e-01   5.7300560317e-09
2.8089887640e-01   5.6338541085e-09
2.8187591597e-01   5.2571793494e-09
2.8285295554e-01   5.4748633977e-09
2.8382999511e-01   5.7070380049e-09
2.8480703468e-01   5.3426460361e-09
2.8578407426e-01   5.2299655355e-09
2.8676111383e-01   5.5977515418e-09
2.8773815340e-01   5.5027806387e-09
2.8871519297e-01   5.1359969259e-09
2.8969223254e-01   5.3506069033e-09
2.9066927211e-01   5.5764406001e-09
2.9164631168e-01   5.2201312537e-09
2.9262335125e-01   5.1117049606e-09
2.9360039082e-01   5.4718358950e-09
2.9457743039e-01   5.3773791472e-09
2.9555446996e-01   5.0200016088e-09
2.9653150953e-01   5.2317396038e-09
2.9750854910e-01   5.4516615092e-09
2.9848558867e-01   5.1030507938e-09
2.9946262824e-01   4.9990342228e-09
3.0043966781e-01   5.3515223711e-09
3.0141670738e-01   5.2579665424e-09
3.0239374695e-01   4.9097559657e-09
3.0337078652e-01   5.1184532183e-09
3.0434782609e-01   5.3325921797e-09
3.0532486566e-01   4.9910901330e-09
3.0630190523e-01   4.8915425278e-09
3.0727894480e-01   5.2369517310e-09
3.0825598437e-01   5.1439603831e-09
3.0923302394e-01   4.8044338482e-09
3.1021006351e-01   5.0103443538e-09
3.1118710308e-01   5.2190808955e-09
3.1216414265e-01   4.8844519085e-09
3.1314118222e-01   4.7888955538e-09
3.1411822179e-01   5.1275375788e-09
3.1509526136e-01   5.0354514072e-09
3.1607230093e-01   4.7036027326e-09
3.1704934050e-01   4.9068930770e-09
3.1802638007e-01   5.1103509751e-09
3.1900341964e-01   4.7822175924e-09
3.1998045921e-01   4.6906561597e-09
3.2095749878e-01   5.0226362702e-09
3.2193453835e-01   4.9308897933e-09
3.2291157792e-01   4.6074998135e-09
3.2388861749e-01   4.8079971929e-09
3.2486565706e-01   5.0062075260e-09
3.2584269663e-01   4.6843466419e-09
3.2681973620e-01   4.5966467921e-09
3.2779677577e-01   4.9221257215e-09
3.2877381534e-01   4.8310381754e-09
3.2975085491e-01   4.5149839796e-09
3.3072789448e-01   4.7128136690e-09
3.3170493405e-01   4.9065316428e-09
3.3268197362e-01   4.5908532761e-09
3.3365901319e-01   4.5068077239e-09
3.3463605276e-01   4.8258586938e-09
3.3561309233e-01   4.7355258562e-09
3.3659013190e-01   4.4263850233e-09
3.3756717147e-01   4.6222153540e-09
3.3854421104e-01   4.8109756235e-09
3.3952125061e-01   4.5009516008e-09
3.4049829018e-01   4.4204131629e-09
3.4147532975e-01   4.7335513358e-09
3.4245236932e-01   4.6436965041e-09
3.4342940889e-01   4.3414825868e-09
3.4440644846e-01   4.5352064194e-09
3.4538348803e-01   4.7192972598e-09
3.4636052760e-01   4.4146255753e-09
3.4733756717e-01   4.3372542257e-09
3.4831460674e-01   4.6447349886e-09
3.4929164631e-01   4.5556772981e-09
3.5026868588e-01   4.2601371278e-09
3.5124572545e-01   4.4513778655e-09
3.5222276502e-01   4.6311333403e-09
3.5319980459e-01   4.3319707042e-09
3.5417684416e-01   4.2577797635e-09
3.5515388373e-01   4.5600743502e-09
3.5613092330e-01   4.4710047754e-09
3.5710796287e-01   4.1816729122e-09
3.5808500244e-01   4.3710790790e-09
3.5906204201e-01   4.5466082216e-09
3.6003908158e-01   4.2524172519e-09
3.6101612115e-01   4.1810669412e-09
3.6199316072e-01   4.4780049328e-09
3.6297020029e-01   4.3894243411e-09
3.6394723986e-01   4.1064788469e-09
3.6492427943e-01   4.2934911488e-09
3.6590131900e-01   4.4649040513e-09
3.6687835857e-01   4.1759049023e-09
3.6785539814e-01   4.1076317048e-09
3.6883243771e-01   4.3997941462e-09
3.6980947728e-01   4.3113581652e-09
3.7078651685e-01   4.0340495985e-09
3.7176355642e-01   4.2192224322e-09
3.7274059599e-01   4.3869520243e-09
3.7371763556e-01   4.1020502854e-09
3.7469467513e-01   4.0367927963e-09
3.7567171470e-01   4.3237699554e-09
3.7664875427e-01   4.2356296762e-09
3.7762579384e-01   3.9642982833e-09
3.7860283341e-01   4.1476509024e-09
3.7957987298e-01   4.3114643535e-09
3.8055691255e-01   4.0312428562e-09
3.8153395213e-01   3.9684009919e-09
3.8251099170e-01   4.2505820708e-09
3.8348803127e-01   4.1631078094e-09
3.8446507084e-01   3.8969876250e-09
3.8544211041e-01   4.0785472738e-09
3.8641914998e-01   4.2385621521e-09
3.8739618955e-01   3.9629709332e-09
3.8837322912e-01   3.9027298730e-09
3.8935026869e-01   4.1802013988e-09
3.9032730826e-01   4.0931354486e-09
3.9130434783e-01   3.8324688915e-09
3.9228138740e-01   4.0119043116e-09
3.9325842697e-01   4.1685054067e-09
3.9423546654e-01   3.8967556024e-09
3.9521250611e-01   3.8391961788e-09
3.9618954568e-01   4.1123385110e-09
3.9716658525e-01   4.0256035623e-09
3.9814362482e-01   3.7698908056e-09
3.9912066439e-01   3.9477205010e-09
4.0009770396e-01   4.1009369249e-09
4.0107474353e-01   3.8334652629e-09
4.0205178310e-01   3.7778658329e-09
4.0302882267e-01   4.0472244774e-09
4.0400586224e-01   3.9603205023e-09
4.0498290181e-01   3.7093719817e-09
4.0595994138e-01   3.8858593402e-09
4.0693698095e-01   4.0354455283e-09
4.0791402052e-01   3.7721282194e-09
4.0889106009e-01   3.7190736454e-09
4.0986809966e-01   3.9835143803e-09
4.1084513923e-01   3.8974556219e-09
4.1182217880e-01   3.6513251190e-09
4.1279921837e-01   3.8261682937e-09
4.1377625794e-01   3.9724344658e-09
4.1475329751e-01   3.7126125080e-09
4.1573033708e-01   3.6622239514e-09
4.1670737665e-01   3.9226407524e-09
4.1768441622e-01   3.8365429093e-09
4.1866145579e-01   3.5951819701e-09
4.1963849536e-01   3.7680769525e-09
4.2061553493e-01   3.9112379440e-09
4.2159257450e-01   3.6551708320e-09
4.2256961407e-01   3.6069007869e-09
4.2354665364e-01   3.8635886907e-09
4.2452369321e-01   3.7777099352e-09
4.2550073278e-01   3.5406047150e-09
4.2647777235e-01   3.7123572719e-09
4.2745481192e-01   3.8527222790e-09
4.2843185149e-01   3.5998805204e-09
4.2940889106e-01   3.5536271623e-09
4.3038593063e-01   3.8063044075e-09
4.3136297020e-01   3.7208389887e-09
4.3234000977e-01   3.4884614095e-09
4.3331704934e-01   3.6579580836e-09
4.3429408891e-01   3.7952375138e-09
4.3527112848e-01   3.5463521765e-09
4.3624816805e-01   3.5020854662e-09
4.3722520762e-01   3.7511781726e-09
4.3820224719e-01   3.6657142530e-09
4.3917928676e-01   3.4370170666e-09
4.4015632633e-01   3.6057248368e-09
4.4113336590e-01   3.7401113599e-09
4.4211040547e-01   3.4942294323e-09
4.4308744504e-01   3.4522036133e-09
4.4406448461e-01   3.6979807781e-09
4.4504152418e-01   3.6126149832e-09
4.4601856375e-01   3.3881671245e-09
4.4699560332e-01   3.5551374386e-09
4.4797264289e-01   3.6864798083e-09
4.4894968246e-01   3.4439751918e-09
4.4992672203e-01   3.4035761492e-09
4.5090376160e-01   3.6457752988e-09
4.5188080117e-01   3.5609066511e-09
4.5285784074e-01   3.3403729505e-09
4.5383488031e-01   3.5061472170e-09
4.5481191988e-01   3.6348205797e-09
4.5578895945e-01   3.3954494095e-09
4.5676599902e-01   3.3567712019e-09
4.5774303859e-01   3.5957419364e-09
4.5872007816e-01   3.5110009461e-09
4.5969711773e-01   3.2940331636e-09
4.6067415730e-01   3.4585606466e-09
4.6165119687e-01   3.5845545226e-09
4.6262823644e-01   3.3480159626e-09
4.6360527601e-01   3.3110463850e-09
4.6458231558e-01   3.5471953671e-09
4.6555935515e-01   3.4624968862e-09
4.6653639472e-01   3.2491465440e-09
4.6751343429e-01   3.4122691576e-09
4.6849047386e-01   3.5361453017e-09
4.6946751343e-01   3.3024080005e-09
4.7044455300e-01   3.2674068999e-09
4.7142159257e-01   3.4997274551e-09
4.7239863214e-01   3.4154350544e-09
4.7337567171e-01   3.2059262712e-09
4.7435271128e-01   3.3677013398e-09
4.7532975085e-01   3.4888549066e-09
4.7630679043e-01   3.2582154232e-09
4.7728383000e-01   3.2245785267e-09
4.7826086957e-01   3.4540592021e-09
4.7923790914e-01   3.3698466487e-09
4.8021494871e-01   3.1638101138e-09
4.8119198828e-01   3.3243353196e-09
4.8216902785e-01   3.4430681329e-09
4.8314606742e-01   3.2149551762e-09
4.8412310699e-01   3.1831485824e-09
4.8510014656e-01   3.4095697778e-09
4.8607718613e-01   3.3254999861e-09
4.8705422570e-01   3.1226649200e-09
4.8803126527e-01   3.2822939889e-09
4.8900830484e-01   3.3985429204e-09
4.8998534441e-01   3.1732037714e-09
4.9096238398e-01   3.1429702770e-09
4.9193942355e-01   3.3664843883e-09
4.9291646312e-01   3.2826920362e-09
4.9389350269e-01   3.0826182921e-09
4.9487054226e-01   3.2413122446e-09
4.9584758183e-01   3.3555247201e-09
4.9682462140e-01   3.1327396426e-09
4.9780166097e-01   3.1039573988e-09
4.9877870054e-01   3.3246214774e-09
4.9975574011e-01   3.2407342795e-09
5.0073277968e-01   3.0445118412e-09
5.0170981925e-01   3.2018593452e-09
5.0268685882e-01   3.3132046620e-09
5.0366389839e-01   3.0929574769e-09
5.0464093796e-01   3.0662107384e-09
5.0561797753e-01   3.2842767841e-09
5.0659501710e-01   3.2001157750e-09
5.0757205667e-01   3.0069921232e-09
5.0854909624e-01   3.1629685138e-09
5.0952613581e-01   3.2726913046e-09
5.1050317538e-01   3.0548230826e-09
5.1148021495e-01   3.0293385591e-09
5.1245725452e-01   3.2441060756e-09
5.1343429409e-01   3.1608084507e-09
5.1441133366e-01   2.9707579734e-09
5.1538837323e-01   3.1255037503e-09
5.1636541280e-01   3.2330780006e-09
5.1734245237e-01   3.0176203311e-09
5.1831949194e-01   2.9936105320e-09
5.1929653151e-01   3.2057794782e-09
5.2027357108e-01   3.1225033130e-09
5.2125061065e-01   2.9350644194e-09
5.2222765022e-01   3.0890179659e-09
5.2320468979e-01   3.1945803676e-09
5.2418172936e-01   2.9813748946e-09
5.2515876893e-01   2.9586410002e-09
5.2613580850e-01   3.1683368886e-09
5.2711284807e-01   3.0852129966e-09
5.2808988764e-01   2.9004840201e-09
5.2906692721e-01   3.0535733133e-09
5.3004396678e-01   3.1569553386e-09
5.3102100635e-01   2.9459895396e-09
5.3199804592e-01   2.9247082118e-09
5.3297508549e-01   3.1322363854e-09
5.3395212506e-01   3.0489826049e-09
5.3492916463e-01   2.8670217396e-09
5.3590620420e-01   3.0189291349e-09
5.3688324377e-01   3.1204138122e-09
5.3786028334e-01   2.9120372348e-09
5.3883732291e-01   2.8919295293e-09
5.3981436248e-01   3.0967692537e-09
5.4079140205e-01   3.0136585888e-09
5.4176844162e-01   2.8344763623e-09
5.4274548119e-01   2.9853601819e-09
5.4372252076e-01   3.0848048032e-09
5.4469956033e-01   2.8786783818e-09
5.4567659990e-01   2.8601258463e-09
5.4665363947e-01   3.0624642147e-09
5.4763067904e-01   2.9791480600e-09
5.4860771861e-01   2.8027242723e-09
5.4958475818e-01   2.9528959805e-09
5.5056179775e-01   3.0504297439e-09
5.5153883732e-01   2.8463155705e-09
5.5251587689e-01   2.8284648076e-09
5.5349291646e-01   3.0289378395e-09
5.5446995603e-01   2.9456432070e-09
5.5544699560e-01   2.7721410819e-09
5.5642403517e-01   2.9210498690e-09
5.5740107474e-01   3.0165954034e-09
5.5837811431e-01   2.8141464998e-09
5.5935515388e-01   2.7980842369e-09
5.6033219345e-01   2.9960299926e-09
5.6130923302e-01   2.9130667247e-09
5.6228627259e-01   2.7420883773e-09
5.6326331216e-01   2.8902432923e-09
5.6424035173e-01   2.9841752678e-09
5.6521739130e-01   2.7831767468e-09
5.6619443087e-01   2.7686911867e-09
5.6717147044e-01   2.9641412222e-09
5.6814851001e-01   2.8813492327e-09
5.6912554958e-01   2.7126547397e-09
5.7010258915e-01   2.8598333761e-09
5.7107962872e-01   2.9518541766e-09
5.7205666830e-01   2.7539067510e-09
5.7303370787e-01   2.7399661739e-09
5.7401074744e-01   2.9335957167e-09
5.7498778701e-01   2.8502989661e-09
5.7596482658e-01   2.6840709185e-09
5.7694186615e-01   2.8306410814e-09
5.7791890572e-01   2.9209351691e-09
5.7889594529e-01   2.7243779958e-09
5.7987298486e-01   2.7118019293e-09
5.8085002443e-01   2.9029784814e-09
5.8182706400e-01   2.8202810815e-09
5.8280410357e-01   2.6562885009e-09
5.8378114314e-01   2.8018740495e-09
5.8475818271e-01   2.8902653136e-09
5.8573522228e-01   2.6957541431e-09
5.8671226185e-01   2.6843037647e-09
5.8768930142e-01   2.8735647101e-09
5.8866634099e-01   2.7909731353e-09
5.8964338056e-01   2.6291559886e-09
5.9062042013e-01   2.7741898549e-09
5.9159745970e-01   2.8609304164e-09
5.9257449927e-01   2.6679373103e-09
5.9355153884e-01   2.6575943067e-09
5.9452857841e-01   2.8450381131e-09
5.9550561798e-01   2.7621446412e-09
5.9648265755e-01   2.6030046250e-09
5.9745969712e-01   2.7468691059e-09
5.9843673669e-01   2.8318280190e-09
5.9941377626e-01   2.6409206907e-09
6.0039081583e-01   2.6314672920e-09
6.0136785540e-01   2.8165863366e-09
6.0234489497e-01   2.7342787028e-09
6.0332193454e-01   2.5769092536e-09
6.0429897411e-01   2.7203335373e-09
6.0527601368e-01   2.8037941806e-09
6.0625305325e-01   2.6145819961e-09
6.0723009282e-01   2.6062375767e-09
6.0820713239e-01   2.7896234858e-09
6.0918417196e-01   2.7067043867e-09
6.1016121153e-01   2.5516465807e-09
6.1113825110e-01   2.6941271882e-09
6.1211529067e-01   2.7761871910e-09
6.1309233024e-01   2.5886264815e-09
6.1406936981e-01   2.5815456676e-09
6.1504640938e-01   2.7627722191e-09
6.1602344895e-01   2.6802346586e-09
6.1700048852e-01   2.5271936393e-09
6.1797752809e-01   2.6688254807e-09
6.1895456766e-01   2.7494456483e-09
6.1993160723e-01   2.5633840470e-09
6.2090864680e-01   2.5572372618e-09
6.2188568637e-01   2.7368757882e-09
6.2286272594e-01   2.6542303268e-09
6.2383976551e-01   2.5033034821e-09
6.2481680508e-01   2.6441569078e-09
6.2579384465e-01   2.7231427858e-09
6.2677088422e-01   2.5391774504e-09
6.2774792379e-01   2.5337230432e-09
6.2872496336e-01   2.7112139536e-09
6.2970200293e-01   2.6288197751e-09
6.3067904250e-01   2.4798617734e-09
6.3165608207e-01   2.6200275377e-09
6.3263312164e-01   2.6976750772e-09
6.3361016121e-01   2.5147056957e-09
6.3458720078e-01   2.5103935538e-09
6.3556424035e-01   2.6861194560e-09
6.3654127992e-01   2.6038855786e-09
6.3751831949e-01   2.4570216540e-09
6.3849535906e-01   2.5964409531e-09
6.3947239863e-01   2.6729700036e-09
6.4044943820e-01   2.4914319019e-09
6.4142647777e-01   2.4882166145e-09
6.4240351734e-01   2.6620727622e-09
6.4338055691e-01   2.5797982659e-09
6.4435759648e-01   2.4347279284e-09
6.4533463605e-01   2.5736813737e-09
6.4631167562e-01   2.6482007627e-09
6.4728871519e-01   2.4686022412e-09
6.4826575476e-01   2.4661181248e-09
6.4924279433e-01   2.6384361507e-09
6.5021983390e-01   2.5562519189e-09
6.5119687347e-01   2.4131395058e-09
6.5217391304e-01   2.5512702501e-09
6.5315095261e-01   2.6243389094e-09
6.5412799218e-01   2.4463632729e-09
6.5510503175e-01   2.4446425874e-09
6.5608207132e-01   2.6154147945e-09
6.5705911089e-01   2.5329050137e-09
6.5803615046e-01   2.3914660608e-09
6.5901319003e-01   2.5293198618e-09
6.5999022960e-01   2.6012733031e-09
6.6096726917e-01   2.4241029566e-09
6.6194430874e-01   2.4237000095e-09
6.6292134831e-01   2.5928283180e-09
6.6389838788e-01   2.5103041547e-09
6.6487542745e-01   2.3710013131e-09
6.6585246702e-01   2.5078618215e-09
6.6682950660e-01   2.5784048538e-09
6.6780654617e-01   2.4025872999e-09
6.6878358574e-01   2.4032218015e-09
6.6976062531e-01   2.5709146650e-09
6.7073766488e-01   2.4882408501e-09
6.7171470445e-01   2.3504334276e-09
6.7269174402e-01   2.4867520677e-09
6.7366878359e-01   2.5560779854e-09
6.7464582316e-01   2.3818224751e-09
6.7562286273e-01   2.3831412523e-09
6.7659990230e-01   2.5494345148e-09
6.7757694187e-01   2.4665149262e-09
6.7855398144e-01   2.3304715104e-09
6.7953102101e-01   2.4663257956e-09
6.8050806058e-01   2.5344611029e-09
6.8148510015e-01   2.3614661727e-09
6.8246213972e-01   2.3637414197e-09
6.8343917929e-01   2.5279353772e-09
6.8441621886e-01   2.4456677019e-09
6.8539325843e-01   2.3115999234e-09
6.8637029800e-01   2.4464373688e-09
6.8734733757e-01   2.5131595884e-09
6.8832437714e-01   2.3416792962e-09
6.8930141671e-01   2.3448027294e-09
6.9027845628e-01   2.5073518709e-09
6.9125549585e-01   2.4251551373e-09
6.9223253542e-01   2.2923396619e-09
6.9320957499e-01   2.4267508589e-09
6.9418661456e-01   2.4922329544e-09
6.9516365413e-01   2.3219183127e-09
6.9614069370e-01   2.3261317679e-09
6.9711773327e-01   2.4873039828e-09
6.9809477284e-01   2.4046377744e-09
6.9907181241e-01   2.2738100851e-09
7.0004885198e-01   2.4075102610e-09
7.0102589155e-01   2.4718849297e-09
7.0200293112e-01   2.3031030566e-09
7.0297997069e-01   2.3076580871e-09
7.0395701026e-01   2.4674234033e-09
7.0493404983e-01   2.3849383311e-09
7.0591108940e-01   2.2555651704e-09
7.0688812897e-01   2.3886717394e-09
7.0786516854e-01   2.4520968937e-09
7.0884220811e-01   2.2841136526e-09
7.0981924768e-01   2.2900354064e-09
7.1079628725e-01   2.4483294263e-09
7.1177332682e-01   2.3654972443e-09
7.1275036639e-01   2.2378820351e-09
7.1372740596e-01   2.3708323495e-09
7.1470444553e-01   2.4325978780e-09
7.1568148510e-01   2.2661251980e-09
7.1665852467e-01   2.2723115953e-09
7.1763556424e-01   2.4292261489e-09
7.1861260381e-01   2.3465737332e-09
7.1958964338e-01   2.2205448549e-09
7.2056668295e-01   2.3531124775e-09
7.2154372252e-01   2.4134021953e-09
7.2252076209e-01   2.2480799892e-09
7.2349780166e-01   2.2551756107e-09
7.2447484123e-01   2.4107063522e-09
7.2545188080e-01   2.3282363277e-09
7.2642892037e-01   2.2037699837e-09
7.2740595994e-01   2.3354318163e-09
7.2838299951e-01   2.3946591346e-09
7.2936003908e-01   2.2307662939e-09
7.3033707865e-01   2.2386867500e-09
7.3131411822e-01   2.3925963364e-09
7.3229115779e-01   2.3101793916e-09
7.3326819736e-01   2.1873740427e-09
7.3424523693e-01   2.3180910609e-09
7.3522227650e-01   2.3764886143e-09
7.3619931607e-01   2.2138826704e-09
7.3717635564e-01   2.2222912097e-09
7.3815339521e-01   2.3751589866e-09
7.3913043478e-01   2.2924309664e-09
7.4010747435e-01   2.1710520235e-09
7.4108451392e-01   2.3021342707e-09
7.4206155349e-01   2.3588182021e-09
7.4303859306e-01   2.1969536655e-09
7.4401563263e-01   2.2059958674e-09
7.4499267220e-01   2.3575133204e-09
7.4596971177e-01   2.2749457658e-09
7.4694675134e-01   2.1548285408e-09
7.4792379091e-01   2.2851634832e-09
7.4890083048e-01   2.3411343499e-09
7.4987787005e-01   2.1807104811e-09
7.5085490962e-01   2.1907228521e-09
7.5183194919e-01   2.3408328115e-09
7.5280898876e-01   2.2581252419e-09
7.5378602833e-01   2.1394678053e-09
7.5476306790e-01   2.2693696717e-09
7.5574010747e-01   2.3243149330e-09
7.5671714704e-01   2.1644800867e-09
7.5769418661e-01   2.1751732838e-09
7.5867122618e-01   2.3240028305e-09
7.5964826575e-01   2.2416625143e-09
7.6062530532e-01   2.1242776028e-09
7.6160234489e-01   2.2534734135e-09
7.6257938447e-01   2.3072652954e-09
7.6355642404e-01   2.1489947430e-09
7.6453346361e-01   2.1601645086e-09
7.6551050318e-01   2.3079692657e-09
7.6648754275e-01   2.2254549180e-09
7.6746458232e-01   2.1092879967e-09
7.6844162189e-01   2.2378123624e-09
7.6941866146e-01   2.2907377348e-09
7.7039570103e-01   2.1332731588e-09
7.7137274060e-01   2.1457558404e-09
7.7234978017e-01   2.2921095958e-09
7.7332681974e-01   2.2091948426e-09
7.7430385931e-01   2.0947914788e-09
7.7528089888e-01   2.2231973428e-09
7.7625793845e-01   2.2749872990e-09
7.7723497802e-01   2.1182670676e-09
7.7821201759e-01   2.1314078181e-09
7.7918905716e-01   2.2762372255e-09
7.8016609673e-01   2.1938743209e-09
7.8114313630e-01   2.0807059110e-09
7.8212017587e-01   2.2082565318e-09
7.8309721544e-01   2.2592670419e-09
7.8407425501e-01   2.1037192789e-09
7.8505129458e-01   2.1172088921e-09
7.8602833415e-01   2.2612465936e-09
7.8700537372e-01   2.1784799122e-09
7.8798241329e-01   2.0666320460e-09
7.8895945286e-01   2.1939413676e-09
7.8993649243e-01   2.2437263273e-09
7.9091353200e-01   2.0891969310e-09
7.9189057157e-01   2.1032929246e-09
7.9286761114e-01   2.2459486046e-09
7.9384465071e-01   2.1635705212e-09
7.9482169028e-01   2.0528812592e-09
7.9579872985e-01   2.1799203556e-09
7.9677576942e-01   2.2284477848e-09
7.9775280899e-01   2.0750113289e-09
7.9872984856e-01   2.0899124650e-09
7.9970688813e-01   2.2313871022e-09
8.0068392770e-01   2.1488218586e-09
8.0166096727e-01   2.0395646872e-09
8.0263800684e-01   2.1661442025e-09
8.0361504641e-01   2.2138477043e-09
8.0459208598e-01   2.0614370523e-09
8.0556912555e-01   2.0767100652e-09
8.0654616512e-01   2.2173811515e-09
8.0752320469e-01   2.1344925551e-09
8.0850024426e-01   2.0262433588e-09
8.0947728383e-01   2.1524812545e-09
8.1045432340e-01   2.1992933541e-09
8.1143136297e-01   2.0476303775e-09
8.1240840254e-01   2.0636934787e-09
8.1338544211e-01   2.2031889543e-09
8.1436248168e-01   2.1203201764e-09
8.1533952125e-01   2.0135975773e-09
8.1631656082e-01   2.1390959329e-09
8.1729360039e-01   2.1850431695e-09
8.1827063996e-01   2.0347443258e-09
8.1924767953e-01   2.0512355548e-09
8.2022471910e-01   2.1892122852e-09
8.2120175867e-01   2.1066394676e-09
8.2217879824e-01   2.0007425974e-09
8.2315583781e-01   2.1261041602e-09
8.2413287738e-01   2.1711675607e-09
8.2510991695e-01   2.0213242394e-09
8.2608695652e-01   2.0389271999e-09
8.2706399609e-01   2.1760511009e-09
8.2804103566e-01   2.0927696183e-09
8.2901807523e-01   1.9886094334e-09
8.2999511480e-01   2.1134635152e-09
8.3097215437e-01   2.1575513549e-09
8.3194919394e-01   2.0088798439e-09
8.3292623351e-01   2.0268205931e-09
8.3390327308e-01   2.1626416752e-09
8.3488031265e-01   2.0798770695e-09
8.3585735222e-01   1.9769501056e-09
8.3683439179e-01   2.1009992985e-09
8.3781143136e-01   2.1441879945e-09
8.3878847093e-01   1.9963100012e-09
8.3976551050e-01   2.0148754715e-09
8.4074255007e-01   2.1498067008e-09
8.4171958964e-01   2.0669302168e-09
8.4269662921e-01   1.9648179394e-09
8.4367366878e-01   2.0887919935e-09
8.4465070835e-01   2.1310887103e-09
8.4562774792e-01   1.9842871047e-09
8.4660478749e-01   2.0032171256e-09
8.4758182706e-01   2.1371643156e-09
8.4855886663e-01   2.0540769065e-09
8.4953590620e-01   1.9531848254e-09
8.5051294577e-01   2.0769213307e-09
8.5148998534e-01   2.1182427722e-09
8.5246702491e-01   1.9722183889e-09
8.5344406448e-01   1.9919116827e-09
8.5442110405e-01   2.1249749704e-09
8.5539814362e-01   2.0414864666e-09
8.5637518319e-01   1.9419145294e-09
8.5735222277e-01   2.0651578245e-09
8.5832926234e-01   2.1055541814e-09
8.5930630191e-01   1.9603788960e-09
8.6028334148e-01   1.9805567854e-09
8.6126038105e-01   2.1126391473e-09
8.6223742062e-01   2.0292734597e-09
8.6321446019e-01   1.9306852660e-09
8.6419149976e-01   2.0537489035e-09
8.6516853933e-01   2.0932442828e-09
8.6614557890e-01   1.9485614118e-09
8.6712261847e-01   1.9697875280e-09
8.6809965804e-01   2.1006839739e-09
8.6907669761e-01   2.0174441550e-09
8.7005373718e-01   1.9197666373e-09
8.7103077675e-01   2.0426827448e-09
8.7200781632e-01   2.0811748940e-09
8.7298485589e-01   1.9376501270e-09
8.7396189546e-01   1.9592982886e-09
8.7493893503e-01   2.0889751074e-09
8.7591597460e-01   2.0053939288e-09
8.7689301417e-01   1.9093224487e-09
8.7787005374e-01   2.0316603824e-09
8.7884709331e-01   2.0692613355e-09
8.7982413288e-01   1.9264873533e-09
8.8080117245e-01   1.9486495085e-09
8.8177821202e-01   2.0775565506e-09
8.8275525159e-01   1.9943720722e-09
8.8373229116e-01   1.8989820443e-09
8.8470933073e-01   2.0204307363e-09
8.8568637030e-01   2.0576756245e-09
8.8666340987e-01   1.9156819840e-09
8.8764044944e-01   1.9385484271e-09
8.8861748901e-01   2.0664539534e-09
8.8959452858e-01   1.9830049330e-09
8.9057156815e-01   1.8886174248e-09
8.9154860772e-01   2.0103833173e-09
8.9252564729e-01   2.0463623122e-09
8.9350268686e-01   1.9050037923e-09
8.9447972643e-01   1.9285343945e-09
8.9545676600e-01   2.0553552459e-09
8.9643380557e-01   1.9720322918e-09
8.9741084514e-01   1.8788371492e-09
8.9838788471e-01   2.0000335491e-09
8.9936492428e-01   2.0352102372e-09
9.0034196385e-01   1.8948322398e-09
9.0131900342e-01   1.9185255056e-09
9.0229604299e-01   2.0445341095e-09
9.0327308256e-01   1.9610564610e-09
9.0425012213e-01   1.8688933945e-09
9.0522716170e-01   1.9897514851e-09
9.0620420127e-01   2.0244559782e-09
9.0718124084e-01   1.8844122081e-09
9.0815828041e-01   1.9086604776e-09
9.0913531998e-01   2.0342598126e-09
9.1011235955e-01   1.9503727841e-09
9.1108939912e-01   1.8589124396e-09
9.1206643869e-01   1.9799762205e-09
9.1304347826e-01   2.0136072109e-09
9.1402051783e-01   1.8746230366e-09
9.1499755740e-01   1.8993820715e-09
9.1597459697e-01   2.0236377174e-09
9.1695163654e-01   1.9400639982e-09
9.1792867611e-01   1.8498720702e-09
9.1890571568e-01   1.9702668926e-09
9.1988275525e-01   2.0030611412e-09
9.2085979482e-01   1.8648668217e-09
9.2183683439e-01   1.8902395364e-09
9.2281387396e-01   2.0136368224e-09
9.2379091353e-01   1.9299403832e-09
9.2476795310e-01   1.8406147534e-09
9.2574499267e-01   1.9608790695e-09
9.2672203224e-01   1.9925766583e-09
9.2769907181e-01   1.8553573308e-09
9.2867611138e-01   1.8813535764e-09
9.2965315095e-01   2.0036062307e-09
9.3063019052e-01   1.9196631051e-09
9.3160723009e-01   1.8317633379e-09
9.3258426966e-01   1.9514070522e-09
9.3356130923e-01   1.9828207233e-09
9.3453834880e-01   1.8460218416e-09
9.3551538837e-01   1.8724600546e-09
9.3649242794e-01   1.9939176862e-09
9.3746946751e-01   1.9100570612e-09
9.3844650708e-01   1.8228667340e-09
9.3942354665e-01   1.9425074690e-09
9.4040058622e-01   1.9729980890e-09
9.4137762579e-01   1.8365680827e-09
9.4235466536e-01   1.8637647993e-09
9.4333170493e-01   1.9845856617e-09
9.4430874450e-01   1.9006688102e-09
9.4528578407e-01   1.8143151885e-09
9.4626282364e-01   1.9335498155e-09
9.4723986321e-01   1.9632686614e-09
9.4821690278e-01   1.8279535043e-09
9.4919394235e-01   1.8552438162e-09
9.5017098192e-01   1.9749347371e-09
9.5114802149e-01   1.8909706970e-09
9.5212506106e-01   1.8056097573e-09
9.5310210064e-01   1.9248965776e-09
9.5407914021e-01   1.9538295732e-09
9.5505617978e-01   1.8187811839e-09
9.5603321935e-01   1.8467339201e-09
9.5701025892e-01   1.9659263763e-09
9.5798729849e-01   1.8818663343e-09
9.5896433806e-01   1.7973872247e-09
9.5994137763e-01   1.9161768302e-09
9.6091841720e-01   1.9443789729e-09
9.6189545677e-01   1.8101811528e-09
9.6287249634e-01   1.8389311624e-09
9.6384953591e-01   1.9568844619e-09
9.6482657548e-01   1.8727074714e-09
9.6580361505e-01   1.7892142464e-09
9.6678065462e-01   1.9078196488e-09
9.6775769419e-01   1.9352648364e-09
9.6873473376e-01   1.8019898953e-09
9.6971177333e-01   1.8309634507e-09
9.7068881290e-01   1.9484767355e-09
9.7166585247e-01   1.8640679393e-09
9.7264289204e-01   1.7815099207e-09
9.7361993161e-01   1.8994374782e-09
9.7459697118e-01   1.9265153306e-09
9.7557401075e-01   1.7937661503e-09
9.7655105032e-01   1.8234233142e-09
9.7752808989e-01   1.9397686545e-09
9.7850512946e-01   1.8550909060e-09
9.7948216903e-01   1.7735693147e-09
9.8045920860e-01   1.8915471743e-09
9.8143624817e-01   1.9177128494e-09
9.8241328774e-01   1.7859411816e-09
9.8339032731e-01   1.8156306602e-09
9.8436736688e-01   1.9315222902e-09
9.8534440645e-01   1.8470104650e-09
9.8632144602e-01   1.7660635765e-09
9.8729848559e-01   1.8836880854e-09
9.8827552516e-01   1.9090862553e-09
9.8925256473e-01   1.7777388011e-09
9.9022960430e-01   1.8082259644e-09
9.9120664387e-01   1.9231838023e-09
9.9218368344e-01   1.8386360290e-09
9.9316072301e-01   1.7588607356e-09
9.9413776258e-01   1.8760579919e-09
9.9511480215e-01   1.9008169281e-09
9.9609184172e-01   1.7699029608e-09
9.9706888129e-01   1.8006450994e-09
9.9804592086e-01   1.9149645599e-09
9.9902296043e-01   1.8304924215e-09
1.0000000000e+00   1.7516265411e-09
