X    Y
-5.7200000000e+02   2.9769675614e-10
-5.7100000000e+02   -3.1423152969e-10
-5.7000000000e+02   3.3161762225e-10
-5.6900000000e+02   -3.4989722231e-10
-5.6800000000e+02   3.6911496082e-10
-5.6700000000e+02   -3.8931879942e-10
-5.6600000000e+02   4.1055692179e-10
-5.6500000000e+02   -4.3288106433e-10
-5.6400000000e+02   4.5634562795e-10
-5.6300000000e+02   -4.8100678995e-10
-5.6200000000e+02   5.0692405829e-10
-5.6100000000e+02   -5.3415938339e-10
-5.6000000000e+02   5.6277760230e-10
-5.5900000000e+02   -5.9284688270e-10
-5.5800000000e+02   6.2443894500e-10
-5.5700000000e+02   -6.5762773005e-10
-5.5600000000e+02   6.9249206369e-10
-5.5500000000e+02   -7.2911299220e-10
-5.5400000000e+02   7.6757666889e-10
-5.5300000000e+02   -8.0797279978e-10
-5.5200000000e+02   8.5039464359e-10
-5.5100000000e+02   -8.9494078814e-10
-5.5000000000e+02   9.4171359599e-10
-5.4900000000e+02   -9.9082075877e-10
-5.4800000000e+02   1.0423746311e-09
-5.4700000000e+02   -1.0964924524e-09
-5.4600000000e+02   1.1532976796e-09
-5.4500000000e+02   -1.2129182103e-09
-5.4400000000e+02   1.2754892698e-09
-5.4300000000e+02   -1.3411509681e-09
-5.4200000000e+02   1.4100498547e-09
-5.4100000000e+02   -1.4823406946e-09
-5.4000000000e+02   1.5581835822e-09
-5.3900000000e+02   -1.6377459389e-09
-5.3800000000e+02   1.7212038461e-09
-5.3700000000e+02   -1.8087404907e-09
-5.3600000000e+02   1.9005470531e-09
-5.3500000000e+02   -1.9968240395e-09
-5.3400000000e+02   2.0977810600e-09
-5.3300000000e+02   -2.2036357183e-09
-5.3200000000e+02   2.3146169426e-09
-5.3100000000e+02   -2.4309620983e-09
-5.3000000000e+02   2.5529205416e-09
-5.2900000000e+02   -2.6807525089e-09
-5.2800000000e+02   2.8147288944e-09
-5.2700000000e+02   -2.9551328051e-09
-5.2600000000e+02   3.1022600044e-09
-5.2500000000e+02   -3.2564193564e-09
-5.2400000000e+02   3.4179328257e-09
-5.2300000000e+02   -3.5871365878e-09
-5.2200000000e+02   3.7643812512e-09
-5.2100000000e+02   -3.9500329674e-09
-5.2000000000e+02   4.1444734311e-09
-5.1900000000e+02   -4.3481012124e-09
-5.1800000000e+02   4.5613315347e-09
-5.1700000000e+02   -4.7845978290e-09
-5.1600000000e+02   5.0183521783e-09
-5.1500000000e+02   -5.2630655389e-09
-5.1400000000e+02   5.5192292958e-09
-5.1300000000e+02   -5.7873563719e-09
-5.1200000000e+02   6.0679796743e-09
-5.1100000000e+02   -6.3616572010e-09
-5.1000000000e+02   6.6689680445e-09
-5.0900000000e+02   -6.9905172762e-09
-5.0800000000e+02   7.3269355028e-09
-5.0700000000e+02   -7.6788786441e-09
-5.0600000000e+02   8.0470308195e-09
-5.0500000000e+02   -8.4321050142e-09
-5.0400000000e+02   8.8348430793e-09
-5.0300000000e+02   -9.2560186182e-09
-5.0200000000e+02   9.6964365426e-09
-5.0100000000e+02   -1.0156935737e-08
-5.0000000000e+02   1.0638388837e-08
-4.9900000000e+02   -1.1141705336e-08
-4.9800000000e+02   1.1667831146e-08
-4.9700000000e+02   -1.2217751477e-08
-4.9600000000e+02   1.2792492399e-08
-4.9500000000e+02   -1.3393120391e-08
-4.9400000000e+02   1.4020745676e-08
-4.9300000000e+02   -1.4676523996e-08
-4.9200000000e+02   1.5361658390e-08
-4.9100000000e+02   -1.6077398746e-08
-4.9000000000e+02   1.6825046689e-08
-4.8900000000e+02   -1.7605954694e-08
-4.8800000000e+02   1.8421531189e-08
-4.8700000000e+02   -1.9273239449e-08
-4.8600000000e+02   2.0162601366e-08
-4.8500000000e+02   -2.1091199676e-08
-4.8400000000e+02   2.2060679061e-08
-4.8300000000e+02   -2.3072749933e-08
-4.8200000000e+02   2.4129189979e-08
-4.8100000000e+02   -2.5231846168e-08
-4.8000000000e+02   2.6382638740e-08
-4.7900000000e+02   -2.7583562767e-08
-4.7800000000e+02   2.8836691035e-08
-4.7700000000e+02   -3.0144176266e-08
-4.7600000000e+02   3.1508256226e-08
-4.7500000000e+02   -3.2931254168e-08
-4.7400000000e+02   3.4415583272e-08
-4.7300000000e+02   -3.5963749756e-08
-4.7200000000e+02   3.7578355760e-08
-4.7100000000e+02   -3.9262103346e-08
-4.7000000000e+02   4.1017797825e-08
-4.6900000000e+02   -4.2848350867e-08
-4.6800000000e+02   4.4756784945e-08
-4.6700000000e+02   -4.6746237325e-08
-4.6600000000e+02   4.8819963627e-08
-4.6500000000e+02   -5.0981341815e-08
-4.6400000000e+02   5.3233876862e-08
-4.6300000000e+02   -5.5581204972e-08
-4.6200000000e+02   5.8027098904e-08
-4.6100000000e+02   -6.0575470640e-08
-4.6000000000e+02   6.3230378711e-08
-4.5900000000e+02   -6.5996031529e-08
-4.5800000000e+02   6.8876793158e-08
-4.5700000000e+02   -7.1877187979e-08
-4.5600000000e+02   7.5001907129e-08
-4.5500000000e+02   -7.8255813163e-08
-4.5400000000e+02   8.1643946936e-08
-4.5300000000e+02   -8.5171532049e-08
-4.5200000000e+02   8.8843982393e-08
-4.5100000000e+02   -9.2666907925e-08
-4.5000000000e+02   9.6646121106e-08
-4.4900000000e+02   -1.0078764356e-07
-4.4800000000e+02   1.0509771298e-07
-4.4700000000e+02   -1.0958279151e-07
-4.4600000000e+02   1.1424957047e-07
-4.4500000000e+02   -1.1910498010e-07
-4.4400000000e+02   1.2415619732e-07
-4.4300000000e+02   -1.2941065131e-07
-4.4200000000e+02   1.3487603479e-07
-4.4100000000e+02   -1.4056031028e-07
-4.4000000000e+02   1.4647172009e-07
-4.3900000000e+02   -1.5261879449e-07
-4.3800000000e+02   1.5901036154e-07
-4.3700000000e+02   -1.6565555550e-07
-4.3600000000e+02   1.7256382723e-07
-4.3500000000e+02   -1.7974495514e-07
-4.3400000000e+02   1.8720905315e-07
-4.3300000000e+02   -1.9496658354e-07
-4.3200000000e+02   2.0302836568e-07
-4.3100000000e+02   -2.1140558926e-07
-4.3000000000e+02   2.2010982437e-07
-4.2900000000e+02   -2.2915303299e-07
-4.2800000000e+02   2.3854758280e-07
-4.2700000000e+02   -2.4830625689e-07
-4.2600000000e+02   2.5844226914e-07
-4.2500000000e+02   -2.6896927574e-07
-4.2400000000e+02   2.7990138851e-07
-4.2300000000e+02   -2.9125318957e-07
-4.2200000000e+02   3.0303974463e-07
-4.2100000000e+02   -3.1527661792e-07
-4.2000000000e+02   3.2797988658e-07
-4.1900000000e+02   -3.4116615599e-07
-4.1800000000e+02   3.5485257666e-07
-4.1700000000e+02   -3.6905685730e-07
-4.1600000000e+02   3.8379728462e-07
-4.1500000000e+02   -3.9909273775e-07
-4.1400000000e+02   4.1496270686e-07
-4.1300000000e+02   -4.3142730966e-07
-4.1200000000e+02   4.4850731018e-07
-4.1100000000e+02   -4.6622413774e-07
-4.1000000000e+02   4.8459990531e-07
-4.0900000000e+02   -5.0365742887e-07
-4.0800000000e+02   5.2342024781e-07
-4.0700000000e+02   -5.4391264515e-07
-4.0600000000e+02   5.6515966840e-07
-4.0500000000e+02   -5.8718715090e-07
-4.0400000000e+02   6.1002173424e-07
-4.0300000000e+02   -6.3369088998e-07
-4.0200000000e+02   6.5822294260e-07
-4.0100000000e+02   -6.8364709338e-07
-4.0000000000e+02   7.0999344470e-07
-3.9900000000e+02   -7.3729302352e-07
-3.9800000000e+02   7.6557780737e-07
-3.9700000000e+02   -7.9488074944e-07
-3.9600000000e+02   8.2523580591e-07
-3.9500000000e+02   -8.5667796079e-07
-3.9400000000e+02   8.8924325570e-07
-3.9300000000e+02   -9.2296881582e-07
-3.9200000000e+02   9.5789288013e-07
-3.9100000000e+02   -9.9405482934e-07
-3.9000000000e+02   1.0314952166e-06
-3.8900000000e+02   -1.0702557980e-06
-3.8800000000e+02   1.1103795630e-06
-3.8700000000e+02   -1.1519107672e-06
-3.8600000000e+02   1.1948949636e-06
-3.8500000000e+02   -1.2393790374e-06
-3.8400000000e+02   1.2854112379e-06
-3.8300000000e+02   -1.3330412145e-06
-3.8200000000e+02   1.3823200513e-06
-3.8100000000e+02   -1.4333003029e-06
-3.8000000000e+02   1.4860360309e-06
-3.7900000000e+02   -1.5405828417e-06
-3.7800000000e+02   1.5969979246e-06
-3.7700000000e+02   -1.6553400897e-06
-3.7600000000e+02   1.7156698084e-06
-3.7500000000e+02   -1.7780492529e-06
-3.7400000000e+02   1.8425423383e-06
-3.7300000000e+02   -1.9092147630e-06
-3.7200000000e+02   1.9781340523e-06
-3.7100000000e+02   -2.0493696020e-06
-3.7000000000e+02   2.1229927207e-06
-3.6900000000e+02   -2.1990766776e-06
-3.6800000000e+02   2.2776967454e-06
-3.6700000000e+02   -2.3589302487e-06
-3.6600000000e+02   2.4428566108e-06
-3.6500000000e+02   -2.5295574011e-06
-3.6400000000e+02   2.6191163860e-06
-3.6300000000e+02   -2.7116195760e-06
-3.6200000000e+02   2.8071552791e-06
-3.6100000000e+02   -2.9058141504e-06
-3.6000000000e+02   3.0076892450e-06
-3.5900000000e+02   -3.1128760716e-06
-3.5800000000e+02   3.2214726453e-06
-3.5700000000e+02   -3.3335795444e-06
-3.5600000000e+02   3.4492999639e-06
-3.5500000000e+02   -3.5687397735e-06
-3.5400000000e+02   3.6920075752e-06
-3.5300000000e+02   -3.8192147598e-06
-3.5200000000e+02   3.9504755684e-06
-3.5100000000e+02   -4.0859071511e-06
-3.5000000000e+02   4.2256296275e-06
-3.4900000000e+02   -4.3697661496e-06
-3.4800000000e+02   4.5184429638e-06
-3.4700000000e+02   -4.6717894737e-06
-3.4600000000e+02   4.8299383062e-06
-3.4500000000e+02   -4.9930253740e-06
-3.4400000000e+02   5.1611899452e-06
-3.4300000000e+02   -5.3345747064e-06
-3.4200000000e+02   5.5133258328e-06
-3.4100000000e+02   -5.6975930562e-06
-3.4000000000e+02   5.8875297348e-06
-3.3900000000e+02   -6.0832929225e-06
-3.3800000000e+02   6.2850434406e-06
-3.3700000000e+02   -6.4929459498e-06
-3.3600000000e+02   6.7071690224e-06
-3.3500000000e+02   -6.9278852168e-06
-3.3400000000e+02   7.1552711505e-06
-3.3300000000e+02   -7.3895075761e-06
-3.3200000000e+02   7.6307794570e-06
-3.3100000000e+02   -7.8792760443e-06
-3.3000000000e+02   8.1351909533e-06
-3.2900000000e+02   -8.3987222428e-06
-3.2800000000e+02   8.6700724931e-06
-3.2700000000e+02   -8.9494488864e-06
-3.2600000000e+02   9.2370632865e-06
-3.2500000000e+02   -9.5331323198e-06
-3.2400000000e+02   9.8378774569e-06
-3.2300000000e+02   -1.0151525096e-05
-3.2200000000e+02   1.0474306645e-05
-3.2100000000e+02   -1.0806458603e-05
-3.2000000000e+02   1.1148222649e-05
-3.1900000000e+02   -1.1499845724e-05
-3.1800000000e+02   1.1861580115e-05
-3.1700000000e+02   -1.2233683544e-05
-3.1600000000e+02   1.2616419251e-05
-3.1500000000e+02   -1.3010056084e-05
-3.1400000000e+02   1.3414868583e-05
-3.1300000000e+02   -1.3831137073e-05
-3.1200000000e+02   1.4259147744e-05
-3.1100000000e+02   -1.4699192748e-05
-3.1000000000e+02   1.5151570283e-05
-3.0900000000e+02   -1.5616584682e-05
-3.0800000000e+02   1.6094546506e-05
-3.0700000000e+02   -1.6585772628e-05
-3.0600000000e+02   1.7090586330e-05
-3.0500000000e+02   -1.7609317388e-05
-3.0400000000e+02   1.8142302163e-05
-3.0300000000e+02   -1.8689883694e-05
-3.0200000000e+02   1.9252411785e-05
-3.0100000000e+02   -1.9830243099e-05
-3.0000000000e+02   2.0423741245e-05
-2.9900000000e+02   -2.1033276871e-05
-2.9800000000e+02   2.1659227754e-05
-2.9700000000e+02   -2.2301978890e-05
-2.9600000000e+02   2.2961922583e-05
-2.9500000000e+02   -2.3639458537e-05
-2.9400000000e+02   2.4334993945e-05
-2.9300000000e+02   -2.5048943576e-05
-2.9200000000e+02   2.5781729868e-05
-2.9100000000e+02   -2.6533783013e-05
-2.9000000000e+02   2.7305541046e-05
-2.8900000000e+02   -2.8097449937e-05
-2.8800000000e+02   2.8909963669e-05
-2.8700000000e+02   -2.9743544333e-05
-2.8600000000e+02   3.0598662208e-05
-2.8500000000e+02   -3.1475795852e-05
-2.8400000000e+02   3.2375432178e-05
-2.8300000000e+02   -3.3298066546e-05
-2.8200000000e+02   3.4244202838e-05
-2.8100000000e+02   -3.5214353547e-05
-2.8000000000e+02   3.6209039849e-05
-2.7900000000e+02   -3.7228791690e-05
-2.7800000000e+02   3.8274147860e-05
-2.7700000000e+02   -3.9345656072e-05
-2.7600000000e+02   4.0443873037e-05
-2.7500000000e+02   -4.1569364537e-05
-2.7400000000e+02   4.2722705500e-05
-2.7300000000e+02   -4.3904480072e-05
-2.7200000000e+02   4.5115281685e-05
-2.7100000000e+02   -4.6355713127e-05
-2.7000000000e+02   4.7626386607e-05
-2.6900000000e+02   -4.8927923820e-05
-2.6800000000e+02   5.0260956014e-05
-2.6700000000e+02   -5.1626124044e-05
-2.6600000000e+02   5.3024078438e-05
-2.6500000000e+02   -5.4455479450e-05
-2.6400000000e+02   5.5920997117e-05
-2.6300000000e+02   -5.7421311310e-05
-2.6200000000e+02   5.8957111786e-05
-2.6100000000e+02   -6.0529098234e-05
-2.6000000000e+02   6.2137980325e-05
-2.5900000000e+02   -6.3784477748e-05
-2.5800000000e+02   6.5469320259e-05
-2.5700000000e+02   -6.7193247712e-05
-2.5600000000e+02   6.8957010096e-05
-2.5500000000e+02   -7.0761367569e-05
-2.5400000000e+02   7.2607090486e-05
-2.5300000000e+02   -7.4494959424e-05
-2.5200000000e+02   7.6425765208e-05
-2.5100000000e+02   -7.8400308928e-05
-2.5000000000e+02   8.0419401957e-05
-2.4900000000e+02   -8.2483865965e-05
-2.4800000000e+02   8.4594532929e-05
-2.4700000000e+02   -8.6752245137e-05
-2.4600000000e+02   8.8957855194e-05
-2.4500000000e+02   -9.1212226020e-05
-2.4400000000e+02   9.3516230844e-05
-2.4300000000e+02   -9.5870753199e-05
-2.4200000000e+02   9.8276686904e-05
-2.4100000000e+02   -1.0073493606e-04
-2.4000000000e+02   1.0324641500e-04
-2.3900000000e+02   -1.0581204831e-04
-2.3800000000e+02   1.0843277076e-04
-2.3700000000e+02   -1.1110952730e-04
-2.3600000000e+02   1.1384327298e-04
-2.3500000000e+02   -1.1663497297e-04
-2.3400000000e+02   1.1948560247e-04
-2.3300000000e+02   -1.2239614664e-04
-2.3200000000e+02   1.2536760061e-04
-2.3100000000e+02   -1.2840096937e-04
-2.3000000000e+02   1.3149726770e-04
-2.2900000000e+02   -1.3465752013e-04
-2.2800000000e+02   1.3788276085e-04
-2.2700000000e+02   -1.4117403362e-04
-2.2600000000e+02   1.4453239170e-04
-2.2500000000e+02   -1.4795889774e-04
-2.2400000000e+02   1.5145462370e-04
-2.2300000000e+02   -1.5502065074e-04
-2.2200000000e+02   1.5865806911e-04
-2.2100000000e+02   -1.6236797806e-04
-2.2000000000e+02   1.6615148568e-04
-2.1900000000e+02   -1.7000970881e-04
-2.1800000000e+02   1.7394377289e-04
-2.1700000000e+02   -1.7795481184e-04
-2.1600000000e+02   1.8204396791e-04
-2.1500000000e+02   -1.8621239151e-04
-2.1400000000e+02   1.9046124111e-04
-2.1300000000e+02   -1.9479168304e-04
-2.1200000000e+02   1.9920489132e-04
-2.1100000000e+02   -2.0370204751e-04
-2.1000000000e+02   2.0828434053e-04
-2.0900000000e+02   -2.1295296645e-04
-2.0800000000e+02   2.1770912834e-04
-2.0700000000e+02   -2.2255403603e-04
-2.0600000000e+02   2.2748890594e-04
-2.0500000000e+02   -2.3251496087e-04
-2.0400000000e+02   2.3763342973e-04
-2.0300000000e+02   -2.4284554741e-04
-2.0200000000e+02   2.4815255447e-04
-2.0100000000e+02   -2.5355569693e-04
-2.0000000000e+02   2.5905622606e-04
-1.9900000000e+02   -2.6465539807e-04
-1.9800000000e+02   2.7035447391e-04
-1.9700000000e+02   -2.7615471898e-04
-1.9600000000e+02   2.8205740287e-04
-1.9500000000e+02   -2.8806379906e-04
-1.9400000000e+02   2.9417518469e-04
-1.9300000000e+02   -3.0039284023e-04
-1.9200000000e+02   3.0671804918e-04
-1.9100000000e+02   -3.1315209780e-04
-1.9000000000e+02   3.1969627478e-04
-1.8900000000e+02   -3.2635187092e-04
-1.8800000000e+02   3.3312017882e-04
-1.8700000000e+02   -3.4000249256e-04
-1.8600000000e+02   3.4700010733e-04
-1.8500000000e+02   -3.5411431911e-04
-1.8400000000e+02   3.6134642435e-04
-1.8300000000e+02   -3.6869771954e-04
-1.8200000000e+02   3.7616950092e-04
-1.8100000000e+02   -3.8376306408e-04
-1.8000000000e+02   3.9147970358e-04
-1.7900000000e+02   -3.9932071258e-04
-1.7800000000e+02   4.0728738243e-04
-1.7700000000e+02   -4.1538100233e-04
-1.7600000000e+02   4.2360285885e-04
-1.7500000000e+02   -4.3195423558e-04
-1.7400000000e+02   4.4043641269e-04
-1.7300000000e+02   -4.4905066654e-04
-1.7200000000e+02   4.5779826920e-04
-1.7100000000e+02   -4.6668048807e-04
-1.7000000000e+02   4.7569858540e-04
-1.6900000000e+02   -4.8485381789e-04
-1.6800000000e+02   4.9414743618e-04
-1.6700000000e+02   -5.0358068446e-04
-1.6600000000e+02   5.1315479993e-04
-1.6500000000e+02   -5.2287101241e-04
-1.6400000000e+02   5.3273054381e-04
-1.6300000000e+02   -5.4273460768e-04
-1.6200000000e+02   5.5288440869e-04
-1.6100000000e+02   -5.6318114219e-04
-1.6000000000e+02   5.7362599365e-04
-1.5900000000e+02   -5.8422013823e-04
-1.5800000000e+02   5.9496474020e-04
-1.5700000000e+02   -6.0586095248e-04
-1.5600000000e+02   6.1690991609e-04
-1.5500000000e+02   -6.2811275966e-04
-1.5400000000e+02   6.3947059886e-04
-1.5300000000e+02   -6.5098453592e-04
-1.5200000000e+02   6.6265565903e-04
-1.5100000000e+02   -6.7448504186e-04
-1.5000000000e+02   6.8647374297e-04
-1.4900000000e+02   -6.9862280528e-04
-1.4800000000e+02   7.1093325551e-04
-1.4700000000e+02   -7.2340610362e-04
-1.4600000000e+02   7.3604234227e-04
-1.4500000000e+02   -7.4884294620e-04
-1.4400000000e+02   7.6180887173e-04
-1.4300000000e+02   -7.7494105610e-04
-1.4200000000e+02   7.8824041700e-04
-1.4100000000e+02   -8.0170785188e-04
-1.4000000000e+02   8.1534423745e-04
-1.3900000000e+02   -8.2915042905e-04
-1.3800000000e+02   8.4312726006e-04
-1.3700000000e+02   -8.5727554132e-04
-1.3600000000e+02   8.7159606054e-04
-1.3500000000e+02   -8.8608958170e-04
-1.3400000000e+02   9.0075684442e-04
-1.3300000000e+02   -9.1559856340e-04
-1.3200000000e+02   9.3061542778e-04
-1.3100000000e+02   -9.4580810056e-04
-1.3000000000e+02   9.6117721798e-04
-1.2900000000e+02   -9.7672338891e-04
-1.2800000000e+02   9.9244719423e-04
-1.2700000000e+02   -1.0083491862e-03
-1.2600000000e+02   1.0244298880e-03
-1.2500000000e+02   -1.0406897928e-03
-1.2400000000e+02   1.0571293635e-03
-1.2300000000e+02   -1.0737490318e-03
-1.2200000000e+02   1.0905491978e-03
-1.2100000000e+02   -1.1075302293e-03
-1.2000000000e+02   1.1246924613e-03
-1.1900000000e+02   -1.1420361951e-03
-1.1800000000e+02   1.1595616979e-03
-1.1700000000e+02   -1.1772692023e-03
-1.1600000000e+02   1.1951589053e-03
-1.1500000000e+02   -1.2132309680e-03
-1.1400000000e+02   1.2314855151e-03
-1.1300000000e+02   -1.2499226338e-03
-1.1200000000e+02   1.2685423735e-03
-1.1100000000e+02   -1.2873447453e-03
-1.1000000000e+02   1.3063297213e-03
-1.0900000000e+02   -1.3254972338e-03
-1.0800000000e+02   1.3448471748e-03
-1.0700000000e+02   -1.3643793957e-03
-1.0600000000e+02   1.3840937061e-03
-1.0500000000e+02   -1.4039898740e-03
-1.0400000000e+02   1.4240676242e-03
-1.0300000000e+02   -1.4443266389e-03
-1.0200000000e+02   1.4647665559e-03
-1.0100000000e+02   -1.4853869689e-03
-1.0000000000e+02   1.5061874266e-03
-9.9000000000e+01   -1.5271674322e-03
-9.8000000000e+01   1.5483264426e-03
-9.7000000000e+01   -1.5696638681e-03
-9.6000000000e+01   1.5911790719e-03
-9.5000000000e+01   -1.6128713692e-03
-9.4000000000e+01   1.6347400270e-03
-9.3000000000e+01   -1.6567842632e-03
-9.2000000000e+01   1.6790032465e-03
-9.1000000000e+01   -1.7013960956e-03
-9.0000000000e+01   1.7239618786e-03
-8.9000000000e+01   -1.7466996128e-03
-8.8000000000e+01   1.7696082637e-03
-8.7000000000e+01   -1.7926867452e-03
-8.6000000000e+01   1.8159339183e-03
-8.5000000000e+01   -1.8393485912e-03
-8.4000000000e+01   1.8629295188e-03
-8.3000000000e+01   -1.8866754017e-03
-8.2000000000e+01   1.9105848865e-03
-8.1000000000e+01   -1.9346565646e-03
-8.0000000000e+01   1.9588889724e-03
-7.9000000000e+01   -1.9832805906e-03
-7.8000000000e+01   2.0078298434e-03
-7.7000000000e+01   -2.0325350991e-03
-7.6000000000e+01   2.0573946684e-03
-7.5000000000e+01   -2.0824068053e-03
-7.4000000000e+01   2.1075697057e-03
-7.3000000000e+01   -2.1328815076e-03
-7.2000000000e+01   2.1583402907e-03
-7.1000000000e+01   -2.1839440759e-03
-7.0000000000e+01   2.2096908250e-03
-6.9000000000e+01   -2.2355784407e-03
-6.8000000000e+01   2.2616047659e-03
-6.7000000000e+01   -2.2877675836e-03
-6.6000000000e+01   2.3140646167e-03
-6.5000000000e+01   -2.3404935276e-03
-6.4000000000e+01   2.3670519184e-03
-6.3000000000e+01   -2.3937373299e-03
-6.2000000000e+01   2.4205472424e-03
-6.1000000000e+01   -2.4474790745e-03
-6.0000000000e+01   2.4745301839e-03
-5.9000000000e+01   -2.5016978665e-03
-5.8000000000e+01   2.5289793569e-03
-5.7000000000e+01   -2.5563718278e-03
-5.6000000000e+01   2.5838723902e-03
-5.5000000000e+01   -2.6114780935e-03
-5.4000000000e+01   2.6391859250e-03
-5.3000000000e+01   -2.6669928102e-03
-5.2000000000e+01   2.6948956130e-03
-5.1000000000e+01   -2.7228911353e-03
-5.0000000000e+01   2.7509761175e-03
-4.9000000000e+01   -2.7791472381e-03
-4.8000000000e+01   2.8074011143e-03
-4.7000000000e+01   -2.8357343018e-03
-4.6000000000e+01   2.8641432954e-03
-4.5000000000e+01   -2.8926245285e-03
-4.4000000000e+01   2.9211743739e-03
-4.3000000000e+01   -2.9497891440e-03
-4.2000000000e+01   2.9784650907e-03
-4.1000000000e+01   -3.0071984062e-03
-4.0000000000e+01   3.0359852229e-03
-3.9000000000e+01   -3.0648216140e-03
-3.8000000000e+01   3.0937035941e-03
-3.7000000000e+01   -3.1226271191e-03
-3.6000000000e+01   3.1515880871e-03
-3.5000000000e+01   -3.1805823389e-03
-3.4000000000e+01   3.2096056582e-03
-3.3000000000e+01   -3.2386537725e-03
-3.2000000000e+01   3.2677223534e-03
-3.1000000000e+01   -3.2968070175e-03
-3.0000000000e+01   3.3259033272e-03
-2.9000000000e+01   -3.3550067908e-03
-2.8000000000e+01   3.3841128640e-03
-2.7000000000e+01   -3.4132169499e-03
-2.6000000000e+01   3.4423144005e-03
-2.5000000000e+01   -3.4714005174e-03
-2.4000000000e+01   3.5004705523e-03
-2.3000000000e+01   -3.5295197083e-03
-2.2000000000e+01   3.5585431410e-03
-2.1000000000e+01   -3.5875359589e-03
-2.0000000000e+01   3.6164932253e-03
-1.9000000000e+01   -3.6454099587e-03
-1.8000000000e+01   3.6742811341e-03
-1.7000000000e+01   -3.7031016845e-03
-1.6000000000e+01   3.7318665018e-03
-1.5000000000e+01   -3.7605704380e-03
-1.4000000000e+01   3.7892083067e-03
-1.3000000000e+01   -3.8177748844e-03
-1.2000000000e+01   3.8462649118e-03
-1.1000000000e+01   -3.8746730954e-03
-1.0000000000e+01   3.9029941086e-03
-9.0000000000e+00   -3.9312225936e-03
-8.0000000000e+00   3.9593531627e-03
-7.0000000000e+00   -3.9873804001e-03
-6.0000000000e+00   4.0152988632e-03
-5.0000000000e+00   -4.0431030846e-03
-4.0000000000e+00   4.0707875737e-03
-3.0000000000e+00   -4.0983468181e-03
-2.0000000000e+00   4.1257752863e-03
-1.0000000000e+00   -4.1530674283e-03
0.0000000000e+00   -4.1530674283e-03
1.0000000000e+00   4.1257752863e-03
2.0000000000e+00   -4.0983468181e-03
3.0000000000e+00   4.0707875737e-03
4.0000000000e+00   -4.0431030846e-03
5.0000000000e+00   4.0152988632e-03
6.0000000000e+00   -3.9873804001e-03
7.0000000000e+00   3.9593531627e-03
8.0000000000e+00   -3.9312225936e-03
9.0000000000e+00   3.9029941086e-03
1.0000000000e+01   -3.8746730954e-03
1.1000000000e+01   3.8462649118e-03
1.2000000000e+01   -3.8177748844e-03
1.3000000000e+01   3.7892083067e-03
1.4000000000e+01   -3.7605704380e-03
1.5000000000e+01   3.7318665018e-03
1.6000000000e+01   -3.7031016845e-03
1.7000000000e+01   3.6742811341e-03
1.8000000000e+01   -3.6454099587e-03
1.9000000000e+01   3.6164932253e-03
2.0000000000e+01   -3.5875359589e-03
2.1000000000e+01   3.5585431410e-03
2.2000000000e+01   -3.5295197083e-03
2.3000000000e+01   3.5004705523e-03
2.4000000000e+01   -3.4714005174e-03
2.5000000000e+01   3.4423144005e-03
2.6000000000e+01   -3.4132169499e-03
2.7000000000e+01   3.3841128640e-03
2.8000000000e+01   -3.3550067908e-03
2.9000000000e+01   3.3259033272e-03
3.0000000000e+01   -3.2968070175e-03
3.1000000000e+01   3.2677223534e-03
3.2000000000e+01   -3.2386537725e-03
3.3000000000e+01   3.2096056582e-03
3.4000000000e+01   -3.1805823389e-03
3.5000000000e+01   3.1515880871e-03
3.6000000000e+01   -3.1226271191e-03
3.7000000000e+01   3.0937035941e-03
3.8000000000e+01   -3.0648216140e-03
3.9000000000e+01   3.0359852229e-03
4.0000000000e+01   -3.0071984062e-03
4.1000000000e+01   2.9784650907e-03
4.2000000000e+01   -2.9497891440e-03
4.3000000000e+01   2.9211743739e-03
4.4000000000e+01   -2.8926245285e-03
4.5000000000e+01   2.8641432954e-03
4.6000000000e+01   -2.8357343018e-03
4.7000000000e+01   2.8074011143e-03
4.8000000000e+01   -2.7791472381e-03
4.9000000000e+01   2.7509761175e-03
5.0000000000e+01   -2.7228911353e-03
5.1000000000e+01   2.6948956130e-03
5.2000000000e+01   -2.6669928102e-03
5.3000000000e+01   2.6391859250e-03
5.4000000000e+01   -2.6114780935e-03
5.5000000000e+01   2.5838723902e-03
5.6000000000e+01   -2.5563718278e-03
5.7000000000e+01   2.5289793569e-03
5.8000000000e+01   -2.5016978665e-03
5.9000000000e+01   2.4745301839e-03
6.0000000000e+01   -2.4474790745e-03
6.1000000000e+01   2.4205472424e-03
6.2000000000e+01   -2.3937373299e-03
6.3000000000e+01   2.3670519184e-03
6.4000000000e+01   -2.3404935276e-03
6.5000000000e+01   2.3140646167e-03
6.6000000000e+01   -2.2877675836e-03
6.7000000000e+01   2.2616047659e-03
6.8000000000e+01   -2.2355784407e-03
6.9000000000e+01   2.2096908250e-03
7.0000000000e+01   -2.1839440759e-03
7.1000000000e+01   2.1583402907e-03
7.2000000000e+01   -2.1328815076e-03
7.3000000000e+01   2.1075697057e-03
7.4000000000e+01   -2.0824068053e-03
7.5000000000e+01   2.0573946684e-03
7.6000000000e+01   -2.0325350991e-03
7.7000000000e+01   2.0078298434e-03
7.8000000000e+01   -1.9832805906e-03
7.9000000000e+01   1.9588889724e-03
8.0000000000e+01   -1.9346565646e-03
8.1000000000e+01   1.9105848865e-03
8.2000000000e+01   -1.8866754017e-03
8.3000000000e+01   1.8629295188e-03
8.4000000000e+01   -1.8393485912e-03
8.5000000000e+01   1.8159339183e-03
8.6000000000e+01   -1.7926867452e-03
8.7000000000e+01   1.7696082637e-03
8.8000000000e+01   -1.7466996128e-03
8.9000000000e+01   1.7239618786e-03
9.0000000000e+01   -1.7013960956e-03
9.1000000000e+01   1.6790032465e-03
9.2000000000e+01   -1.6567842632e-03
9.3000000000e+01   1.6347400270e-03
9.4000000000e+01   -1.6128713692e-03
9.5000000000e+01   1.5911790719e-03
9.6000000000e+01   -1.5696638681e-03
9.7000000000e+01   1.5483264426e-03
9.8000000000e+01   -1.5271674322e-03
9.9000000000e+01   1.5061874266e-03
1.0000000000e+02   -1.4853869689e-03
1.0100000000e+02   1.4647665559e-03
1.0200000000e+02   -1.4443266389e-03
1.0300000000e+02   1.4240676242e-03
1.0400000000e+02   -1.4039898740e-03
1.0500000000e+02   1.3840937061e-03
1.0600000000e+02   -1.3643793957e-03
1.0700000000e+02   1.3448471748e-03
1.0800000000e+02   -1.3254972338e-03
1.0900000000e+02   1.3063297213e-03
1.1000000000e+02   -1.2873447453e-03
1.1100000000e+02   1.2685423735e-03
1.1200000000e+02   -1.2499226338e-03
1.1300000000e+02   1.2314855151e-03
1.1400000000e+02   -1.2132309680e-03
1.1500000000e+02   1.1951589053e-03
1.1600000000e+02   -1.1772692023e-03
1.1700000000e+02   1.1595616979e-03
1.1800000000e+02   -1.1420361951e-03
1.1900000000e+02   1.1246924613e-03
1.2000000000e+02   -1.1075302293e-03
1.2100000000e+02   1.0905491978e-03
1.2200000000e+02   -1.0737490318e-03
1.2300000000e+02   1.0571293635e-03
1.2400000000e+02   -1.0406897928e-03
1.2500000000e+02   1.0244298880e-03
1.2600000000e+02   -1.0083491862e-03
1.2700000000e+02   9.9244719423e-04
1.2800000000e+02   -9.7672338891e-04
1.2900000000e+02   9.6117721798e-04
1.3000000000e+02   -9.4580810056e-04
1.3100000000e+02   9.3061542778e-04
1.3200000000e+02   -9.1559856340e-04
1.3300000000e+02   9.0075684442e-04
1.3400000000e+02   -8.8608958170e-04
1.3500000000e+02   8.7159606054e-04
1.3600000000e+02   -8.5727554132e-04
1.3700000000e+02   8.4312726006e-04
1.3800000000e+02   -8.2915042905e-04
1.3900000000e+02   8.1534423745e-04
1.4000000000e+02   -8.0170785188e-04
1.4100000000e+02   7.8824041700e-04
1.4200000000e+02   -7.7494105610e-04
1.4300000000e+02   7.6180887173e-04
1.4400000000e+02   -7.4884294620e-04
1.4500000000e+02   7.3604234227e-04
1.4600000000e+02   -7.2340610362e-04
1.4700000000e+02   7.1093325551e-04
1.4800000000e+02   -6.9862280528e-04
1.4900000000e+02   6.8647374297e-04
1.5000000000e+02   -6.7448504186e-04
1.5100000000e+02   6.6265565903e-04
1.5200000000e+02   -6.5098453592e-04
1.5300000000e+02   6.3947059886e-04
1.5400000000e+02   -6.2811275966e-04
1.5500000000e+02   6.1690991609e-04
1.5600000000e+02   -6.0586095248e-04
1.5700000000e+02   5.9496474020e-04
1.5800000000e+02   -5.8422013823e-04
1.5900000000e+02   5.7362599365e-04
1.6000000000e+02   -5.6318114219e-04
1.6100000000e+02   5.5288440869e-04
1.6200000000e+02   -5.4273460768e-04
1.6300000000e+02   5.3273054381e-04
1.6400000000e+02   -5.2287101241e-04
1.6500000000e+02   5.1315479993e-04
1.6600000000e+02   -5.0358068446e-04
1.6700000000e+02   4.9414743618e-04
1.6800000000e+02   -4.8485381789e-04
1.6900000000e+02   4.7569858540e-04
1.7000000000e+02   -4.6668048807e-04
1.7100000000e+02   4.5779826920e-04
1.7200000000e+02   -4.4905066654e-04
1.7300000000e+02   4.4043641269e-04
1.7400000000e+02   -4.3195423558e-04
1.7500000000e+02   4.2360285885e-04
1.7600000000e+02   -4.1538100233e-04
1.7700000000e+02   4.0728738243e-04
1.7800000000e+02   -3.9932071258e-04
1.7900000000e+02   3.9147970358e-04
1.8000000000e+02   -3.8376306408e-04
1.8100000000e+02   3.7616950092e-04
1.8200000000e+02   -3.6869771954e-04
1.8300000000e+02   3.6134642435e-04
1.8400000000e+02   -3.5411431911e-04
1.8500000000e+02   3.4700010733e-04
1.8600000000e+02   -3.4000249256e-04
1.8700000000e+02   3.3312017882e-04
1.8800000000e+02   -3.2635187092e-04
1.8900000000e+02   3.1969627478e-04
1.9000000000e+02   -3.1315209780e-04
1.9100000000e+02   3.0671804918e-04
1.9200000000e+02   -3.0039284023e-04
1.9300000000e+02   2.9417518469e-04
1.9400000000e+02   -2.8806379906e-04
1.9500000000e+02   2.8205740287e-04
1.9600000000e+02   -2.7615471898e-04
1.9700000000e+02   2.7035447391e-04
1.9800000000e+02   -2.6465539807e-04
1.9900000000e+02   2.5905622606e-04
2.0000000000e+02   -2.5355569693e-04
2.0100000000e+02   2.4815255447e-04
2.0200000000e+02   -2.4284554741e-04
2.0300000000e+02   2.3763342973e-04
2.0400000000e+02   -2.3251496087e-04
2.0500000000e+02   2.2748890594e-04
2.0600000000e+02   -2.2255403603e-04
2.0700000000e+02   2.1770912834e-04
2.0800000000e+02   -2.1295296645e-04
2.0900000000e+02   2.0828434053e-04
2.1000000000e+02   -2.0370204751e-04
2.1100000000e+02   1.9920489132e-04
2.1200000000e+02   -1.9479168304e-04
2.1300000000e+02   1.9046124111e-04
2.1400000000e+02   -1.8621239151e-04
2.1500000000e+02   1.8204396791e-04
2.1600000000e+02   -1.7795481184e-04
2.1700000000e+02   1.7394377289e-04
2.1800000000e+02   -1.7000970881e-04
2.1900000000e+02   1.6615148568e-04
2.2000000000e+02   -1.6236797806e-04
2.2100000000e+02   1.5865806911e-04
2.2200000000e+02   -1.5502065074e-04
2.2300000000e+02   1.5145462370e-04
2.2400000000e+02   -1.4795889774e-04
2.2500000000e+02   1.4453239170e-04
2.2600000000e+02   -1.4117403362e-04
2.2700000000e+02   1.3788276085e-04
2.2800000000e+02   -1.3465752013e-04
2.2900000000e+02   1.3149726770e-04
2.3000000000e+02   -1.2840096937e-04
2.3100000000e+02   1.2536760061e-04
2.3200000000e+02   -1.2239614664e-04
2.3300000000e+02   1.1948560247e-04
2.3400000000e+02   -1.1663497297e-04
2.3500000000e+02   1.1384327298e-04
2.3600000000e+02   -1.1110952730e-04
2.3700000000e+02   1.0843277076e-04
2.3800000000e+02   -1.0581204831e-04
2.3900000000e+02   1.0324641500e-04
2.4000000000e+02   -1.0073493606e-04
2.4100000000e+02   9.8276686904e-05
2.4200000000e+02   -9.5870753199e-05
2.4300000000e+02   9.3516230844e-05
2.4400000000e+02   -9.1212226020e-05
2.4500000000e+02   8.8957855194e-05
2.4600000000e+02   -8.6752245137e-05
2.4700000000e+02   8.4594532929e-05
2.4800000000e+02   -8.2483865965e-05
2.4900000000e+02   8.0419401957e-05
2.5000000000e+02   -7.8400308928e-05
2.5100000000e+02   7.6425765208e-05
2.5200000000e+02   -7.4494959424e-05
2.5300000000e+02   7.2607090486e-05
2.5400000000e+02   -7.0761367569e-05
2.5500000000e+02   6.8957010096e-05
2.5600000000e+02   -6.7193247712e-05
2.5700000000e+02   6.5469320259e-05
2.5800000000e+02   -6.3784477748e-05
2.5900000000e+02   6.2137980325e-05
2.6000000000e+02   -6.0529098234e-05
2.6100000000e+02   5.8957111786e-05
2.6200000000e+02   -5.7421311310e-05
2.6300000000e+02   5.5920997117e-05
2.6400000000e+02   -5.4455479450e-05
2.6500000000e+02   5.3024078438e-05
2.6600000000e+02   -5.1626124044e-05
2.6700000000e+02   5.0260956014e-05
2.6800000000e+02   -4.8927923820e-05
2.6900000000e+02   4.7626386607e-05
2.7000000000e+02   -4.6355713127e-05
2.7100000000e+02   4.5115281685e-05
2.7200000000e+02   -4.3904480072e-05
2.7300000000e+02   4.2722705500e-05
2.7400000000e+02   -4.1569364537e-05
2.7500000000e+02   4.0443873037e-05
2.7600000000e+02   -3.9345656072e-05
2.7700000000e+02   3.8274147860e-05
2.7800000000e+02   -3.7228791690e-05
2.7900000000e+02   3.6209039849e-05
2.8000000000e+02   -3.5214353547e-05
2.8100000000e+02   3.4244202838e-05
2.8200000000e+02   -3.3298066546e-05
2.8300000000e+02   3.2375432178e-05
2.8400000000e+02   -3.1475795852e-05
2.8500000000e+02   3.0598662208e-05
2.8600000000e+02   -2.9743544333e-05
2.8700000000e+02   2.8909963669e-05
2.8800000000e+02   -2.8097449937e-05
2.8900000000e+02   2.7305541046e-05
2.9000000000e+02   -2.6533783013e-05
2.9100000000e+02   2.5781729868e-05
2.9200000000e+02   -2.5048943576e-05
2.9300000000e+02   2.4334993945e-05
2.9400000000e+02   -2.3639458537e-05
2.9500000000e+02   2.2961922583e-05
2.9600000000e+02   -2.2301978890e-05
2.9700000000e+02   2.1659227754e-05
2.9800000000e+02   -2.1033276871e-05
2.9900000000e+02   2.0423741245e-05
3.0000000000e+02   -1.9830243099e-05
3.0100000000e+02   1.9252411785e-05
3.0200000000e+02   -1.8689883694e-05
3.0300000000e+02   1.8142302163e-05
3.0400000000e+02   -1.7609317388e-05
3.0500000000e+02   1.7090586330e-05
3.0600000000e+02   -1.6585772628e-05
3.0700000000e+02   1.6094546506e-05
3.0800000000e+02   -1.5616584682e-05
3.0900000000e+02   1.5151570283e-05
3.1000000000e+02   -1.4699192748e-05
3.1100000000e+02   1.4259147744e-05
3.1200000000e+02   -1.3831137073e-05
3.1300000000e+02   1.3414868583e-05
3.1400000000e+02   -1.3010056084e-05
3.1500000000e+02   1.2616419251e-05
3.1600000000e+02   -1.2233683544e-05
3.1700000000e+02   1.1861580115e-05
3.1800000000e+02   -1.1499845724e-05
3.1900000000e+02   1.1148222649e-05
3.2000000000e+02   -1.0806458603e-05
3.2100000000e+02   1.0474306645e-05
3.2200000000e+02   -1.0151525096e-05
3.2300000000e+02   9.8378774569e-06
3.2400000000e+02   -9.5331323198e-06
3.2500000000e+02   9.2370632865e-06
3.2600000000e+02   -8.9494488864e-06
3.2700000000e+02   8.6700724931e-06
3.2800000000e+02   -8.3987222428e-06
3.2900000000e+02   8.1351909533e-06
3.3000000000e+02   -7.8792760443e-06
3.3100000000e+02   7.6307794570e-06
3.3200000000e+02   -7.3895075761e-06
3.3300000000e+02   7.1552711505e-06
3.3400000000e+02   -6.9278852168e-06
3.3500000000e+02   6.7071690224e-06
3.3600000000e+02   -6.4929459498e-06
3.3700000000e+02   6.2850434406e-06
3.3800000000e+02   -6.0832929225e-06
3.3900000000e+02   5.8875297348e-06
3.4000000000e+02   -5.6975930562e-06
3.4100000000e+02   5.5133258328e-06
3.4200000000e+02   -5.3345747064e-06
3.4300000000e+02   5.1611899452e-06
3.4400000000e+02   -4.9930253740e-06
3.4500000000e+02   4.8299383062e-06
3.4600000000e+02   -4.6717894737e-06
3.4700000000e+02   4.5184429638e-06
3.4800000000e+02   -4.3697661496e-06
3.4900000000e+02   4.2256296275e-06
3.5000000000e+02   -4.0859071511e-06
3.5100000000e+02   3.9504755684e-06
3.5200000000e+02   -3.8192147598e-06
3.5300000000e+02   3.6920075752e-06
3.5400000000e+02   -3.5687397735e-06
3.5500000000e+02   3.4492999639e-06
3.5600000000e+02   -3.3335795444e-06
3.5700000000e+02   3.2214726453e-06
3.5800000000e+02   -3.1128760716e-06
3.5900000000e+02   3.0076892450e-06
3.6000000000e+02   -2.9058141504e-06
3.6100000000e+02   2.8071552791e-06
3.6200000000e+02   -2.7116195760e-06
3.6300000000e+02   2.6191163860e-06
3.6400000000e+02   -2.5295574011e-06
3.6500000000e+02   2.4428566108e-06
3.6600000000e+02   -2.3589302487e-06
3.6700000000e+02   2.2776967454e-06
3.6800000000e+02   -2.1990766776e-06
3.6900000000e+02   2.1229927207e-06
3.7000000000e+02   -2.0493696020e-06
3.7100000000e+02   1.9781340523e-06
3.7200000000e+02   -1.9092147630e-06
3.7300000000e+02   1.8425423383e-06
3.7400000000e+02   -1.7780492529e-06
3.7500000000e+02   1.7156698084e-06
3.7600000000e+02   -1.6553400897e-06
3.7700000000e+02   1.5969979246e-06
3.7800000000e+02   -1.5405828417e-06
3.7900000000e+02   1.4860360309e-06
3.8000000000e+02   -1.4333003029e-06
3.8100000000e+02   1.3823200513e-06
3.8200000000e+02   -1.3330412145e-06
3.8300000000e+02   1.2854112379e-06
3.8400000000e+02   -1.2393790374e-06
3.8500000000e+02   1.1948949636e-06
3.8600000000e+02   -1.1519107672e-06
3.8700000000e+02   1.1103795630e-06
3.8800000000e+02   -1.0702557980e-06
3.8900000000e+02   1.0314952166e-06
3.9000000000e+02   -9.9405482934e-07
3.9100000000e+02   9.5789288013e-07
3.9200000000e+02   -9.2296881582e-07
3.9300000000e+02   8.8924325570e-07
3.9400000000e+02   -8.5667796079e-07
3.9500000000e+02   8.2523580591e-07
3.9600000000e+02   -7.9488074944e-07
3.9700000000e+02   7.6557780737e-07
3.9800000000e+02   -7.3729302352e-07
3.9900000000e+02   7.0999344470e-07
4.0000000000e+02   -6.8364709338e-07
4.0100000000e+02   6.5822294260e-07
4.0200000000e+02   -6.3369088998e-07
4.0300000000e+02   6.1002173424e-07
4.0400000000e+02   -5.8718715090e-07
4.0500000000e+02   5.6515966840e-07
4.0600000000e+02   -5.4391264515e-07
4.0700000000e+02   5.2342024781e-07
4.0800000000e+02   -5.0365742887e-07
4.0900000000e+02   4.8459990531e-07
4.1000000000e+02   -4.6622413774e-07
4.1100000000e+02   4.4850731018e-07
4.1200000000e+02   -4.3142730966e-07
4.1300000000e+02   4.1496270686e-07
4.1400000000e+02   -3.9909273775e-07
4.1500000000e+02   3.8379728462e-07
4.1600000000e+02   -3.6905685730e-07
4.1700000000e+02   3.5485257666e-07
4.1800000000e+02   -3.4116615599e-07
4.1900000000e+02   3.2797988658e-07
4.2000000000e+02   -3.1527661792e-07
4.2100000000e+02   3.0303974463e-07
4.2200000000e+02   -2.9125318957e-07
4.2300000000e+02   2.7990138851e-07
4.2400000000e+02   -2.6896927574e-07
4.2500000000e+02   2.5844226914e-07
4.2600000000e+02   -2.4830625689e-07
4.2700000000e+02   2.3854758280e-07
4.2800000000e+02   -2.2915303299e-07
4.2900000000e+02   2.2010982437e-07
4.3000000000e+02   -2.1140558926e-07
4.3100000000e+02   2.0302836568e-07
4.3200000000e+02   -1.9496658354e-07
4.3300000000e+02   1.8720905315e-07
4.3400000000e+02   -1.7974495514e-07
4.3500000000e+02   1.7256382723e-07
4.3600000000e+02   -1.6565555550e-07
4.3700000000e+02   1.5901036154e-07
4.3800000000e+02   -1.5261879449e-07
4.3900000000e+02   1.4647172009e-07
4.4000000000e+02   -1.4056031028e-07
4.4100000000e+02   1.3487603479e-07
4.4200000000e+02   -1.2941065131e-07
4.4300000000e+02   1.2415619732e-07
4.4400000000e+02   -1.1910498010e-07
4.4500000000e+02   1.1424957047e-07
4.4600000000e+02   -1.0958279151e-07
4.4700000000e+02   1.0509771298e-07
4.4800000000e+02   -1.0078764356e-07
4.4900000000e+02   9.6646121106e-08
4.5000000000e+02   -9.2666907925e-08
4.5100000000e+02   8.8843982393e-08
4.5200000000e+02   -8.5171532049e-08
4.5300000000e+02   8.1643946936e-08
4.5400000000e+02   -7.8255813163e-08
4.5500000000e+02   7.5001907129e-08
4.5600000000e+02   -7.1877187979e-08
4.5700000000e+02   6.8876793158e-08
4.5800000000e+02   -6.5996031529e-08
4.5900000000e+02   6.3230378711e-08
4.6000000000e+02   -6.0575470640e-08
4.6100000000e+02   5.8027098904e-08
4.6200000000e+02   -5.5581204972e-08
4.6300000000e+02   5.3233876862e-08
4.6400000000e+02   -5.0981341815e-08
4.6500000000e+02   4.8819963627e-08
4.6600000000e+02   -4.6746237325e-08
4.6700000000e+02   4.4756784945e-08
4.6800000000e+02   -4.2848350867e-08
4.6900000000e+02   4.1017797825e-08
4.7000000000e+02   -3.9262103346e-08
4.7100000000e+02   3.7578355760e-08
4.7200000000e+02   -3.5963749756e-08
4.7300000000e+02   3.4415583272e-08
4.7400000000e+02   -3.2931254168e-08
4.7500000000e+02   3.1508256226e-08
4.7600000000e+02   -3.0144176266e-08
4.7700000000e+02   2.8836691035e-08
4.7800000000e+02   -2.7583562767e-08
4.7900000000e+02   2.6382638740e-08
4.8000000000e+02   -2.5231846168e-08
4.8100000000e+02   2.4129189979e-08
4.8200000000e+02   -2.3072749933e-08
4.8300000000e+02   2.2060679061e-08
4.8400000000e+02   -2.1091199676e-08
4.8500000000e+02   2.0162601366e-08
4.8600000000e+02   -1.9273239449e-08
4.8700000000e+02   1.8421531189e-08
4.8800000000e+02   -1.7605954694e-08
4.8900000000e+02   1.6825046689e-08
4.9000000000e+02   -1.6077398746e-08
4.9100000000e+02   1.5361658390e-08
4.9200000000e+02   -1.4676523996e-08
4.9300000000e+02   1.4020745676e-08
4.9400000000e+02   -1.3393120391e-08
4.9500000000e+02   1.2792492399e-08
4.9600000000e+02   -1.2217751477e-08
4.9700000000e+02   1.1667831146e-08
4.9800000000e+02   -1.1141705336e-08
4.9900000000e+02   1.0638388837e-08
5.0000000000e+02   -1.0156935737e-08
5.0100000000e+02   9.6964365426e-09
5.0200000000e+02   -9.2560186182e-09
5.0300000000e+02   8.8348430793e-09
5.0400000000e+02   -8.4321050142e-09
5.0500000000e+02   8.0470308195e-09
5.0600000000e+02   -7.6788786441e-09
5.0700000000e+02   7.3269355028e-09
5.0800000000e+02   -6.9905172762e-09
5.0900000000e+02   6.6689680445e-09
5.1000000000e+02   -6.3616572010e-09
5.1100000000e+02   6.0679796743e-09
5.1200000000e+02   -5.7873563719e-09
5.1300000000e+02   5.5192292958e-09
5.1400000000e+02   -5.2630655389e-09
5.1500000000e+02   5.0183521783e-09
5.1600000000e+02   -4.7845978290e-09
5.1700000000e+02   4.5613315347e-09
5.1800000000e+02   -4.3481012124e-09
5.1900000000e+02   4.1444734311e-09
5.2000000000e+02   -3.9500329674e-09
5.2100000000e+02   3.7643812512e-09
5.2200000000e+02   -3.5871365878e-09
5.2300000000e+02   3.4179328257e-09
5.2400000000e+02   -3.2564193564e-09
5.2500000000e+02   3.1022600044e-09
5.2600000000e+02   -2.9551328051e-09
5.2700000000e+02   2.8147288944e-09
5.2800000000e+02   -2.6807525089e-09
5.2900000000e+02   2.5529205416e-09
5.3000000000e+02   -2.4309620983e-09
5.3100000000e+02   2.3146169426e-09
5.3200000000e+02   -2.2036357183e-09
5.3300000000e+02   2.0977810600e-09
5.3400000000e+02   -1.9968240395e-09
5.3500000000e+02   1.9005470531e-09
5.3600000000e+02   -1.8087404907e-09
5.3700000000e+02   1.7212038461e-09
5.3800000000e+02   -1.6377459389e-09
5.3900000000e+02   1.5581835822e-09
5.4000000000e+02   -1.4823406946e-09
5.4100000000e+02   1.4100498547e-09
5.4200000000e+02   -1.3411509681e-09
5.4300000000e+02   1.2754892698e-09
5.4400000000e+02   -1.2129182103e-09
5.4500000000e+02   1.1532976796e-09
5.4600000000e+02   -1.0964924524e-09
5.4700000000e+02   1.0423746311e-09
5.4800000000e+02   -9.9082075877e-10
5.4900000000e+02   9.4171359599e-10
5.5000000000e+02   -8.9494078814e-10
5.5100000000e+02   8.5039464359e-10
5.5200000000e+02   -8.0797279978e-10
5.5300000000e+02   7.6757666889e-10
5.5400000000e+02   -7.2911299220e-10
5.5500000000e+02   6.9249206369e-10
5.5600000000e+02   -6.5762773005e-10
5.5700000000e+02   6.2443894500e-10
5.5800000000e+02   -5.9284688270e-10
5.5900000000e+02   5.6277760230e-10
5.6000000000e+02   -5.3415938339e-10
5.6100000000e+02   5.0692405829e-10
5.6200000000e+02   -4.8100678995e-10
5.6300000000e+02   4.5634562795e-10
5.6400000000e+02   -4.3288106433e-10
5.6500000000e+02   4.1055692179e-10
5.6600000000e+02   -3.8931879942e-10
5.6700000000e+02   3.6911496082e-10
5.6800000000e+02   -3.4989722231e-10
5.6900000000e+02   3.3161762225e-10
5.7000000000e+02   -3.1423152969e-10
5.7100000000e+02   2.9769675614e-10
