X    Y
-7.6200000000e+02   2.2737767225e-10
-7.6100000000e+02   -2.3678836669e-10
-7.6000000000e+02   2.4655988362e-10
-7.5900000000e+02   -2.5670598980e-10
-7.5800000000e+02   2.6724067403e-10
-7.5700000000e+02   -2.7817770309e-10
-7.5600000000e+02   2.8953284215e-10
-7.5500000000e+02   -3.0132141227e-10
-7.5400000000e+02   3.1355917862e-10
-7.5300000000e+02   -3.2626346069e-10
-7.5200000000e+02   3.3945135591e-10
-7.5100000000e+02   -3.5314040581e-10
-7.5000000000e+02   3.6734948416e-10
-7.4900000000e+02   -3.8209724273e-10
-7.4800000000e+02   3.9740410962e-10
-7.4700000000e+02   -4.1329051292e-10
-7.4600000000e+02   4.2977776893e-10
-7.4500000000e+02   -4.4688741596e-10
-7.4400000000e+02   4.6464276870e-10
-7.4300000000e+02   -4.8306736389e-10
-7.4200000000e+02   5.0218540437e-10
-7.4100000000e+02   -5.2202242529e-10
-7.4000000000e+02   5.4260462790e-10
-7.3900000000e+02   -5.6395843551e-10
-7.3800000000e+02   5.8611271392e-10
-7.3700000000e+02   -6.0909588484e-10
-7.3600000000e+02   6.3293836838e-10
-7.3500000000e+02   -6.5767080670e-10
-7.3400000000e+02   6.8332539627e-10
-7.3300000000e+02   -7.0993544377e-10
-7.3200000000e+02   7.3753514407e-10
-7.3100000000e+02   -7.6616046840e-10
-7.3000000000e+02   7.9584761004e-10
-7.2900000000e+02   -8.2663453860e-10
-7.2800000000e+02   8.5856122212e-10
-7.2700000000e+02   -8.9166785067e-10
-7.2600000000e+02   9.2599639068e-10
-7.2500000000e+02   -9.6159058494e-10
-7.2400000000e+02   9.9849506441e-10
-7.2300000000e+02   -1.0367569026e-09
-7.2200000000e+02   1.0764236169e-09
-7.2100000000e+02   -1.1175449455e-09
-7.2000000000e+02   1.1601724026e-09
-7.1900000000e+02   -1.2043588349e-09
-7.1800000000e+02   1.2501593094e-09
-7.1700000000e+02   -1.2976306696e-09
-7.1600000000e+02   1.3468313131e-09
-7.1500000000e+02   -1.3978218583e-09
-7.1400000000e+02   1.4506649215e-09
-7.1300000000e+02   -1.5054253399e-09
-7.1200000000e+02   1.5621695049e-09
-7.1100000000e+02   -1.6209671383e-09
-7.1000000000e+02   1.6818892945e-09
-7.0900000000e+02   -1.7450094703e-09
-7.0800000000e+02   1.8104044930e-09
-7.0700000000e+02   -1.8781523003e-09
-7.0600000000e+02   1.9483343827e-09
-7.0500000000e+02   -2.0210351170e-09
-7.0400000000e+02   2.0963408787e-09
-7.0300000000e+02   -2.1743413736e-09
-7.0200000000e+02   2.2551289725e-09
-7.0100000000e+02   -2.3387993764e-09
-7.0000000000e+02   2.4254511732e-09
-6.9900000000e+02   -2.5151862815e-09
-6.9800000000e+02   2.6081095061e-09
-6.9700000000e+02   -2.7043298712e-09
-6.9600000000e+02   2.8039592870e-09
-6.9500000000e+02   -2.9071136609e-09
-6.9400000000e+02   3.0139122309e-09
-6.9300000000e+02   -3.1244786758e-09
-6.9200000000e+02   3.2389397830e-09
-6.9100000000e+02   -3.3574274472e-09
-6.9000000000e+02   3.4800768933e-09
-6.8900000000e+02   -3.6070284537e-09
-6.8800000000e+02   3.7384262352e-09
-6.8700000000e+02   -3.8744194519e-09
-6.8600000000e+02   4.0151619807e-09
-6.8500000000e+02   -4.1608121393e-09
-6.8400000000e+02   4.3115337967e-09
-6.8300000000e+02   -4.4674961508e-09
-6.8200000000e+02   4.6288730626e-09
-6.8100000000e+02   -4.7958443883e-09
-6.8000000000e+02   4.9685955350e-09
-6.7900000000e+02   -5.1473176832e-09
-6.7800000000e+02   5.3322082305e-09
-6.7700000000e+02   -5.5234705698e-09
-6.7600000000e+02   5.7213145332e-09
-6.7500000000e+02   -5.9259561702e-09
-6.7400000000e+02   6.1376188576e-09
-6.7300000000e+02   -6.3565321895e-09
-6.7200000000e+02   6.5829341978e-09
-6.7100000000e+02   -6.8170686873e-09
-6.7000000000e+02   7.0591881229e-09
-6.6900000000e+02   -7.3095518527e-09
-6.6800000000e+02   7.5684285505e-09
-6.6700000000e+02   -7.8360937739e-09
-6.6600000000e+02   8.1128321838e-09
-6.6500000000e+02   -8.3989375455e-09
-6.6400000000e+02   8.6947118394e-09
-6.6300000000e+02   -9.0004668163e-09
-6.6200000000e+02   9.3165235526e-09
-6.6100000000e+02   -9.6432126728e-09
-6.6000000000e+02   9.9808754594e-09
-6.5900000000e+02   -1.0329862521e-08
-6.5800000000e+02   1.0690536456e-08
-6.5700000000e+02   -1.1063269634e-08
-6.5600000000e+02   1.1448446191e-08
-6.5500000000e+02   -1.1846461812e-08
-6.5400000000e+02   1.2257723947e-08
-6.5300000000e+02   -1.2682652262e-08
-6.5200000000e+02   1.3121678633e-08
-6.5100000000e+02   -1.3575248925e-08
-6.5000000000e+02   1.4043821439e-08
-6.4900000000e+02   -1.4527868020e-08
-6.4800000000e+02   1.5027874722e-08
-6.4700000000e+02   -1.5544342258e-08
-6.4600000000e+02   1.6077785991e-08
-6.4500000000e+02   -1.6628736388e-08
-6.4400000000e+02   1.7197739455e-08
-6.4300000000e+02   -1.7785357853e-08
-6.4200000000e+02   1.8392169787e-08
-6.4100000000e+02   -1.9018771447e-08
-6.4000000000e+02   1.9665775230e-08
-6.3900000000e+02   -2.0333813078e-08
-6.3800000000e+02   2.1023534025e-08
-6.3700000000e+02   -2.1735606426e-08
-6.3600000000e+02   2.2470717509e-08
-6.3500000000e+02   -2.3229575152e-08
-6.3400000000e+02   2.4012907440e-08
-6.3300000000e+02   -2.4821463329e-08
-6.3200000000e+02   2.5656013536e-08
-6.3100000000e+02   -2.6517350316e-08
-6.3000000000e+02   2.7406289682e-08
-6.2900000000e+02   -2.8323670076e-08
-6.2800000000e+02   2.9270354140e-08
-6.2700000000e+02   -3.0247229610e-08
-6.2600000000e+02   3.1255208421e-08
-6.2500000000e+02   -3.2295229602e-08
-6.2400000000e+02   3.3368257490e-08
-6.2300000000e+02   -3.4475285071e-08
-6.2200000000e+02   3.5617332417e-08
-6.2100000000e+02   -3.6795448244e-08
-6.2000000000e+02   3.8010711689e-08
-6.1900000000e+02   -3.9264230756e-08
-6.1800000000e+02   4.0557145642e-08
-6.1700000000e+02   -4.1890627633e-08
-6.1600000000e+02   4.3265881100e-08
-6.1500000000e+02   -4.4684143718e-08
-6.1400000000e+02   4.6146687582e-08
-6.1300000000e+02   -4.7654819868e-08
-6.1200000000e+02   4.9209884168e-08
-6.1100000000e+02   -5.0813260488e-08
-6.1000000000e+02   5.2466367917e-08
-6.0900000000e+02   -5.4170663066e-08
-6.0800000000e+02   5.5927643627e-08
-6.0700000000e+02   -5.7738847925e-08
-6.0600000000e+02   5.9605856029e-08
-6.0500000000e+02   -6.1530291529e-08
-6.0400000000e+02   6.3513821313e-08
-6.0300000000e+02   -6.5558158235e-08
-6.0200000000e+02   6.7665061110e-08
-6.0100000000e+02   -6.9836336269e-08
-6.0000000000e+02   7.2073838897e-08
-5.9900000000e+02   -7.4379473691e-08
-5.9800000000e+02   7.6755197087e-08
-5.9700000000e+02   -7.9203017034e-08
-5.9600000000e+02   8.1724995660e-08
-5.9500000000e+02   -8.4323249938e-08
-5.9400000000e+02   8.6999953020e-08
-5.9300000000e+02   -8.9757336008e-08
-5.9200000000e+02   9.2597688850e-08
-5.9100000000e+02   -9.5523361887e-08
-5.9000000000e+02   9.8536767634e-08
-5.8900000000e+02   -1.0164038189e-07
-5.8800000000e+02   1.0483674551e-07
-5.8700000000e+02   -1.0812846596e-07
-5.8600000000e+02   1.1151821844e-07
-5.8500000000e+02   -1.1500874875e-07
-5.8400000000e+02   1.1860287308e-07
-5.8300000000e+02   -1.2230348112e-07
-5.8200000000e+02   1.2611353739e-07
-5.8100000000e+02   -1.3003608323e-07
-5.8000000000e+02   1.3407423816e-07
-5.7900000000e+02   -1.3823120182e-07
-5.7800000000e+02   1.4251025604e-07
-5.7700000000e+02   -1.4691476680e-07
-5.7600000000e+02   1.5144818555e-07
-5.7500000000e+02   -1.5611405257e-07
-5.7400000000e+02   1.6091599742e-07
-5.7300000000e+02   -1.6585774176e-07
-5.7200000000e+02   1.7094310190e-07
-5.7100000000e+02   -1.7617599002e-07
-5.7000000000e+02   1.8156041737e-07
-5.6900000000e+02   -1.8710049532e-07
-5.6800000000e+02   1.9280043873e-07
-5.6700000000e+02   -1.9866456791e-07
-5.6600000000e+02   2.0469731110e-07
-5.6500000000e+02   -2.1090320623e-07
-5.6400000000e+02   2.1728690447e-07
-5.6300000000e+02   -2.2385317222e-07
-5.6200000000e+02   2.3060689314e-07
-5.6100000000e+02   -2.3755307232e-07
-5.6000000000e+02   2.4469683657e-07
-5.5900000000e+02   -2.5204343990e-07
-5.5800000000e+02   2.5959826422e-07
-5.5700000000e+02   -2.6736682290e-07
-5.5600000000e+02   2.7535476432e-07
-5.5500000000e+02   -2.8356787274e-07
-5.5400000000e+02   2.9201207385e-07
-5.5300000000e+02   -3.0069343682e-07
-5.5200000000e+02   3.0961817621e-07
-5.5100000000e+02   -3.1879265716e-07
-5.5000000000e+02   3.2822339691e-07
-5.4900000000e+02   -3.3791706899e-07
-5.4800000000e+02   3.4788050662e-07
-5.4700000000e+02   -3.5812070531e-07
-5.4600000000e+02   3.6864482778e-07
-5.4500000000e+02   -3.7946020548e-07
-5.4400000000e+02   3.9057434420e-07
-5.4300000000e+02   -4.0199492601e-07
-5.4200000000e+02   4.1372981463e-07
-5.4100000000e+02   -4.2578705761e-07
-5.4000000000e+02   4.3817489126e-07
-5.3900000000e+02   -4.5090174439e-07
-5.3800000000e+02   4.6397624187e-07
-5.3700000000e+02   -4.7740720910e-07
-5.3600000000e+02   4.9120367573e-07
-5.3500000000e+02   -5.0537488083e-07
-5.3400000000e+02   5.1993027572e-07
-5.3300000000e+02   -5.3487952933e-07
-5.3200000000e+02   5.5023253243e-07
-5.3100000000e+02   -5.6599940201e-07
-5.3000000000e+02   5.8219048604e-07
-5.2900000000e+02   -5.9881636760e-07
-5.2800000000e+02   6.1588787026e-07
-5.2700000000e+02   -6.3341606227e-07
-5.2600000000e+02   6.5141226213e-07
-5.2500000000e+02   -6.6988804281e-07
-5.2400000000e+02   6.8885523730e-07
-5.2300000000e+02   -7.0832594412e-07
-5.2200000000e+02   7.2831253117e-07
-5.2100000000e+02   -7.4882764167e-07
-5.2000000000e+02   7.6988420084e-07
-5.1900000000e+02   -7.9149541898e-07
-5.1800000000e+02   8.1367479932e-07
-5.1700000000e+02   -8.3643614168e-07
-5.1600000000e+02   8.5979354969e-07
-5.1500000000e+02   -8.8376143559e-07
-5.1400000000e+02   9.0835452693e-07
-5.1300000000e+02   -9.3358787168e-07
-5.1200000000e+02   9.5947684531e-07
-5.1100000000e+02   -9.8603715593e-07
-5.1000000000e+02   1.0132848516e-06
-5.0900000000e+02   -1.0412363254e-06
-5.0800000000e+02   1.0699083235e-06
-5.0700000000e+02   -1.0993179502e-06
-5.0600000000e+02   1.1294826756e-06
-5.0500000000e+02   -1.1604203414e-06
-5.0400000000e+02   1.1921491689e-06
-5.0300000000e+02   -1.2246877652e-06
-5.0200000000e+02   1.2580551301e-06
-5.0100000000e+02   -1.2922706636e-06
-5.0000000000e+02   1.3273541728e-06
-4.9900000000e+02   -1.3633258802e-06
-4.9800000000e+02   1.4002064295e-06
-4.9700000000e+02   -1.4380168947e-06
-4.9600000000e+02   1.4767787868e-06
-4.9500000000e+02   -1.5165140621e-06
-4.9400000000e+02   1.5572451295e-06
-4.9300000000e+02   -1.5989948585e-06
-4.9200000000e+02   1.6417865885e-06
-4.9100000000e+02   -1.6856441352e-06
-4.9000000000e+02   1.7305917999e-06
-4.8900000000e+02   -1.7766543776e-06
-4.8800000000e+02   1.8238571657e-06
-4.8700000000e+02   -1.8722259729e-06
-4.8600000000e+02   1.9217871265e-06
-4.8500000000e+02   -1.9725674831e-06
-4.8400000000e+02   2.0245944363e-06
-4.8300000000e+02   -2.0778959262e-06
-4.8200000000e+02   2.1325004487e-06
-4.8100000000e+02   -2.1884370640e-06
-4.8000000000e+02   2.2457354072e-06
-4.7900000000e+02   -2.3044256967e-06
-4.7800000000e+02   2.3645387444e-06
-4.7700000000e+02   -2.4261059655e-06
-4.7600000000e+02   2.4891593875e-06
-4.7500000000e+02   -2.5537316617e-06
-4.7400000000e+02   2.6198560714e-06
-4.7300000000e+02   -2.6875665440e-06
-4.7200000000e+02   2.7568976595e-06
-4.7100000000e+02   -2.8278846620e-06
-4.7000000000e+02   2.9005634699e-06
-4.6900000000e+02   -2.9749706871e-06
-4.6800000000e+02   3.0511436129e-06
-4.6700000000e+02   -3.1291202529e-06
-4.6600000000e+02   3.2089393311e-06
-4.6500000000e+02   -3.2906402994e-06
-4.6400000000e+02   3.3742633505e-06
-4.6300000000e+02   -3.4598494272e-06
-4.6200000000e+02   3.5474402365e-06
-4.6100000000e+02   -3.6370782588e-06
-4.6000000000e+02   3.7288067607e-06
-4.5900000000e+02   -3.8226698063e-06
-4.5800000000e+02   3.9187122696e-06
-4.5700000000e+02   -4.0169798463e-06
-4.5600000000e+02   4.1175190659e-06
-4.5500000000e+02   -4.2203773039e-06
-4.5400000000e+02   4.3256027942e-06
-4.5300000000e+02   -4.4332446418e-06
-4.5200000000e+02   4.5433528348e-06
-4.5100000000e+02   -4.6559782576e-06
-4.5000000000e+02   4.7711727038e-06
-4.4900000000e+02   -4.8889888882e-06
-4.4800000000e+02   5.0094804611e-06
-4.4700000000e+02   -5.1327020205e-06
-4.4600000000e+02   5.2587091262e-06
-4.4500000000e+02   -5.3875583108e-06
-4.4400000000e+02   5.5193070969e-06
-4.4300000000e+02   -5.6540140079e-06
-4.4200000000e+02   5.7917385821e-06
-4.4100000000e+02   -5.9325413866e-06
-4.4000000000e+02   6.0764840319e-06
-4.3900000000e+02   -6.2236291847e-06
-4.3800000000e+02   6.3740405825e-06
-4.3700000000e+02   -6.5277830479e-06
-4.3600000000e+02   6.6849225022e-06
-4.3500000000e+02   -6.8455259807e-06
-4.3400000000e+02   7.0096616462e-06
-4.3300000000e+02   -7.1773988037e-06
-4.3200000000e+02   7.3488079153e-06
-4.3100000000e+02   -7.5239606152e-06
-4.3000000000e+02   7.7029297230e-06
-4.2900000000e+02   -7.8857892603e-06
-4.2800000000e+02   8.0726144647e-06
-4.2700000000e+02   -8.2634818048e-06
-4.2600000000e+02   8.4584689957e-06
-4.2500000000e+02   -8.6576550138e-06
-4.2400000000e+02   8.8611201121e-06
-4.2300000000e+02   -9.0689458356e-06
-4.2200000000e+02   9.2812150370e-06
-4.2100000000e+02   -9.4980118908e-06
-4.2000000000e+02   9.7194219104e-06
-4.1900000000e+02   -9.9455319633e-06
-4.1800000000e+02   1.0176430286e-05
-4.1700000000e+02   -1.0412206500e-05
-4.1600000000e+02   1.0652951627e-05
-4.1500000000e+02   -1.0898758108e-05
-4.1400000000e+02   1.1149719812e-05
-4.1300000000e+02   -1.1405932061e-05
-4.1200000000e+02   1.1667491637e-05
-4.1100000000e+02   -1.1934496805e-05
-4.1000000000e+02   1.2207047324e-05
-4.0900000000e+02   -1.2485244468e-05
-4.0800000000e+02   1.2769191035e-05
-4.0700000000e+02   -1.3058991371e-05
-4.0600000000e+02   1.3354751379e-05
-4.0500000000e+02   -1.3656578541e-05
-4.0400000000e+02   1.3964581930e-05
-4.0300000000e+02   -1.4278872227e-05
-4.0200000000e+02   1.4599561740e-05
-4.0100000000e+02   -1.4926764414e-05
-4.0000000000e+02   1.5260595855e-05
-3.9900000000e+02   -1.5601173338e-05
-3.9800000000e+02   1.5948615830e-05
-3.9700000000e+02   -1.6303044002e-05
-3.9600000000e+02   1.6664580246e-05
-3.9500000000e+02   -1.7033348691e-05
-3.9400000000e+02   1.7409475220e-05
-3.9300000000e+02   -1.7793087486e-05
-3.9200000000e+02   1.8184314923e-05
-3.9100000000e+02   -1.8583288772e-05
-3.9000000000e+02   1.8990142085e-05
-3.8900000000e+02   -1.9405009751e-05
-3.8800000000e+02   1.9828028505e-05
-3.8700000000e+02   -2.0259336946e-05
-3.8600000000e+02   2.0699075553e-05
-3.8500000000e+02   -2.1147386701e-05
-3.8400000000e+02   2.1604414675e-05
-3.8300000000e+02   -2.2070305684e-05
-3.8200000000e+02   2.2545207880e-05
-3.8100000000e+02   -2.3029271373e-05
-3.8000000000e+02   2.3522648240e-05
-3.7900000000e+02   -2.4025492547e-05
-3.7800000000e+02   2.4537960362e-05
-3.7700000000e+02   -2.5060209767e-05
-3.7600000000e+02   2.5592400875e-05
-3.7500000000e+02   -2.6134695844e-05
-3.7400000000e+02   2.6687258891e-05
-3.7300000000e+02   -2.7250256308e-05
-3.7200000000e+02   2.7823856473e-05
-3.7100000000e+02   -2.8408229866e-05
-3.7000000000e+02   2.9003549080e-05
-3.6900000000e+02   -2.9609988840e-05
-3.6800000000e+02   3.0227726011e-05
-3.6700000000e+02   -3.0856939613e-05
-3.6600000000e+02   3.1497810836e-05
-3.6500000000e+02   -3.2150523048e-05
-3.6400000000e+02   3.2815261813e-05
-3.6300000000e+02   -3.3492214901e-05
-3.6200000000e+02   3.4181572298e-05
-3.6100000000e+02   -3.4883526222e-05
-3.6000000000e+02   3.5598271131e-05
-3.5900000000e+02   -3.6326003738e-05
-3.5800000000e+02   3.7066923021e-05
-3.5700000000e+02   -3.7821230229e-05
-3.5600000000e+02   3.8589128903e-05
-3.5500000000e+02   -3.9370824877e-05
-3.5400000000e+02   4.0166526291e-05
-3.5300000000e+02   -4.0976443605e-05
-3.5200000000e+02   4.1800789602e-05
-3.5100000000e+02   -4.2639779403e-05
-3.5000000000e+02   4.3493630470e-05
-3.4900000000e+02   -4.4362562622e-05
-3.4800000000e+02   4.5246798036e-05
-3.4700000000e+02   -4.6146561262e-05
-3.4600000000e+02   4.7062079223e-05
-3.4500000000e+02   -4.7993581231e-05
-3.4400000000e+02   4.8941298985e-05
-3.4300000000e+02   -4.9905466584e-05
-3.4200000000e+02   5.0886320533e-05
-3.4100000000e+02   -5.1884099744e-05
-3.4000000000e+02   5.2899045547e-05
-3.3900000000e+02   -5.3931401690e-05
-3.3800000000e+02   5.4981414349e-05
-3.3700000000e+02   -5.6049332128e-05
-3.3600000000e+02   5.7135406066e-05
-3.3500000000e+02   -5.8239889637e-05
-3.3400000000e+02   5.9363038756e-05
-3.3300000000e+02   -6.0505111779e-05
-3.3200000000e+02   6.1666369507e-05
-3.3100000000e+02   -6.2847075189e-05
-3.3000000000e+02   6.4047494519e-05
-3.2900000000e+02   -6.5267895638e-05
-3.2800000000e+02   6.6508549138e-05
-3.2700000000e+02   -6.7769728057e-05
-3.2600000000e+02   6.9051707879e-05
-3.2500000000e+02   -7.0354766535e-05
-3.2400000000e+02   7.1679184400e-05
-3.2300000000e+02   -7.3025244289e-05
-3.2200000000e+02   7.4393231456e-05
-3.2100000000e+02   -7.5783433590e-05
-3.2000000000e+02   7.7196140811e-05
-3.1900000000e+02   -7.8631645666e-05
-3.1800000000e+02   8.0090243122e-05
-3.1700000000e+02   -8.1572230563e-05
-3.1600000000e+02   8.3077907781e-05
-3.1500000000e+02   -8.4607576970e-05
-3.1400000000e+02   8.6161542721e-05
-3.1300000000e+02   -8.7740112010e-05
-3.1200000000e+02   8.9343594192e-05
-3.1100000000e+02   -9.0972300988e-05
-3.1000000000e+02   9.2626546482e-05
-3.0900000000e+02   -9.4306647103e-05
-3.0800000000e+02   9.6012921618e-05
-3.0700000000e+02   -9.7745691118e-05
-3.0600000000e+02   9.9505279007e-05
-3.0500000000e+02   -1.0129201099e-04
-3.0400000000e+02   1.0310621505e-04
-3.0300000000e+02   -1.0494822145e-04
-3.0200000000e+02   1.0681836270e-04
-3.0100000000e+02   -1.0871697355e-04
-3.0000000000e+02   1.1064439098e-04
-2.9900000000e+02   -1.1260095417e-04
-2.9800000000e+02   1.1458700448e-04
-2.9700000000e+02   -1.1660288546e-04
-2.9600000000e+02   1.1864894277e-04
-2.9500000000e+02   -1.2072552423e-04
-2.9400000000e+02   1.2283297976e-04
-2.9300000000e+02   -1.2497166136e-04
-2.9200000000e+02   1.2714192310e-04
-2.9100000000e+02   -1.2934412106e-04
-2.9000000000e+02   1.3157861338e-04
-2.8900000000e+02   -1.3384576016e-04
-2.8800000000e+02   1.3614592346e-04
-2.8700000000e+02   -1.3847946730e-04
-2.8600000000e+02   1.4084675759e-04
-2.8500000000e+02   -1.4324816213e-04
-2.8400000000e+02   1.4568405057e-04
-2.8300000000e+02   -1.4815479439e-04
-2.8200000000e+02   1.5066076685e-04
-2.8100000000e+02   -1.5320234298e-04
-2.8000000000e+02   1.5577989953e-04
-2.7900000000e+02   -1.5839381497e-04
-2.7800000000e+02   1.6104446939e-04
-2.7700000000e+02   -1.6373224454e-04
-2.7600000000e+02   1.6645752376e-04
-2.7500000000e+02   -1.6922069192e-04
-2.7400000000e+02   1.7202213543e-04
-2.7300000000e+02   -1.7486224218e-04
-2.7200000000e+02   1.7774140148e-04
-2.7100000000e+02   -1.8066000407e-04
-2.7000000000e+02   1.8361844201e-04
-2.6900000000e+02   -1.8661710871e-04
-2.6800000000e+02   1.8965639886e-04
-2.6700000000e+02   -1.9273670834e-04
-2.6600000000e+02   1.9585843427e-04
-2.6500000000e+02   -1.9902197487e-04
-2.6400000000e+02   2.0222772948e-04
-2.6300000000e+02   -2.0547609848e-04
-2.6200000000e+02   2.0876748326e-04
-2.6100000000e+02   -2.1210228615e-04
-2.6000000000e+02   2.1548091039e-04
-2.5900000000e+02   -2.1890376009e-04
-2.5800000000e+02   2.2237124012e-04
-2.5700000000e+02   -2.2588375614e-04
-2.5600000000e+02   2.2944171448e-04
-2.5500000000e+02   -2.3304552213e-04
-2.5400000000e+02   2.3669558665e-04
-2.5300000000e+02   -2.4039231614e-04
-2.5200000000e+02   2.4413611917e-04
-2.5100000000e+02   -2.4792740473e-04
-2.5000000000e+02   2.5176658217e-04
-2.4900000000e+02   -2.5565406113e-04
-2.4800000000e+02   2.5959025150e-04
-2.4700000000e+02   -2.6357556333e-04
-2.4600000000e+02   2.6761040680e-04
-2.4500000000e+02   -2.7169519214e-04
-2.4400000000e+02   2.7583032955e-04
-2.4300000000e+02   -2.8001622919e-04
-2.4200000000e+02   2.8425330103e-04
-2.4100000000e+02   -2.8854195486e-04
-2.4000000000e+02   2.9288260020e-04
-2.3900000000e+02   -2.9727564621e-04
-2.3800000000e+02   3.0172150163e-04
-2.3700000000e+02   -3.0622057473e-04
-2.3600000000e+02   3.1077327323e-04
-2.3500000000e+02   -3.1538000419e-04
-2.3400000000e+02   3.2004117402e-04
-2.3300000000e+02   -3.2475718831e-04
-2.3200000000e+02   3.2952845184e-04
-2.3100000000e+02   -3.3435536844e-04
-2.3000000000e+02   3.3923834097e-04
-2.2900000000e+02   -3.4417777118e-04
-2.2800000000e+02   3.4917405970e-04
-2.2700000000e+02   -3.5422760590e-04
-2.2600000000e+02   3.5933880788e-04
-2.2500000000e+02   -3.6450806231e-04
-2.2400000000e+02   3.6973576440e-04
-2.2300000000e+02   -3.7502230783e-04
-2.2200000000e+02   3.8036808460e-04
-2.2100000000e+02   -3.8577348504e-04
-2.2000000000e+02   3.9123889765e-04
-2.1900000000e+02   -3.9676470905e-04
-2.1800000000e+02   4.0235130388e-04
-2.1700000000e+02   -4.0799906473e-04
-2.1600000000e+02   4.1370837204e-04
-2.1500000000e+02   -4.1947960403e-04
-2.1400000000e+02   4.2531313658e-04
-2.1300000000e+02   -4.3120934316e-04
-2.1200000000e+02   4.3716859475e-04
-2.1100000000e+02   -4.4319125973e-04
-2.1000000000e+02   4.4927770380e-04
-2.0900000000e+02   -4.5542828989e-04
-2.0800000000e+02   4.6164337807e-04
-2.0700000000e+02   -4.6792332541e-04
-2.0600000000e+02   4.7426848598e-04
-2.0500000000e+02   -4.8067921066e-04
-2.0400000000e+02   4.8715584711e-04
-2.0300000000e+02   -4.9369873963e-04
-2.0200000000e+02   5.0030822911e-04
-2.0100000000e+02   -5.0698465288e-04
-2.0000000000e+02   5.1372834466e-04
-1.9900000000e+02   -5.2053963443e-04
-1.9800000000e+02   5.2741884834e-04
-1.9700000000e+02   -5.3436630861e-04
-1.9600000000e+02   5.4138233346e-04
-1.9500000000e+02   -5.4846723696e-04
-1.9400000000e+02   5.5562132894e-04
-1.9300000000e+02   -5.6284491494e-04
-1.9200000000e+02   5.7013829602e-04
-1.9100000000e+02   -5.7750176876e-04
-1.9000000000e+02   5.8493562506e-04
-1.8900000000e+02   -5.9244015210e-04
-1.8800000000e+02   6.0001563222e-04
-1.8700000000e+02   -6.0766234280e-04
-1.8600000000e+02   6.1538055618e-04
-1.8500000000e+02   -6.2317053954e-04
-1.8400000000e+02   6.3103255480e-04
-1.8300000000e+02   -6.3896685850e-04
-1.8200000000e+02   6.4697370174e-04
-1.8100000000e+02   -6.5505333000e-04
-1.8000000000e+02   6.6320598309e-04
-1.7900000000e+02   -6.7143189504e-04
-1.7800000000e+02   6.7973129397e-04
-1.7700000000e+02   -6.8810440198e-04
-1.7600000000e+02   6.9655143507e-04
-1.7500000000e+02   -7.0507260301e-04
-1.7400000000e+02   7.1366810924e-04
-1.7300000000e+02   -7.2233815076e-04
-1.7200000000e+02   7.3108291802e-04
-1.7100000000e+02   -7.3990259480e-04
-1.7000000000e+02   7.4879735813e-04
-1.6900000000e+02   -7.5776737817e-04
-1.6800000000e+02   7.6681281806e-04
-1.6700000000e+02   -7.7593383388e-04
-1.6600000000e+02   7.8513057449e-04
-1.6500000000e+02   -7.9440318144e-04
-1.6400000000e+02   8.0375178884e-04
-1.6300000000e+02   -8.1317652328e-04
-1.6200000000e+02   8.2267750371e-04
-1.6100000000e+02   -8.3225484133e-04
-1.6000000000e+02   8.4190863945e-04
-1.5900000000e+02   -8.5163899343e-04
-1.5800000000e+02   8.6144599054e-04
-1.5700000000e+02   -8.7132970987e-04
-1.5600000000e+02   8.8129022217e-04
-1.5500000000e+02   -8.9132758983e-04
-1.5400000000e+02   9.0144186667e-04
-1.5300000000e+02   -9.1163309790e-04
-1.5200000000e+02   9.2190132001e-04
-1.5100000000e+02   -9.3224656060e-04
-1.5000000000e+02   9.4266883835e-04
-1.4900000000e+02   -9.5316816284e-04
-1.4800000000e+02   9.6374453451e-04
-1.4700000000e+02   -9.7439794448e-04
-1.4600000000e+02   9.8512837451e-04
-1.4500000000e+02   -9.9593579684e-04
-1.4400000000e+02   1.0068201741e-03
-1.4300000000e+02   -1.0177814593e-03
-1.4200000000e+02   1.0288195954e-03
-1.4100000000e+02   -1.0399345157e-03
-1.4000000000e+02   1.0511261434e-03
-1.3900000000e+02   -1.0623943914e-03
-1.3800000000e+02   1.0737391625e-03
-1.3700000000e+02   -1.0851603492e-03
-1.3600000000e+02   1.0966578334e-03
-1.3500000000e+02   -1.1082314866e-03
-1.3400000000e+02   1.1198811695e-03
-1.3300000000e+02   -1.1316067322e-03
-1.3200000000e+02   1.1434080138e-03
-1.3100000000e+02   -1.1552848425e-03
-1.3000000000e+02   1.1672370354e-03
-1.2900000000e+02   -1.1792643985e-03
-1.2800000000e+02   1.1913667265e-03
-1.2700000000e+02   -1.2035438028e-03
-1.2600000000e+02   1.2157953992e-03
-1.2500000000e+02   -1.2281212761e-03
-1.2400000000e+02   1.2405211822e-03
-1.2300000000e+02   -1.2529948545e-03
-1.2200000000e+02   1.2655420180e-03
-1.2100000000e+02   -1.2781623859e-03
-1.2000000000e+02   1.2908556593e-03
-1.1900000000e+02   -1.3036215274e-03
-1.1800000000e+02   1.3164596669e-03
-1.1700000000e+02   -1.3293697424e-03
-1.1600000000e+02   1.3423514059e-03
-1.1500000000e+02   -1.3554042972e-03
-1.1400000000e+02   1.3685280435e-03
-1.1300000000e+02   -1.3817222591e-03
-1.1200000000e+02   1.3949865458e-03
-1.1100000000e+02   -1.4083204925e-03
-1.1000000000e+02   1.4217236753e-03
-1.0900000000e+02   -1.4351956572e-03
-1.0800000000e+02   1.4487359883e-03
-1.0700000000e+02   -1.4623442055e-03
-1.0600000000e+02   1.4760198323e-03
-1.0500000000e+02   -1.4897623793e-03
-1.0400000000e+02   1.5035713434e-03
-1.0300000000e+02   -1.5174462083e-03
-1.0200000000e+02   1.5313864440e-03
-1.0100000000e+02   -1.5453915073e-03
-1.0000000000e+02   1.5594608409e-03
-9.9000000000e+01   -1.5735938740e-03
-9.8000000000e+01   1.5877900223e-03
-9.7000000000e+01   -1.6020486873e-03
-9.6000000000e+01   1.6163692567e-03
-9.5000000000e+01   -1.6307511044e-03
-9.4000000000e+01   1.6451935902e-03
-9.3000000000e+01   -1.6596960599e-03
-9.2000000000e+01   1.6742578450e-03
-9.1000000000e+01   -1.6888782632e-03
-9.0000000000e+01   1.7035566178e-03
-8.9000000000e+01   -1.7182921976e-03
-8.8000000000e+01   1.7330842776e-03
-8.7000000000e+01   -1.7479321181e-03
-8.6000000000e+01   1.7628349651e-03
-8.5000000000e+01   -1.7777920503e-03
-8.4000000000e+01   1.7928025909e-03
-8.3000000000e+01   -1.8078657894e-03
-8.2000000000e+01   1.8229808341e-03
-8.1000000000e+01   -1.8381468986e-03
-8.0000000000e+01   1.8533631420e-03
-7.9000000000e+01   -1.8686287087e-03
-7.8000000000e+01   1.8839427285e-03
-7.7000000000e+01   -1.8993043168e-03
-7.6000000000e+01   1.9147125740e-03
-7.5000000000e+01   -1.9301665861e-03
-7.4000000000e+01   1.9456654244e-03
-7.3000000000e+01   -1.9612081454e-03
-7.2000000000e+01   1.9767937912e-03
-7.1000000000e+01   -1.9924213889e-03
-7.0000000000e+01   2.0080899510e-03
-6.9000000000e+01   -2.0237984756e-03
-6.8000000000e+01   2.0395459459e-03
-6.7000000000e+01   -2.0553313304e-03
-6.6000000000e+01   2.0711535833e-03
-6.5000000000e+01   -2.0870116438e-03
-6.4000000000e+01   2.1029044368e-03
-6.3000000000e+01   -2.1188308724e-03
-6.2000000000e+01   2.1347898465e-03
-6.1000000000e+01   -2.1507802403e-03
-6.0000000000e+01   2.1668009204e-03
-5.9000000000e+01   -2.1828507393e-03
-5.8000000000e+01   2.1989285349e-03
-5.7000000000e+01   -2.2150331309e-03
-5.6000000000e+01   2.2311633366e-03
-5.5000000000e+01   -2.2473179472e-03
-5.4000000000e+01   2.2634957438e-03
-5.3000000000e+01   -2.2796954932e-03
-5.2000000000e+01   2.2959159484e-03
-5.1000000000e+01   -2.3121558483e-03
-5.0000000000e+01   2.3284139180e-03
-4.9000000000e+01   -2.3446888687e-03
-4.8000000000e+01   2.3609793981e-03
-4.7000000000e+01   -2.3772841902e-03
-4.6000000000e+01   2.3936019154e-03
-4.5000000000e+01   -2.4099312307e-03
-4.4000000000e+01   2.4262707799e-03
-4.3000000000e+01   -2.4426191934e-03
-4.2000000000e+01   2.4589750887e-03
-4.1000000000e+01   -2.4753370703e-03
-4.0000000000e+01   2.4917037298e-03
-3.9000000000e+01   -2.5080736459e-03
-3.8000000000e+01   2.5244453850e-03
-3.7000000000e+01   -2.5408175008e-03
-3.6000000000e+01   2.5571885350e-03
-3.5000000000e+01   -2.5735570168e-03
-3.4000000000e+01   2.5899214635e-03
-3.3000000000e+01   -2.6062803807e-03
-3.2000000000e+01   2.6226322621e-03
-3.1000000000e+01   -2.6389755899e-03
-3.0000000000e+01   2.6553088350e-03
-2.9000000000e+01   -2.6716304572e-03
-2.8000000000e+01   2.6879389052e-03
-2.7000000000e+01   -2.7042326170e-03
-2.6000000000e+01   2.7205100198e-03
-2.5000000000e+01   -2.7367695306e-03
-2.4000000000e+01   2.7530095561e-03
-2.3000000000e+01   -2.7692284931e-03
-2.2000000000e+01   2.7854247285e-03
-2.1000000000e+01   -2.8015966397e-03
-2.0000000000e+01   2.8177425948e-03
-1.9000000000e+01   -2.8338609528e-03
-1.8000000000e+01   2.8499500638e-03
-1.7000000000e+01   -2.8660082695e-03
-1.6000000000e+01   2.8820339028e-03
-1.5000000000e+01   -2.8980252890e-03
-1.4000000000e+01   2.9139807452e-03
-1.3000000000e+01   -2.9298985810e-03
-1.2000000000e+01   2.9457770989e-03
-1.1000000000e+01   -2.9616145940e-03
-1.0000000000e+01   2.9774093551e-03
-9.0000000000e+00   -2.9931596640e-03
-8.0000000000e+00   3.0088637969e-03
-7.0000000000e+00   -3.0245200236e-03
-6.0000000000e+00   3.0401266088e-03
-5.0000000000e+00   -3.0556818117e-03
-4.0000000000e+00   3.0711838865e-03
-3.0000000000e+00   -3.0866310829e-03
-2.0000000000e+00   3.1020216464e-03
-1.0000000000e+00   -3.1173538183e-03
0.0000000000e+00   -3.1173538183e-03
1.0000000000e+00   3.1020216464e-03
2.0000000000e+00   -3.0866310829e-03
3.0000000000e+00   3.0711838865e-03
4.0000000000e+00   -3.0556818117e-03
5.0000000000e+00   3.0401266088e-03
6.0000000000e+00   -3.0245200236e-03
7.0000000000e+00   3.0088637969e-03
8.0000000000e+00   -2.9931596640e-03
9.0000000000e+00   2.9774093551e-03
1.0000000000e+01   -2.9616145940e-03
1.1000000000e+01   2.9457770989e-03
1.2000000000e+01   -2.9298985810e-03
1.3000000000e+01   2.9139807452e-03
1.4000000000e+01   -2.8980252890e-03
1.5000000000e+01   2.8820339028e-03
1.6000000000e+01   -2.8660082695e-03
1.7000000000e+01   2.8499500638e-03
1.8000000000e+01   -2.8338609528e-03
1.9000000000e+01   2.8177425948e-03
2.0000000000e+01   -2.8015966397e-03
2.1000000000e+01   2.7854247285e-03
2.2000000000e+01   -2.7692284931e-03
2.3000000000e+01   2.7530095561e-03
2.4000000000e+01   -2.7367695306e-03
2.5000000000e+01   2.7205100198e-03
2.6000000000e+01   -2.7042326170e-03
2.7000000000e+01   2.6879389052e-03
2.8000000000e+01   -2.6716304572e-03
2.9000000000e+01   2.6553088350e-03
3.0000000000e+01   -2.6389755899e-03
3.1000000000e+01   2.6226322621e-03
3.2000000000e+01   -2.6062803807e-03
3.3000000000e+01   2.5899214635e-03
3.4000000000e+01   -2.5735570168e-03
3.5000000000e+01   2.5571885350e-03
3.6000000000e+01   -2.5408175008e-03
3.7000000000e+01   2.5244453850e-03
3.8000000000e+01   -2.5080736459e-03
3.9000000000e+01   2.4917037298e-03
4.0000000000e+01   -2.4753370703e-03
4.1000000000e+01   2.4589750887e-03
4.2000000000e+01   -2.4426191934e-03
4.3000000000e+01   2.4262707799e-03
4.4000000000e+01   -2.4099312307e-03
4.5000000000e+01   2.3936019154e-03
4.6000000000e+01   -2.3772841902e-03
4.7000000000e+01   2.3609793981e-03
4.8000000000e+01   -2.3446888687e-03
4.9000000000e+01   2.3284139180e-03
5.0000000000e+01   -2.3121558483e-03
5.1000000000e+01   2.2959159484e-03
5.2000000000e+01   -2.2796954932e-03
5.3000000000e+01   2.2634957438e-03
5.4000000000e+01   -2.2473179472e-03
5.5000000000e+01   2.2311633366e-03
5.6000000000e+01   -2.2150331309e-03
5.7000000000e+01   2.1989285349e-03
5.8000000000e+01   -2.1828507393e-03
5.9000000000e+01   2.1668009204e-03
6.0000000000e+01   -2.1507802403e-03
6.1000000000e+01   2.1347898465e-03
6.2000000000e+01   -2.1188308724e-03
6.3000000000e+01   2.1029044368e-03
6.4000000000e+01   -2.0870116438e-03
6.5000000000e+01   2.0711535833e-03
6.6000000000e+01   -2.0553313304e-03
6.7000000000e+01   2.0395459459e-03
6.8000000000e+01   -2.0237984756e-03
6.9000000000e+01   2.0080899510e-03
7.0000000000e+01   -1.9924213889e-03
7.1000000000e+01   1.9767937912e-03
7.2000000000e+01   -1.9612081454e-03
7.3000000000e+01   1.9456654244e-03
7.4000000000e+01   -1.9301665861e-03
7.5000000000e+01   1.9147125740e-03
7.6000000000e+01   -1.8993043168e-03
7.7000000000e+01   1.8839427285e-03
7.8000000000e+01   -1.8686287087e-03
7.9000000000e+01   1.8533631420e-03
8.0000000000e+01   -1.8381468986e-03
8.1000000000e+01   1.8229808341e-03
8.2000000000e+01   -1.8078657894e-03
8.3000000000e+01   1.7928025909e-03
8.4000000000e+01   -1.7777920503e-03
8.5000000000e+01   1.7628349651e-03
8.6000000000e+01   -1.7479321181e-03
8.7000000000e+01   1.7330842776e-03
8.8000000000e+01   -1.7182921976e-03
8.9000000000e+01   1.7035566178e-03
9.0000000000e+01   -1.6888782632e-03
9.1000000000e+01   1.6742578450e-03
9.2000000000e+01   -1.6596960599e-03
9.3000000000e+01   1.6451935902e-03
9.4000000000e+01   -1.6307511044e-03
9.5000000000e+01   1.6163692567e-03
9.6000000000e+01   -1.6020486873e-03
9.7000000000e+01   1.5877900223e-03
9.8000000000e+01   -1.5735938740e-03
9.9000000000e+01   1.5594608409e-03
1.0000000000e+02   -1.5453915073e-03
1.0100000000e+02   1.5313864440e-03
1.0200000000e+02   -1.5174462083e-03
1.0300000000e+02   1.5035713434e-03
1.0400000000e+02   -1.4897623793e-03
1.0500000000e+02   1.4760198323e-03
1.0600000000e+02   -1.4623442055e-03
1.0700000000e+02   1.4487359883e-03
1.0800000000e+02   -1.4351956572e-03
1.0900000000e+02   1.4217236753e-03
1.1000000000e+02   -1.4083204925e-03
1.1100000000e+02   1.3949865458e-03
1.1200000000e+02   -1.3817222591e-03
1.1300000000e+02   1.3685280435e-03
1.1400000000e+02   -1.3554042972e-03
1.1500000000e+02   1.3423514059e-03
1.1600000000e+02   -1.3293697424e-03
1.1700000000e+02   1.3164596669e-03
1.1800000000e+02   -1.3036215274e-03
1.1900000000e+02   1.2908556593e-03
1.2000000000e+02   -1.2781623859e-03
1.2100000000e+02   1.2655420180e-03
1.2200000000e+02   -1.2529948545e-03
1.2300000000e+02   1.2405211822e-03
1.2400000000e+02   -1.2281212761e-03
1.2500000000e+02   1.2157953992e-03
1.2600000000e+02   -1.2035438028e-03
1.2700000000e+02   1.1913667265e-03
1.2800000000e+02   -1.1792643985e-03
1.2900000000e+02   1.1672370354e-03
1.3000000000e+02   -1.1552848425e-03
1.3100000000e+02   1.1434080138e-03
1.3200000000e+02   -1.1316067322e-03
1.3300000000e+02   1.1198811695e-03
1.3400000000e+02   -1.1082314866e-03
1.3500000000e+02   1.0966578334e-03
1.3600000000e+02   -1.0851603492e-03
1.3700000000e+02   1.0737391625e-03
1.3800000000e+02   -1.0623943914e-03
1.3900000000e+02   1.0511261434e-03
1.4000000000e+02   -1.0399345157e-03
1.4100000000e+02   1.0288195954e-03
1.4200000000e+02   -1.0177814593e-03
1.4300000000e+02   1.0068201741e-03
1.4400000000e+02   -9.9593579684e-04
1.4500000000e+02   9.8512837451e-04
1.4600000000e+02   -9.7439794448e-04
1.4700000000e+02   9.6374453451e-04
1.4800000000e+02   -9.5316816284e-04
1.4900000000e+02   9.4266883835e-04
1.5000000000e+02   -9.3224656060e-04
1.5100000000e+02   9.2190132001e-04
1.5200000000e+02   -9.1163309790e-04
1.5300000000e+02   9.0144186667e-04
1.5400000000e+02   -8.9132758983e-04
1.5500000000e+02   8.8129022217e-04
1.5600000000e+02   -8.7132970987e-04
1.5700000000e+02   8.6144599054e-04
1.5800000000e+02   -8.5163899343e-04
1.5900000000e+02   8.4190863945e-04
1.6000000000e+02   -8.3225484133e-04
1.6100000000e+02   8.2267750371e-04
1.6200000000e+02   -8.1317652328e-04
1.6300000000e+02   8.0375178884e-04
1.6400000000e+02   -7.9440318144e-04
1.6500000000e+02   7.8513057449e-04
1.6600000000e+02   -7.7593383388e-04
1.6700000000e+02   7.6681281806e-04
1.6800000000e+02   -7.5776737817e-04
1.6900000000e+02   7.4879735813e-04
1.7000000000e+02   -7.3990259480e-04
1.7100000000e+02   7.3108291802e-04
1.7200000000e+02   -7.2233815076e-04
1.7300000000e+02   7.1366810924e-04
1.7400000000e+02   -7.0507260301e-04
1.7500000000e+02   6.9655143507e-04
1.7600000000e+02   -6.8810440198e-04
1.7700000000e+02   6.7973129397e-04
1.7800000000e+02   -6.7143189504e-04
1.7900000000e+02   6.6320598309e-04
1.8000000000e+02   -6.5505333000e-04
1.8100000000e+02   6.4697370174e-04
1.8200000000e+02   -6.3896685850e-04
1.8300000000e+02   6.3103255480e-04
1.8400000000e+02   -6.2317053954e-04
1.8500000000e+02   6.1538055618e-04
1.8600000000e+02   -6.0766234280e-04
1.8700000000e+02   6.0001563222e-04
1.8800000000e+02   -5.9244015210e-04
1.8900000000e+02   5.8493562506e-04
1.9000000000e+02   -5.7750176876e-04
1.9100000000e+02   5.7013829602e-04
1.9200000000e+02   -5.6284491494e-04
1.9300000000e+02   5.5562132894e-04
1.9400000000e+02   -5.4846723696e-04
1.9500000000e+02   5.4138233346e-04
1.9600000000e+02   -5.3436630861e-04
1.9700000000e+02   5.2741884834e-04
1.9800000000e+02   -5.2053963443e-04
1.9900000000e+02   5.1372834466e-04
2.0000000000e+02   -5.0698465288e-04
2.0100000000e+02   5.0030822911e-04
2.0200000000e+02   -4.9369873963e-04
2.0300000000e+02   4.8715584711e-04
2.0400000000e+02   -4.8067921066e-04
2.0500000000e+02   4.7426848598e-04
2.0600000000e+02   -4.6792332541e-04
2.0700000000e+02   4.6164337807e-04
2.0800000000e+02   -4.5542828989e-04
2.0900000000e+02   4.4927770380e-04
2.1000000000e+02   -4.4319125973e-04
2.1100000000e+02   4.3716859475e-04
2.1200000000e+02   -4.3120934316e-04
2.1300000000e+02   4.2531313658e-04
2.1400000000e+02   -4.1947960403e-04
2.1500000000e+02   4.1370837204e-04
2.1600000000e+02   -4.0799906473e-04
2.1700000000e+02   4.0235130388e-04
2.1800000000e+02   -3.9676470905e-04
2.1900000000e+02   3.9123889765e-04
2.2000000000e+02   -3.8577348504e-04
2.2100000000e+02   3.8036808460e-04
2.2200000000e+02   -3.7502230783e-04
2.2300000000e+02   3.6973576440e-04
2.2400000000e+02   -3.6450806231e-04
2.2500000000e+02   3.5933880788e-04
2.2600000000e+02   -3.5422760590e-04
2.2700000000e+02   3.4917405970e-04
2.2800000000e+02   -3.4417777118e-04
2.2900000000e+02   3.3923834097e-04
2.3000000000e+02   -3.3435536844e-04
2.3100000000e+02   3.2952845184e-04
2.3200000000e+02   -3.2475718831e-04
2.3300000000e+02   3.2004117402e-04
2.3400000000e+02   -3.1538000419e-04
2.3500000000e+02   3.1077327323e-04
2.3600000000e+02   -3.0622057473e-04
2.3700000000e+02   3.0172150163e-04
2.3800000000e+02   -2.9727564621e-04
2.3900000000e+02   2.9288260020e-04
2.4000000000e+02   -2.8854195486e-04
2.4100000000e+02   2.8425330103e-04
2.4200000000e+02   -2.8001622919e-04
2.4300000000e+02   2.7583032955e-04
2.4400000000e+02   -2.7169519214e-04
2.4500000000e+02   2.6761040680e-04
2.4600000000e+02   -2.6357556333e-04
2.4700000000e+02   2.5959025150e-04
2.4800000000e+02   -2.5565406113e-04
2.4900000000e+02   2.5176658217e-04
2.5000000000e+02   -2.4792740473e-04
2.5100000000e+02   2.4413611917e-04
2.5200000000e+02   -2.4039231614e-04
2.5300000000e+02   2.3669558665e-04
2.5400000000e+02   -2.3304552213e-04
2.5500000000e+02   2.2944171448e-04
2.5600000000e+02   -2.2588375614e-04
2.5700000000e+02   2.2237124012e-04
2.5800000000e+02   -2.1890376009e-04
2.5900000000e+02   2.1548091039e-04
2.6000000000e+02   -2.1210228615e-04
2.6100000000e+02   2.0876748326e-04
2.6200000000e+02   -2.0547609848e-04
2.6300000000e+02   2.0222772948e-04
2.6400000000e+02   -1.9902197487e-04
2.6500000000e+02   1.9585843427e-04
2.6600000000e+02   -1.9273670834e-04
2.6700000000e+02   1.8965639886e-04
2.6800000000e+02   -1.8661710871e-04
2.6900000000e+02   1.8361844201e-04
2.7000000000e+02   -1.8066000407e-04
2.7100000000e+02   1.7774140148e-04
2.7200000000e+02   -1.7486224218e-04
2.7300000000e+02   1.7202213543e-04
2.7400000000e+02   -1.6922069192e-04
2.7500000000e+02   1.6645752376e-04
2.7600000000e+02   -1.6373224454e-04
2.7700000000e+02   1.6104446939e-04
2.7800000000e+02   -1.5839381497e-04
2.7900000000e+02   1.5577989953e-04
2.8000000000e+02   -1.5320234298e-04
2.8100000000e+02   1.5066076685e-04
2.8200000000e+02   -1.4815479439e-04
2.8300000000e+02   1.4568405057e-04
2.8400000000e+02   -1.4324816213e-04
2.8500000000e+02   1.4084675759e-04
2.8600000000e+02   -1.3847946730e-04
2.8700000000e+02   1.3614592346e-04
2.8800000000e+02   -1.3384576016e-04
2.8900000000e+02   1.3157861338e-04
2.9000000000e+02   -1.2934412106e-04
2.9100000000e+02   1.2714192310e-04
2.9200000000e+02   -1.2497166136e-04
2.9300000000e+02   1.2283297976e-04
2.9400000000e+02   -1.2072552423e-04
2.9500000000e+02   1.1864894277e-04
2.9600000000e+02   -1.1660288546e-04
2.9700000000e+02   1.1458700448e-04
2.9800000000e+02   -1.1260095417e-04
2.9900000000e+02   1.1064439098e-04
3.0000000000e+02   -1.0871697355e-04
3.0100000000e+02   1.0681836270e-04
3.0200000000e+02   -1.0494822145e-04
3.0300000000e+02   1.0310621505e-04
3.0400000000e+02   -1.0129201099e-04
3.0500000000e+02   9.9505279007e-05
3.0600000000e+02   -9.7745691118e-05
3.0700000000e+02   9.6012921618e-05
3.0800000000e+02   -9.4306647103e-05
3.0900000000e+02   9.2626546482e-05
3.1000000000e+02   -9.0972300988e-05
3.1100000000e+02   8.9343594192e-05
3.1200000000e+02   -8.7740112010e-05
3.1300000000e+02   8.6161542721e-05
3.1400000000e+02   -8.4607576970e-05
3.1500000000e+02   8.3077907781e-05
3.1600000000e+02   -8.1572230563e-05
3.1700000000e+02   8.0090243122e-05
3.1800000000e+02   -7.8631645666e-05
3.1900000000e+02   7.7196140811e-05
3.2000000000e+02   -7.5783433590e-05
3.2100000000e+02   7.4393231456e-05
3.2200000000e+02   -7.3025244289e-05
3.2300000000e+02   7.1679184400e-05
3.2400000000e+02   -7.0354766535e-05
3.2500000000e+02   6.9051707879e-05
3.2600000000e+02   -6.7769728057e-05
3.2700000000e+02   6.6508549138e-05
3.2800000000e+02   -6.5267895638e-05
3.2900000000e+02   6.4047494519e-05
3.3000000000e+02   -6.2847075189e-05
3.3100000000e+02   6.1666369507e-05
3.3200000000e+02   -6.0505111779e-05
3.3300000000e+02   5.9363038756e-05
3.3400000000e+02   -5.8239889637e-05
3.3500000000e+02   5.7135406066e-05
3.3600000000e+02   -5.6049332128e-05
3.3700000000e+02   5.4981414349e-05
3.3800000000e+02   -5.3931401690e-05
3.3900000000e+02   5.2899045547e-05
3.4000000000e+02   -5.1884099744e-05
3.4100000000e+02   5.0886320533e-05
3.4200000000e+02   -4.9905466584e-05
3.4300000000e+02   4.8941298985e-05
3.4400000000e+02   -4.7993581231e-05
3.4500000000e+02   4.7062079223e-05
3.4600000000e+02   -4.6146561262e-05
3.4700000000e+02   4.5246798036e-05
3.4800000000e+02   -4.4362562622e-05
3.4900000000e+02   4.3493630470e-05
3.5000000000e+02   -4.2639779403e-05
3.5100000000e+02   4.1800789602e-05
3.5200000000e+02   -4.0976443605e-05
3.5300000000e+02   4.0166526291e-05
3.5400000000e+02   -3.9370824877e-05
3.5500000000e+02   3.8589128903e-05
3.5600000000e+02   -3.7821230229e-05
3.5700000000e+02   3.7066923021e-05
3.5800000000e+02   -3.6326003738e-05
3.5900000000e+02   3.5598271131e-05
3.6000000000e+02   -3.4883526222e-05
3.6100000000e+02   3.4181572298e-05
3.6200000000e+02   -3.3492214901e-05
3.6300000000e+02   3.2815261813e-05
3.6400000000e+02   -3.2150523048e-05
3.6500000000e+02   3.1497810836e-05
3.6600000000e+02   -3.0856939613e-05
3.6700000000e+02   3.0227726011e-05
3.6800000000e+02   -2.9609988840e-05
3.6900000000e+02   2.9003549080e-05
3.7000000000e+02   -2.8408229866e-05
3.7100000000e+02   2.7823856473e-05
3.7200000000e+02   -2.7250256308e-05
3.7300000000e+02   2.6687258891e-05
3.7400000000e+02   -2.6134695844e-05
3.7500000000e+02   2.5592400875e-05
3.7600000000e+02   -2.5060209767e-05
3.7700000000e+02   2.4537960362e-05
3.7800000000e+02   -2.4025492547e-05
3.7900000000e+02   2.3522648240e-05
3.8000000000e+02   -2.3029271373e-05
3.8100000000e+02   2.2545207880e-05
3.8200000000e+02   -2.2070305684e-05
3.8300000000e+02   2.1604414675e-05
3.8400000000e+02   -2.1147386701e-05
3.8500000000e+02   2.0699075553e-05
3.8600000000e+02   -2.0259336946e-05
3.8700000000e+02   1.9828028505e-05
3.8800000000e+02   -1.9405009751e-05
3.8900000000e+02   1.8990142085e-05
3.9000000000e+02   -1.8583288772e-05
3.9100000000e+02   1.8184314923e-05
3.9200000000e+02   -1.7793087486e-05
3.9300000000e+02   1.7409475220e-05
3.9400000000e+02   -1.7033348691e-05
3.9500000000e+02   1.6664580246e-05
3.9600000000e+02   -1.6303044002e-05
3.9700000000e+02   1.5948615830e-05
3.9800000000e+02   -1.5601173338e-05
3.9900000000e+02   1.5260595855e-05
4.0000000000e+02   -1.4926764414e-05
4.0100000000e+02   1.4599561740e-05
4.0200000000e+02   -1.4278872227e-05
4.0300000000e+02   1.3964581930e-05
4.0400000000e+02   -1.3656578541e-05
4.0500000000e+02   1.3354751379e-05
4.0600000000e+02   -1.3058991371e-05
4.0700000000e+02   1.2769191035e-05
4.0800000000e+02   -1.2485244468e-05
4.0900000000e+02   1.2207047324e-05
4.1000000000e+02   -1.1934496805e-05
4.1100000000e+02   1.1667491637e-05
4.1200000000e+02   -1.1405932061e-05
4.1300000000e+02   1.1149719812e-05
4.1400000000e+02   -1.0898758108e-05
4.1500000000e+02   1.0652951627e-05
4.1600000000e+02   -1.0412206500e-05
4.1700000000e+02   1.0176430286e-05
4.1800000000e+02   -9.9455319633e-06
4.1900000000e+02   9.7194219104e-06
4.2000000000e+02   -9.4980118908e-06
4.2100000000e+02   9.2812150370e-06
4.2200000000e+02   -9.0689458356e-06
4.2300000000e+02   8.8611201121e-06
4.2400000000e+02   -8.6576550138e-06
4.2500000000e+02   8.4584689957e-06
4.2600000000e+02   -8.2634818048e-06
4.2700000000e+02   8.0726144647e-06
4.2800000000e+02   -7.8857892603e-06
4.2900000000e+02   7.7029297230e-06
4.3000000000e+02   -7.5239606152e-06
4.3100000000e+02   7.3488079153e-06
4.3200000000e+02   -7.1773988037e-06
4.3300000000e+02   7.0096616462e-06
4.3400000000e+02   -6.8455259807e-06
4.3500000000e+02   6.6849225022e-06
4.3600000000e+02   -6.5277830479e-06
4.3700000000e+02   6.3740405825e-06
4.3800000000e+02   -6.2236291847e-06
4.3900000000e+02   6.0764840319e-06
4.4000000000e+02   -5.9325413866e-06
4.4100000000e+02   5.7917385821e-06
4.4200000000e+02   -5.6540140079e-06
4.4300000000e+02   5.5193070969e-06
4.4400000000e+02   -5.3875583108e-06
4.4500000000e+02   5.2587091262e-06
4.4600000000e+02   -5.1327020205e-06
4.4700000000e+02   5.0094804611e-06
4.4800000000e+02   -4.8889888882e-06
4.4900000000e+02   4.7711727038e-06
4.5000000000e+02   -4.6559782576e-06
4.5100000000e+02   4.5433528348e-06
4.5200000000e+02   -4.4332446418e-06
4.5300000000e+02   4.3256027942e-06
4.5400000000e+02   -4.2203773039e-06
4.5500000000e+02   4.1175190659e-06
4.5600000000e+02   -4.0169798463e-06
4.5700000000e+02   3.9187122696e-06
4.5800000000e+02   -3.8226698063e-06
4.5900000000e+02   3.7288067607e-06
4.6000000000e+02   -3.6370782588e-06
4.6100000000e+02   3.5474402365e-06
4.6200000000e+02   -3.4598494272e-06
4.6300000000e+02   3.3742633505e-06
4.6400000000e+02   -3.2906402994e-06
4.6500000000e+02   3.2089393311e-06
4.6600000000e+02   -3.1291202529e-06
4.6700000000e+02   3.0511436129e-06
4.6800000000e+02   -2.9749706871e-06
4.6900000000e+02   2.9005634699e-06
4.7000000000e+02   -2.8278846620e-06
4.7100000000e+02   2.7568976595e-06
4.7200000000e+02   -2.6875665440e-06
4.7300000000e+02   2.6198560714e-06
4.7400000000e+02   -2.5537316617e-06
4.7500000000e+02   2.4891593875e-06
4.7600000000e+02   -2.4261059655e-06
4.7700000000e+02   2.3645387444e-06
4.7800000000e+02   -2.3044256967e-06
4.7900000000e+02   2.2457354072e-06
4.8000000000e+02   -2.1884370640e-06
4.8100000000e+02   2.1325004487e-06
4.8200000000e+02   -2.0778959262e-06
4.8300000000e+02   2.0245944363e-06
4.8400000000e+02   -1.9725674831e-06
4.8500000000e+02   1.9217871265e-06
4.8600000000e+02   -1.8722259729e-06
4.8700000000e+02   1.8238571657e-06
4.8800000000e+02   -1.7766543776e-06
4.8900000000e+02   1.7305917999e-06
4.9000000000e+02   -1.6856441352e-06
4.9100000000e+02   1.6417865885e-06
4.9200000000e+02   -1.5989948585e-06
4.9300000000e+02   1.5572451295e-06
4.9400000000e+02   -1.5165140621e-06
4.9500000000e+02   1.4767787868e-06
4.9600000000e+02   -1.4380168947e-06
4.9700000000e+02   1.4002064295e-06
4.9800000000e+02   -1.3633258802e-06
4.9900000000e+02   1.3273541728e-06
5.0000000000e+02   -1.2922706636e-06
5.0100000000e+02   1.2580551301e-06
5.0200000000e+02   -1.2246877652e-06
5.0300000000e+02   1.1921491689e-06
5.0400000000e+02   -1.1604203414e-06
5.0500000000e+02   1.1294826756e-06
5.0600000000e+02   -1.0993179502e-06
5.0700000000e+02   1.0699083235e-06
5.0800000000e+02   -1.0412363254e-06
5.0900000000e+02   1.0132848516e-06
5.1000000000e+02   -9.8603715593e-07
5.1100000000e+02   9.5947684531e-07
5.1200000000e+02   -9.3358787168e-07
5.1300000000e+02   9.0835452693e-07
5.1400000000e+02   -8.8376143559e-07
5.1500000000e+02   8.5979354969e-07
5.1600000000e+02   -8.3643614168e-07
5.1700000000e+02   8.1367479932e-07
5.1800000000e+02   -7.9149541898e-07
5.1900000000e+02   7.6988420084e-07
5.2000000000e+02   -7.4882764167e-07
5.2100000000e+02   7.2831253117e-07
5.2200000000e+02   -7.0832594412e-07
5.2300000000e+02   6.8885523730e-07
5.2400000000e+02   -6.6988804281e-07
5.2500000000e+02   6.5141226213e-07
5.2600000000e+02   -6.3341606227e-07
5.2700000000e+02   6.1588787026e-07
5.2800000000e+02   -5.9881636760e-07
5.2900000000e+02   5.8219048604e-07
5.3000000000e+02   -5.6599940201e-07
5.3100000000e+02   5.5023253243e-07
5.3200000000e+02   -5.3487952933e-07
5.3300000000e+02   5.1993027572e-07
5.3400000000e+02   -5.0537488083e-07
5.3500000000e+02   4.9120367573e-07
5.3600000000e+02   -4.7740720910e-07
5.3700000000e+02   4.6397624187e-07
5.3800000000e+02   -4.5090174439e-07
5.3900000000e+02   4.3817489126e-07
5.4000000000e+02   -4.2578705761e-07
5.4100000000e+02   4.1372981463e-07
5.4200000000e+02   -4.0199492601e-07
5.4300000000e+02   3.9057434420e-07
5.4400000000e+02   -3.7946020548e-07
5.4500000000e+02   3.6864482778e-07
5.4600000000e+02   -3.5812070531e-07
5.4700000000e+02   3.4788050662e-07
5.4800000000e+02   -3.3791706899e-07
5.4900000000e+02   3.2822339691e-07
5.5000000000e+02   -3.1879265716e-07
5.5100000000e+02   3.0961817621e-07
5.5200000000e+02   -3.0069343682e-07
5.5300000000e+02   2.9201207385e-07
5.5400000000e+02   -2.8356787274e-07
5.5500000000e+02   2.7535476432e-07
5.5600000000e+02   -2.6736682290e-07
5.5700000000e+02   2.5959826422e-07
5.5800000000e+02   -2.5204343990e-07
5.5900000000e+02   2.4469683657e-07
5.6000000000e+02   -2.3755307232e-07
5.6100000000e+02   2.3060689314e-07
5.6200000000e+02   -2.2385317222e-07
5.6300000000e+02   2.1728690447e-07
5.6400000000e+02   -2.1090320623e-07
5.6500000000e+02   2.0469731110e-07
5.6600000000e+02   -1.9866456791e-07
5.6700000000e+02   1.9280043873e-07
5.6800000000e+02   -1.8710049532e-07
5.6900000000e+02   1.8156041737e-07
5.7000000000e+02   -1.7617599002e-07
5.7100000000e+02   1.7094310190e-07
5.7200000000e+02   -1.6585774176e-07
5.7300000000e+02   1.6091599742e-07
5.7400000000e+02   -1.5611405257e-07
5.7500000000e+02   1.5144818555e-07
5.7600000000e+02   -1.4691476680e-07
5.7700000000e+02   1.4251025604e-07
5.7800000000e+02   -1.3823120182e-07
5.7900000000e+02   1.3407423816e-07
5.8000000000e+02   -1.3003608323e-07
5.8100000000e+02   1.2611353739e-07
5.8200000000e+02   -1.2230348112e-07
5.8300000000e+02   1.1860287308e-07
5.8400000000e+02   -1.1500874875e-07
5.8500000000e+02   1.1151821844e-07
5.8600000000e+02   -1.0812846596e-07
5.8700000000e+02   1.0483674551e-07
5.8800000000e+02   -1.0164038189e-07
5.8900000000e+02   9.8536767634e-08
5.9000000000e+02   -9.5523361887e-08
5.9100000000e+02   9.2597688850e-08
5.9200000000e+02   -8.9757336008e-08
5.9300000000e+02   8.6999953020e-08
5.9400000000e+02   -8.4323249938e-08
5.9500000000e+02   8.1724995660e-08
5.9600000000e+02   -7.9203017034e-08
5.9700000000e+02   7.6755197087e-08
5.9800000000e+02   -7.4379473691e-08
5.9900000000e+02   7.2073838897e-08
6.0000000000e+02   -6.9836336269e-08
6.0100000000e+02   6.7665061110e-08
6.0200000000e+02   -6.5558158235e-08
6.0300000000e+02   6.3513821313e-08
6.0400000000e+02   -6.1530291529e-08
6.0500000000e+02   5.9605856029e-08
6.0600000000e+02   -5.7738847925e-08
6.0700000000e+02   5.5927643627e-08
6.0800000000e+02   -5.4170663066e-08
6.0900000000e+02   5.2466367917e-08
6.1000000000e+02   -5.0813260488e-08
6.1100000000e+02   4.9209884168e-08
6.1200000000e+02   -4.7654819868e-08
6.1300000000e+02   4.6146687582e-08
6.1400000000e+02   -4.4684143718e-08
6.1500000000e+02   4.3265881100e-08
6.1600000000e+02   -4.1890627633e-08
6.1700000000e+02   4.0557145642e-08
6.1800000000e+02   -3.9264230756e-08
6.1900000000e+02   3.8010711689e-08
6.2000000000e+02   -3.6795448244e-08
6.2100000000e+02   3.5617332417e-08
6.2200000000e+02   -3.4475285071e-08
6.2300000000e+02   3.3368257490e-08
6.2400000000e+02   -3.2295229602e-08
6.2500000000e+02   3.1255208421e-08
6.2600000000e+02   -3.0247229610e-08
6.2700000000e+02   2.9270354140e-08
6.2800000000e+02   -2.8323670076e-08
6.2900000000e+02   2.7406289682e-08
6.3000000000e+02   -2.6517350316e-08
6.3100000000e+02   2.5656013536e-08
6.3200000000e+02   -2.4821463329e-08
6.3300000000e+02   2.4012907440e-08
6.3400000000e+02   -2.3229575152e-08
6.3500000000e+02   2.2470717509e-08
6.3600000000e+02   -2.1735606426e-08
6.3700000000e+02   2.1023534025e-08
6.3800000000e+02   -2.0333813078e-08
6.3900000000e+02   1.9665775230e-08
6.4000000000e+02   -1.9018771447e-08
6.4100000000e+02   1.8392169787e-08
6.4200000000e+02   -1.7785357853e-08
6.4300000000e+02   1.7197739455e-08
6.4400000000e+02   -1.6628736388e-08
6.4500000000e+02   1.6077785991e-08
6.4600000000e+02   -1.5544342258e-08
6.4700000000e+02   1.5027874722e-08
6.4800000000e+02   -1.4527868020e-08
6.4900000000e+02   1.4043821439e-08
6.5000000000e+02   -1.3575248925e-08
6.5100000000e+02   1.3121678633e-08
6.5200000000e+02   -1.2682652262e-08
6.5300000000e+02   1.2257723947e-08
6.5400000000e+02   -1.1846461812e-08
6.5500000000e+02   1.1448446191e-08
6.5600000000e+02   -1.1063269634e-08
6.5700000000e+02   1.0690536456e-08
6.5800000000e+02   -1.0329862521e-08
6.5900000000e+02   9.9808754594e-09
6.6000000000e+02   -9.6432126728e-09
6.6100000000e+02   9.3165235526e-09
6.6200000000e+02   -9.0004668163e-09
6.6300000000e+02   8.6947118394e-09
6.6400000000e+02   -8.3989375455e-09
6.6500000000e+02   8.1128321838e-09
6.6600000000e+02   -7.8360937739e-09
6.6700000000e+02   7.5684285505e-09
6.6800000000e+02   -7.3095518527e-09
6.6900000000e+02   7.0591881229e-09
6.7000000000e+02   -6.8170686873e-09
6.7100000000e+02   6.5829341978e-09
6.7200000000e+02   -6.3565321895e-09
6.7300000000e+02   6.1376188576e-09
6.7400000000e+02   -5.9259561702e-09
6.7500000000e+02   5.7213145332e-09
6.7600000000e+02   -5.5234705698e-09
6.7700000000e+02   5.3322082305e-09
6.7800000000e+02   -5.1473176832e-09
6.7900000000e+02   4.9685955350e-09
6.8000000000e+02   -4.7958443883e-09
6.8100000000e+02   4.6288730626e-09
6.8200000000e+02   -4.4674961508e-09
6.8300000000e+02   4.3115337967e-09
6.8400000000e+02   -4.1608121393e-09
6.8500000000e+02   4.0151619807e-09
6.8600000000e+02   -3.8744194519e-09
6.8700000000e+02   3.7384262352e-09
6.8800000000e+02   -3.6070284537e-09
6.8900000000e+02   3.4800768933e-09
6.9000000000e+02   -3.3574274472e-09
6.9100000000e+02   3.2389397830e-09
6.9200000000e+02   -3.1244786758e-09
6.9300000000e+02   3.0139122309e-09
6.9400000000e+02   -2.9071136609e-09
6.9500000000e+02   2.8039592870e-09
6.9600000000e+02   -2.7043298712e-09
6.9700000000e+02   2.6081095061e-09
6.9800000000e+02   -2.5151862815e-09
6.9900000000e+02   2.4254511732e-09
7.0000000000e+02   -2.3387993764e-09
7.0100000000e+02   2.2551289725e-09
7.0200000000e+02   -2.1743413736e-09
7.0300000000e+02   2.0963408787e-09
7.0400000000e+02   -2.0210351170e-09
7.0500000000e+02   1.9483343827e-09
7.0600000000e+02   -1.8781523003e-09
7.0700000000e+02   1.8104044930e-09
7.0800000000e+02   -1.7450094703e-09
7.0900000000e+02   1.6818892945e-09
7.1000000000e+02   -1.6209671383e-09
7.1100000000e+02   1.5621695049e-09
7.1200000000e+02   -1.5054253399e-09
7.1300000000e+02   1.4506649215e-09
7.1400000000e+02   -1.3978218583e-09
7.1500000000e+02   1.3468313131e-09
7.1600000000e+02   -1.2976306696e-09
7.1700000000e+02   1.2501593094e-09
7.1800000000e+02   -1.2043588349e-09
7.1900000000e+02   1.1601724026e-09
7.2000000000e+02   -1.1175449455e-09
7.2100000000e+02   1.0764236169e-09
7.2200000000e+02   -1.0367569026e-09
7.2300000000e+02   9.9849506441e-10
7.2400000000e+02   -9.6159058494e-10
7.2500000000e+02   9.2599639068e-10
7.2600000000e+02   -8.9166785067e-10
7.2700000000e+02   8.5856122212e-10
7.2800000000e+02   -8.2663453860e-10
7.2900000000e+02   7.9584761004e-10
7.3000000000e+02   -7.6616046840e-10
7.3100000000e+02   7.3753514407e-10
7.3200000000e+02   -7.0993544377e-10
7.3300000000e+02   6.8332539627e-10
7.3400000000e+02   -6.5767080670e-10
7.3500000000e+02   6.3293836838e-10
7.3600000000e+02   -6.0909588484e-10
7.3700000000e+02   5.8611271392e-10
7.3800000000e+02   -5.6395843551e-10
7.3900000000e+02   5.4260462790e-10
7.4000000000e+02   -5.2202242529e-10
7.4100000000e+02   5.0218540437e-10
7.4200000000e+02   -4.8306736389e-10
7.4300000000e+02   4.6464276870e-10
7.4400000000e+02   -4.4688741596e-10
7.4500000000e+02   4.2977776893e-10
7.4600000000e+02   -4.1329051292e-10
7.4700000000e+02   3.9740410962e-10
7.4800000000e+02   -3.8209724273e-10
7.4900000000e+02   3.6734948416e-10
7.5000000000e+02   -3.5314040581e-10
7.5100000000e+02   3.3945135591e-10
7.5200000000e+02   -3.2626346069e-10
7.5300000000e+02   3.1355917862e-10
7.5400000000e+02   -3.0132141227e-10
7.5500000000e+02   2.8953284215e-10
7.5600000000e+02   -2.7817770309e-10
7.5700000000e+02   2.6724067403e-10
7.5800000000e+02   -2.5670598980e-10
7.5900000000e+02   2.4655988362e-10
7.6000000000e+02   -2.3678836669e-10
7.6100000000e+02   2.2737767225e-10
