X    Y
-3.8100000000e+02   -4.6625503458e-10
-3.8000000000e+02   5.0550519326e-10
-3.7900000000e+02   -5.4781712500e-10
-3.7800000000e+02   5.9342286640e-10
-3.7700000000e+02   -6.4257266175e-10
-3.7600000000e+02   6.9553363069e-10
-3.7500000000e+02   -7.5259354304e-10
-3.7400000000e+02   8.1405948649e-10
-3.7300000000e+02   -8.8026164136e-10
-3.7200000000e+02   9.5155305857e-10
-3.7100000000e+02   -1.0283125462e-09
-3.7000000000e+02   1.1109460019e-09
-3.6900000000e+02   -1.1998870786e-09
-3.6800000000e+02   1.2956016260e-09
-3.6700000000e+02   -1.3985868019e-09
-3.6600000000e+02   1.5093755135e-09
-3.6500000000e+02   -1.6285381932e-09
-3.6400000000e+02   1.7566839094e-09
-3.6300000000e+02   -1.8944654734e-09
-3.6200000000e+02   2.0425796610e-09
-3.6100000000e+02   -2.2017720980e-09
-3.6000000000e+02   2.3728399245e-09
-3.5900000000e+02   -2.5566340156e-09
-3.5800000000e+02   2.7540645320e-09
-3.5700000000e+02   -2.9661026968e-09
-3.5600000000e+02   3.1937859024e-09
-3.5500000000e+02   -3.4382223735e-09
-3.5400000000e+02   3.7005942755e-09
-3.5300000000e+02   -3.9821632658e-09
-3.5200000000e+02   4.2842758230e-09
-3.5100000000e+02   -4.6083683536e-09
-3.5000000000e+02   4.9559722992e-09
-3.4900000000e+02   -5.3287210200e-09
-3.4800000000e+02   5.7283553456e-09
-3.4700000000e+02   -6.1567309029e-09
-3.4600000000e+02   6.6158247769e-09
-3.4500000000e+02   -7.1077439490e-09
-3.4400000000e+02   7.6347310696e-09
-3.4300000000e+02   -8.1991757828e-09
-3.4200000000e+02   8.8036216095e-09
-3.4100000000e+02   -9.4507754955e-09
-3.4000000000e+02   1.0143518692e-08
-3.3900000000e+02   -1.0884916080e-08
-3.3800000000e+02   1.1678228384e-08
-3.3700000000e+02   -1.2526923054e-08
-3.3600000000e+02   1.3434686696e-08
-3.3500000000e+02   -1.4405437954e-08
-3.3400000000e+02   1.5443341939e-08
-3.3300000000e+02   -1.6552824000e-08
-3.3200000000e+02   1.7738585045e-08
-3.3100000000e+02   -1.9005618412e-08
-3.3000000000e+02   2.0359225195e-08
-3.2900000000e+02   -2.1805033779e-08
-3.2800000000e+02   2.3349017386e-08
-3.2700000000e+02   -2.4997514947e-08
-3.2600000000e+02   2.6757251304e-08
-3.2500000000e+02   -2.8635358973e-08
-3.2400000000e+02   3.0639401905e-08
-3.2300000000e+02   -3.2777398573e-08
-3.2200000000e+02   3.5057849068e-08
-3.2100000000e+02   -3.7489760629e-08
-3.2000000000e+02   4.0082676733e-08
-3.1900000000e+02   -4.2846705961e-08
-3.1800000000e+02   4.5792553971e-08
-3.1700000000e+02   -4.8931555030e-08
-3.1600000000e+02   5.2275707763e-08
-3.1500000000e+02   -5.5837710233e-08
-3.1400000000e+02   5.9630997695e-08
-3.1300000000e+02   -6.3669782779e-08
-3.1200000000e+02   6.7969096795e-08
-3.1100000000e+02   -7.2544833030e-08
-3.1000000000e+02   7.7413793820e-08
-3.0900000000e+02   -8.2593736517e-08
-3.0800000000e+02   8.8103425222e-08
-3.0700000000e+02   -9.3962682080e-08
-3.0600000000e+02   1.0019244367e-07
-3.0500000000e+02   -1.0681481766e-07
-3.0400000000e+02   1.1385314380e-07
-3.0300000000e+02   -1.2133205596e-07
-3.0200000000e+02   1.2927754978e-07
-3.0100000000e+02   -1.3771704932e-07
-3.0000000000e+02   1.4667948123e-07
-2.9900000000e+02   -1.5619534999e-07
-2.9800000000e+02   1.6629681499e-07
-2.9700000000e+02   -1.7701777466e-07
-2.9600000000e+02   1.8839395088e-07
-2.9500000000e+02   -2.0046297999e-07
-2.9400000000e+02   2.1326450472e-07
-2.9300000000e+02   -2.2684027390e-07
-2.9200000000e+02   2.4123424192e-07
-2.9100000000e+02   -2.5649267599e-07
-2.9000000000e+02   2.7266426739e-07
-2.8900000000e+02   -2.8980024558e-07
-2.8800000000e+02   3.0795449901e-07
-2.8700000000e+02   -3.2718369924e-07
-2.8600000000e+02   3.4754743261e-07
-2.8500000000e+02   -3.6910833479e-07
-2.8400000000e+02   3.9193223156e-07
-2.8300000000e+02   -4.1608828583e-07
-2.8200000000e+02   4.4164915081e-07
-2.8100000000e+02   -4.6869112724e-07
-2.8000000000e+02   4.9729432927e-07
-2.7900000000e+02   -5.2754285451e-07
-2.7800000000e+02   5.5952496392e-07
-2.7700000000e+02   -5.9333326385e-07
-2.7600000000e+02   6.2906489884e-07
-2.7500000000e+02   -6.6682175137e-07
-2.7400000000e+02   7.0671064623e-07
-2.7300000000e+02   -7.4884356605e-07
-2.7200000000e+02   7.9333787228e-07
-2.7100000000e+02   -8.4031653502e-07
-2.7000000000e+02   8.8990837099e-07
-2.6900000000e+02   -9.4224829028e-07
-2.6800000000e+02   9.9747755167e-07
-2.6700000000e+02   -1.0557440275e-06
-2.6600000000e+02   1.1172024752e-06
-2.6500000000e+02   -1.1820148216e-06
-2.6400000000e+02   1.2503504552e-06
-2.6300000000e+02   -1.3223865274e-06
-2.6200000000e+02   1.3983082663e-06
-2.6100000000e+02   -1.4783092979e-06
-2.6000000000e+02   1.5625919794e-06
-2.5900000000e+02   -1.6513677437e-06
-2.5800000000e+02   1.7448574539e-06
-2.5700000000e+02   -1.8432917679e-06
-2.5600000000e+02   1.9469115187e-06
-2.5500000000e+02   -2.0559680998e-06
-2.5400000000e+02   2.1707238691e-06
-2.5300000000e+02   -2.2914525597e-06
-2.5200000000e+02   2.4184397061e-06
-2.5100000000e+02   -2.5519830811e-06
-2.5000000000e+02   2.6923931464e-06
-2.4900000000e+02   -2.8399935159e-06
-2.4800000000e+02   2.9951214309e-06
-2.4700000000e+02   -3.1581282500e-06
-2.4600000000e+02   3.3293799526e-06
-2.4500000000e+02   -3.5092576538e-06
-2.4400000000e+02   3.6981581342e-06
-2.4300000000e+02   -3.8964943860e-06
-2.4200000000e+02   4.1046961685e-06
-2.4100000000e+02   -4.3232105813e-06
-2.4000000000e+02   4.5525026504e-06
-2.3900000000e+02   -4.7930559279e-06
-2.3800000000e+02   5.0453731093e-06
-2.3700000000e+02   -5.3099766608e-06
-2.3600000000e+02   5.5874094649e-06
-2.3500000000e+02   -5.8782354788e-06
-2.3400000000e+02   6.1830404086e-06
-2.3300000000e+02   -6.5024323970e-06
-2.3200000000e+02   6.8370427264e-06
-2.3100000000e+02   -7.1875265377e-06
-2.3000000000e+02   7.5545635618e-06
-2.2900000000e+02   -7.9388588670e-06
-2.2800000000e+02   8.3411436209e-06
-2.2700000000e+02   -8.7621758671e-06
-2.2600000000e+02   9.2027413139e-06
-2.2500000000e+02   -9.6636541420e-06
-2.2400000000e+02   1.0145757821e-05
-2.2300000000e+02   -1.0649925942e-05
-2.2200000000e+02   1.1177063067e-05
-2.2100000000e+02   -1.1728105584e-05
-2.2000000000e+02   1.2304022587e-05
-2.1900000000e+02   -1.2905816752e-05
-2.1800000000e+02   1.3534525246e-05
-2.1700000000e+02   -1.4191220629e-05
-2.1600000000e+02   1.4877011782e-05
-2.1500000000e+02   -1.5593044839e-05
-2.1400000000e+02   1.6340504130e-05
-2.1300000000e+02   -1.7120613140e-05
-2.1200000000e+02   1.7934635471e-05
-2.1100000000e+02   -1.8783875817e-05
-2.1000000000e+02   1.9669680949e-05
-2.0900000000e+02   -2.0593440707e-05
-2.0800000000e+02   2.1556588995e-05
-2.0700000000e+02   -2.2560604792e-05
-2.0600000000e+02   2.3607013162e-05
-2.0500000000e+02   -2.4697386270e-05
-2.0400000000e+02   2.5833344406e-05
-2.0300000000e+02   -2.7016557010e-05
-2.0200000000e+02   2.8248743700e-05
-2.0100000000e+02   -2.9531675303e-05
-2.0000000000e+02   3.0867174885e-05
-1.9900000000e+02   -3.2257118781e-05
-1.9800000000e+02   3.3703437629e-05
-1.9700000000e+02   -3.5208117391e-05
-1.9600000000e+02   3.6773200383e-05
-1.9500000000e+02   -3.8400786289e-05
-1.9400000000e+02   4.0093033178e-05
-1.9300000000e+02   -4.1852158509e-05
-1.9200000000e+02   4.3680440127e-05
-1.9100000000e+02   -4.5580217253e-05
-1.9000000000e+02   4.7553891462e-05
-1.8900000000e+02   -4.9603927641e-05
-1.8800000000e+02   5.1732854947e-05
-1.8700000000e+02   -5.3943267732e-05
-1.8600000000e+02   5.6237826469e-05
-1.8500000000e+02   -5.8619258644e-05
-1.8400000000e+02   6.1090359634e-05
-1.8300000000e+02   -6.3653993566e-05
-1.8200000000e+02   6.6313094145e-05
-1.8100000000e+02   -6.9070665462e-05
-1.8000000000e+02   7.1929782771e-05
-1.7900000000e+02   -7.4893593239e-05
-1.7800000000e+02   7.7965316664e-05
-1.7700000000e+02   -8.1148246160e-05
-1.7600000000e+02   8.4445748810e-05
-1.7500000000e+02   -8.7861266272e-05
-1.7400000000e+02   9.1398315364e-05
-1.7300000000e+02   -9.5060488590e-05
-1.7200000000e+02   9.8851454632e-05
-1.7100000000e+02   -1.0277495880e-04
-1.7000000000e+02   1.0683482343e-04
-1.6900000000e+02   -1.1103494823e-04
-1.6800000000e+02   1.1537931058e-04
-1.6700000000e+02   -1.1987196578e-04
-1.6600000000e+02   1.2451704726e-04
-1.6500000000e+02   -1.2931876666e-04
-1.6400000000e+02   1.3428141395e-04
-1.6300000000e+02   -1.3940935746e-04
-1.6200000000e+02   1.4470704374e-04
-1.6100000000e+02   -1.5017899754e-04
-1.6000000000e+02   1.5582982158e-04
-1.5900000000e+02   -1.6166419628e-04
-1.5800000000e+02   1.6768687946e-04
-1.5700000000e+02   -1.7390270591e-04
-1.5600000000e+02   1.8031658695e-04
-1.5500000000e+02   -1.8693350982e-04
-1.5400000000e+02   1.9375853710e-04
-1.5300000000e+02   -2.0079680592e-04
-1.5200000000e+02   2.0805352722e-04
-1.5100000000e+02   -2.1553398482e-04
-1.5000000000e+02   2.2324353446e-04
-1.4900000000e+02   -2.3118760269e-04
-1.4800000000e+02   2.3937168576e-04
-1.4700000000e+02   -2.4780134834e-04
-1.4600000000e+02   2.5648222215e-04
-1.4500000000e+02   -2.6542000455e-04
-1.4400000000e+02   2.7462045694e-04
-1.4300000000e+02   -2.8408940316e-04
-1.4200000000e+02   2.9383272773e-04
-1.4100000000e+02   -3.0385637396e-04
-1.4000000000e+02   3.1416634203e-04
-1.3900000000e+02   -3.2476868692e-04
-1.3800000000e+02   3.3566951624e-04
-1.3700000000e+02   -3.4687498792e-04
-1.3600000000e+02   3.5839130786e-04
-1.3500000000e+02   -3.7022472741e-04
-1.3400000000e+02   3.8238154078e-04
-1.3300000000e+02   -3.9486808228e-04
-1.3200000000e+02   4.0769072354e-04
-1.3100000000e+02   -4.2085587050e-04
-1.3000000000e+02   4.3436996041e-04
-1.2900000000e+02   -4.4823945861e-04
-1.2800000000e+02   4.6247085526e-04
-1.2700000000e+02   -4.7707066193e-04
-1.2600000000e+02   4.9204540809e-04
-1.2500000000e+02   -5.0740163747e-04
-1.2400000000e+02   5.2314590430e-04
-1.2300000000e+02   -5.3928476949e-04
-1.2200000000e+02   5.5582479659e-04
-1.2100000000e+02   -5.7277254776e-04
-1.2000000000e+02   5.9013457953e-04
-1.1900000000e+02   -6.0791743853e-04
-1.1800000000e+02   6.2612765699e-04
-1.1700000000e+02   -6.4477174828e-04
-1.1600000000e+02   6.6385620222e-04
-1.1500000000e+02   -6.8338748035e-04
-1.1400000000e+02   7.0337201103e-04
-1.1300000000e+02   -7.2381618454e-04
-1.1200000000e+02   7.4472634793e-04
-1.1100000000e+02   -7.6610879991e-04
-1.1000000000e+02   7.8796978555e-04
-1.0900000000e+02   -8.1031549089e-04
-1.0800000000e+02   8.3315203750e-04
-1.0700000000e+02   -8.5648547688e-04
-1.0600000000e+02   8.8032178485e-04
-1.0500000000e+02   -9.0466685572e-04
-1.0400000000e+02   9.2952649654e-04
-1.0300000000e+02   -9.5490642111e-04
-1.0200000000e+02   9.8081224398e-04
-1.0100000000e+02   -1.0072494744e-03
-1.0000000000e+02   1.0342235101e-03
-9.9000000000e+01   -1.0617396310e-03
-9.8000000000e+01   1.0898029932e-03
-9.7000000000e+01   -1.1184186219e-03
-9.6000000000e+01   1.1475914060e-03
-9.5000000000e+01   -1.1773260904e-03
-9.4000000000e+01   1.2076272703e-03
-9.3000000000e+01   -1.2384993843e-03
-9.2000000000e+01   1.2699467075e-03
-9.1000000000e+01   -1.3019733452e-03
-9.0000000000e+01   1.3345832255e-03
-8.9000000000e+01   -1.3677800931e-03
-8.8000000000e+01   1.4015675022e-03
-8.7000000000e+01   -1.4359488094e-03
-8.6000000000e+01   1.4709271669e-03
-8.5000000000e+01   -1.5065055158e-03
-8.4000000000e+01   1.5426865788e-03
-8.3000000000e+01   -1.5794728532e-03
-8.2000000000e+01   1.6168666041e-03
-8.1000000000e+01   -1.6548698571e-03
-8.0000000000e+01   1.6934843917e-03
-7.9000000000e+01   -1.7327117337e-03
-7.8000000000e+01   1.7725531487e-03
-7.7000000000e+01   -1.8130096348e-03
-7.6000000000e+01   1.8540819155e-03
-7.5000000000e+01   -1.8957704330e-03
-7.4000000000e+01   1.9380753411e-03
-7.3000000000e+01   -1.9809964981e-03
-7.2000000000e+01   2.0245334603e-03
-7.1000000000e+01   -2.0686854746e-03
-7.0000000000e+01   2.1134514722e-03
-6.9000000000e+01   -2.1588300614e-03
-6.8000000000e+01   2.2048195213e-03
-6.7000000000e+01   -2.2514177948e-03
-6.6000000000e+01   2.2986224821e-03
-6.5000000000e+01   -2.3464308342e-03
-6.4000000000e+01   2.3948397468e-03
-6.3000000000e+01   -2.4438457534e-03
-6.2000000000e+01   2.4934450193e-03
-6.1000000000e+01   -2.5436333355e-03
-6.0000000000e+01   2.5944061128e-03
-5.9000000000e+01   -2.6457583755e-03
-5.8000000000e+01   2.6976847559e-03
-5.7000000000e+01   -2.7501794885e-03
-5.6000000000e+01   2.8032364046e-03
-5.5000000000e+01   -2.8568489268e-03
-5.4000000000e+01   2.9110100637e-03
-5.3000000000e+01   -2.9657124052e-03
-5.2000000000e+01   3.0209481171e-03
-5.1000000000e+01   -3.0767089370e-03
-5.0000000000e+01   3.1329861693e-03
-4.9000000000e+01   -3.1897706810e-03
-4.8000000000e+01   3.2470528979e-03
-4.7000000000e+01   -3.3048228005e-03
-4.6000000000e+01   3.3630699204e-03
-4.5000000000e+01   -3.4217833370e-03
-4.4000000000e+01   3.4809516744e-03
-4.3000000000e+01   -3.5405630983e-03
-4.2000000000e+01   3.6006053140e-03
-4.1000000000e+01   -3.6610655636e-03
-4.0000000000e+01   3.7219306243e-03
-3.9000000000e+01   -3.7831868068e-03
-3.8000000000e+01   3.8448199538e-03
-3.7000000000e+01   -3.9068154395e-03
-3.6000000000e+01   3.9691581684e-03
-3.5000000000e+01   -4.0318325758e-03
-3.4000000000e+01   4.0948226272e-03
-3.3000000000e+01   -4.1581118199e-03
-3.2000000000e+01   4.2216831829e-03
-3.1000000000e+01   -4.2855192793e-03
-3.0000000000e+01   4.3496022078e-03
-2.9000000000e+01   -4.4139136051e-03
-2.8000000000e+01   4.4784346487e-03
-2.7000000000e+01   -4.5431460605e-03
-2.6000000000e+01   4.6080281104e-03
-2.5000000000e+01   -4.6730606208e-03
-2.4000000000e+01   4.7382229717e-03
-2.3000000000e+01   -4.8034941059e-03
-2.2000000000e+01   4.8688525354e-03
-2.1000000000e+01   -4.9342763477e-03
-2.0000000000e+01   4.9997432133e-03
-1.9000000000e+01   -5.0652303934e-03
-1.8000000000e+01   5.1307147486e-03
-1.7000000000e+01   -5.1961727478e-03
-1.6000000000e+01   5.2615804779e-03
-1.5000000000e+01   -5.3269136548e-03
-1.4000000000e+01   5.3921476335e-03
-1.3000000000e+01   -5.4572574209e-03
-1.2000000000e+01   5.5222176876e-03
-1.1000000000e+01   -5.5870027813e-03
-1.0000000000e+01   5.6515867404e-03
-9.0000000000e+00   -5.7159433090e-03
-8.0000000000e+00   5.7800459517e-03
-7.0000000000e+00   -5.8438678698e-03
-6.0000000000e+00   5.9073820178e-03
-5.0000000000e+00   -5.9705611211e-03
-4.0000000000e+00   6.0333776937e-03
-3.0000000000e+00   -6.0958040571e-03
-2.0000000000e+00   6.1578123598e-03
-1.0000000000e+00   -6.2193745976e-03
0.0000000000e+00   -6.2193745976e-03
1.0000000000e+00   6.1578123598e-03
2.0000000000e+00   -6.0958040571e-03
3.0000000000e+00   6.0333776937e-03
4.0000000000e+00   -5.9705611211e-03
5.0000000000e+00   5.9073820178e-03
6.0000000000e+00   -5.8438678698e-03
7.0000000000e+00   5.7800459517e-03
8.0000000000e+00   -5.7159433090e-03
9.0000000000e+00   5.6515867404e-03
1.0000000000e+01   -5.5870027813e-03
1.1000000000e+01   5.5222176876e-03
1.2000000000e+01   -5.4572574209e-03
1.3000000000e+01   5.3921476335e-03
1.4000000000e+01   -5.3269136548e-03
1.5000000000e+01   5.2615804779e-03
1.6000000000e+01   -5.1961727478e-03
1.7000000000e+01   5.1307147486e-03
1.8000000000e+01   -5.0652303934e-03
1.9000000000e+01   4.9997432133e-03
2.0000000000e+01   -4.9342763477e-03
2.1000000000e+01   4.8688525354e-03
2.2000000000e+01   -4.8034941059e-03
2.3000000000e+01   4.7382229717e-03
2.4000000000e+01   -4.6730606208e-03
2.5000000000e+01   4.6080281104e-03
2.6000000000e+01   -4.5431460605e-03
2.7000000000e+01   4.4784346487e-03
2.8000000000e+01   -4.4139136051e-03
2.9000000000e+01   4.3496022078e-03
3.0000000000e+01   -4.2855192793e-03
3.1000000000e+01   4.2216831829e-03
3.2000000000e+01   -4.1581118199e-03
3.3000000000e+01   4.0948226272e-03
3.4000000000e+01   -4.0318325758e-03
3.5000000000e+01   3.9691581684e-03
3.6000000000e+01   -3.9068154395e-03
3.7000000000e+01   3.8448199538e-03
3.8000000000e+01   -3.7831868068e-03
3.9000000000e+01   3.7219306243e-03
4.0000000000e+01   -3.6610655636e-03
4.1000000000e+01   3.6006053140e-03
4.2000000000e+01   -3.5405630983e-03
4.3000000000e+01   3.4809516744e-03
4.4000000000e+01   -3.4217833370e-03
4.5000000000e+01   3.3630699204e-03
4.6000000000e+01   -3.3048228005e-03
4.7000000000e+01   3.2470528979e-03
4.8000000000e+01   -3.1897706810e-03
4.9000000000e+01   3.1329861693e-03
5.0000000000e+01   -3.0767089370e-03
5.1000000000e+01   3.0209481171e-03
5.2000000000e+01   -2.9657124052e-03
5.3000000000e+01   2.9110100637e-03
5.4000000000e+01   -2.8568489268e-03
5.5000000000e+01   2.8032364046e-03
5.6000000000e+01   -2.7501794885e-03
5.7000000000e+01   2.6976847559e-03
5.8000000000e+01   -2.6457583755e-03
5.9000000000e+01   2.5944061128e-03
6.0000000000e+01   -2.5436333355e-03
6.1000000000e+01   2.4934450193e-03
6.2000000000e+01   -2.4438457534e-03
6.3000000000e+01   2.3948397468e-03
6.4000000000e+01   -2.3464308342e-03
6.5000000000e+01   2.2986224821e-03
6.6000000000e+01   -2.2514177948e-03
6.7000000000e+01   2.2048195213e-03
6.8000000000e+01   -2.1588300614e-03
6.9000000000e+01   2.1134514722e-03
7.0000000000e+01   -2.0686854746e-03
7.1000000000e+01   2.0245334603e-03
7.2000000000e+01   -1.9809964981e-03
7.3000000000e+01   1.9380753411e-03
7.4000000000e+01   -1.8957704330e-03
7.5000000000e+01   1.8540819155e-03
7.6000000000e+01   -1.8130096348e-03
7.7000000000e+01   1.7725531487e-03
7.8000000000e+01   -1.7327117337e-03
7.9000000000e+01   1.6934843917e-03
8.0000000000e+01   -1.6548698571e-03
8.1000000000e+01   1.6168666041e-03
8.2000000000e+01   -1.5794728532e-03
8.3000000000e+01   1.5426865788e-03
8.4000000000e+01   -1.5065055158e-03
8.5000000000e+01   1.4709271669e-03
8.6000000000e+01   -1.4359488094e-03
8.7000000000e+01   1.4015675022e-03
8.8000000000e+01   -1.3677800931e-03
8.9000000000e+01   1.3345832255e-03
9.0000000000e+01   -1.3019733452e-03
9.1000000000e+01   1.2699467075e-03
9.2000000000e+01   -1.2384993843e-03
9.3000000000e+01   1.2076272703e-03
9.4000000000e+01   -1.1773260904e-03
9.5000000000e+01   1.1475914060e-03
9.6000000000e+01   -1.1184186219e-03
9.7000000000e+01   1.0898029932e-03
9.8000000000e+01   -1.0617396310e-03
9.9000000000e+01   1.0342235101e-03
1.0000000000e+02   -1.0072494744e-03
1.0100000000e+02   9.8081224398e-04
1.0200000000e+02   -9.5490642111e-04
1.0300000000e+02   9.2952649654e-04
1.0400000000e+02   -9.0466685572e-04
1.0500000000e+02   8.8032178485e-04
1.0600000000e+02   -8.5648547688e-04
1.0700000000e+02   8.3315203750e-04
1.0800000000e+02   -8.1031549089e-04
1.0900000000e+02   7.8796978555e-04
1.1000000000e+02   -7.6610879991e-04
1.1100000000e+02   7.4472634793e-04
1.1200000000e+02   -7.2381618454e-04
1.1300000000e+02   7.0337201103e-04
1.1400000000e+02   -6.8338748035e-04
1.1500000000e+02   6.6385620222e-04
1.1600000000e+02   -6.4477174828e-04
1.1700000000e+02   6.2612765699e-04
1.1800000000e+02   -6.0791743853e-04
1.1900000000e+02   5.9013457953e-04
1.2000000000e+02   -5.7277254776e-04
1.2100000000e+02   5.5582479659e-04
1.2200000000e+02   -5.3928476949e-04
1.2300000000e+02   5.2314590430e-04
1.2400000000e+02   -5.0740163747e-04
1.2500000000e+02   4.9204540809e-04
1.2600000000e+02   -4.7707066193e-04
1.2700000000e+02   4.6247085526e-04
1.2800000000e+02   -4.4823945861e-04
1.2900000000e+02   4.3436996041e-04
1.3000000000e+02   -4.2085587050e-04
1.3100000000e+02   4.0769072354e-04
1.3200000000e+02   -3.9486808228e-04
1.3300000000e+02   3.8238154078e-04
1.3400000000e+02   -3.7022472741e-04
1.3500000000e+02   3.5839130786e-04
1.3600000000e+02   -3.4687498792e-04
1.3700000000e+02   3.3566951624e-04
1.3800000000e+02   -3.2476868692e-04
1.3900000000e+02   3.1416634203e-04
1.4000000000e+02   -3.0385637396e-04
1.4100000000e+02   2.9383272773e-04
1.4200000000e+02   -2.8408940316e-04
1.4300000000e+02   2.7462045694e-04
1.4400000000e+02   -2.6542000455e-04
1.4500000000e+02   2.5648222215e-04
1.4600000000e+02   -2.4780134834e-04
1.4700000000e+02   2.3937168576e-04
1.4800000000e+02   -2.3118760269e-04
1.4900000000e+02   2.2324353446e-04
1.5000000000e+02   -2.1553398482e-04
1.5100000000e+02   2.0805352722e-04
1.5200000000e+02   -2.0079680592e-04
1.5300000000e+02   1.9375853710e-04
1.5400000000e+02   -1.8693350982e-04
1.5500000000e+02   1.8031658695e-04
1.5600000000e+02   -1.7390270591e-04
1.5700000000e+02   1.6768687946e-04
1.5800000000e+02   -1.6166419628e-04
1.5900000000e+02   1.5582982158e-04
1.6000000000e+02   -1.5017899754e-04
1.6100000000e+02   1.4470704374e-04
1.6200000000e+02   -1.3940935746e-04
1.6300000000e+02   1.3428141395e-04
1.6400000000e+02   -1.2931876666e-04
1.6500000000e+02   1.2451704726e-04
1.6600000000e+02   -1.1987196578e-04
1.6700000000e+02   1.1537931058e-04
1.6800000000e+02   -1.1103494823e-04
1.6900000000e+02   1.0683482343e-04
1.7000000000e+02   -1.0277495880e-04
1.7100000000e+02   9.8851454632e-05
1.7200000000e+02   -9.5060488590e-05
1.7300000000e+02   9.1398315364e-05
1.7400000000e+02   -8.7861266272e-05
1.7500000000e+02   8.4445748810e-05
1.7600000000e+02   -8.1148246160e-05
1.7700000000e+02   7.7965316664e-05
1.7800000000e+02   -7.4893593239e-05
1.7900000000e+02   7.1929782771e-05
1.8000000000e+02   -6.9070665462e-05
1.8100000000e+02   6.6313094145e-05
1.8200000000e+02   -6.3653993566e-05
1.8300000000e+02   6.1090359634e-05
1.8400000000e+02   -5.8619258644e-05
1.8500000000e+02   5.6237826469e-05
1.8600000000e+02   -5.3943267732e-05
1.8700000000e+02   5.1732854947e-05
1.8800000000e+02   -4.9603927641e-05
1.8900000000e+02   4.7553891462e-05
1.9000000000e+02   -4.5580217253e-05
1.9100000000e+02   4.3680440127e-05
1.9200000000e+02   -4.1852158509e-05
1.9300000000e+02   4.0093033178e-05
1.9400000000e+02   -3.8400786289e-05
1.9500000000e+02   3.6773200383e-05
1.9600000000e+02   -3.5208117391e-05
1.9700000000e+02   3.3703437629e-05
1.9800000000e+02   -3.2257118781e-05
1.9900000000e+02   3.0867174885e-05
2.0000000000e+02   -2.9531675303e-05
2.0100000000e+02   2.8248743700e-05
2.0200000000e+02   -2.7016557010e-05
2.0300000000e+02   2.5833344406e-05
2.0400000000e+02   -2.4697386270e-05
2.0500000000e+02   2.3607013162e-05
2.0600000000e+02   -2.2560604792e-05
2.0700000000e+02   2.1556588995e-05
2.0800000000e+02   -2.0593440707e-05
2.0900000000e+02   1.9669680949e-05
2.1000000000e+02   -1.8783875817e-05
2.1100000000e+02   1.7934635471e-05
2.1200000000e+02   -1.7120613140e-05
2.1300000000e+02   1.6340504130e-05
2.1400000000e+02   -1.5593044839e-05
2.1500000000e+02   1.4877011782e-05
2.1600000000e+02   -1.4191220629e-05
2.1700000000e+02   1.3534525246e-05
2.1800000000e+02   -1.2905816752e-05
2.1900000000e+02   1.2304022587e-05
2.2000000000e+02   -1.1728105584e-05
2.2100000000e+02   1.1177063067e-05
2.2200000000e+02   -1.0649925942e-05
2.2300000000e+02   1.0145757821e-05
2.2400000000e+02   -9.6636541420e-06
2.2500000000e+02   9.2027413139e-06
2.2600000000e+02   -8.7621758671e-06
2.2700000000e+02   8.3411436209e-06
2.2800000000e+02   -7.9388588670e-06
2.2900000000e+02   7.5545635618e-06
2.3000000000e+02   -7.1875265377e-06
2.3100000000e+02   6.8370427264e-06
2.3200000000e+02   -6.5024323970e-06
2.3300000000e+02   6.1830404086e-06
2.3400000000e+02   -5.8782354788e-06
2.3500000000e+02   5.5874094649e-06
2.3600000000e+02   -5.3099766608e-06
2.3700000000e+02   5.0453731093e-06
2.3800000000e+02   -4.7930559279e-06
2.3900000000e+02   4.5525026504e-06
2.4000000000e+02   -4.3232105813e-06
2.4100000000e+02   4.1046961685e-06
2.4200000000e+02   -3.8964943860e-06
2.4300000000e+02   3.6981581342e-06
2.4400000000e+02   -3.5092576538e-06
2.4500000000e+02   3.3293799526e-06
2.4600000000e+02   -3.1581282500e-06
2.4700000000e+02   2.9951214309e-06
2.4800000000e+02   -2.8399935159e-06
2.4900000000e+02   2.6923931464e-06
2.5000000000e+02   -2.5519830811e-06
2.5100000000e+02   2.4184397061e-06
2.5200000000e+02   -2.2914525597e-06
2.5300000000e+02   2.1707238691e-06
2.5400000000e+02   -2.0559680998e-06
2.5500000000e+02   1.9469115187e-06
2.5600000000e+02   -1.8432917679e-06
2.5700000000e+02   1.7448574539e-06
2.5800000000e+02   -1.6513677437e-06
2.5900000000e+02   1.5625919794e-06
2.6000000000e+02   -1.4783092979e-06
2.6100000000e+02   1.3983082663e-06
2.6200000000e+02   -1.3223865274e-06
2.6300000000e+02   1.2503504552e-06
2.6400000000e+02   -1.1820148216e-06
2.6500000000e+02   1.1172024752e-06
2.6600000000e+02   -1.0557440275e-06
2.6700000000e+02   9.9747755167e-07
2.6800000000e+02   -9.4224829028e-07
2.6900000000e+02   8.8990837099e-07
2.7000000000e+02   -8.4031653502e-07
2.7100000000e+02   7.9333787228e-07
2.7200000000e+02   -7.4884356605e-07
2.7300000000e+02   7.0671064623e-07
2.7400000000e+02   -6.6682175137e-07
2.7500000000e+02   6.2906489884e-07
2.7600000000e+02   -5.9333326385e-07
2.7700000000e+02   5.5952496392e-07
2.7800000000e+02   -5.2754285451e-07
2.7900000000e+02   4.9729432927e-07
2.8000000000e+02   -4.6869112724e-07
2.8100000000e+02   4.4164915081e-07
2.8200000000e+02   -4.1608828583e-07
2.8300000000e+02   3.9193223156e-07
2.8400000000e+02   -3.6910833479e-07
2.8500000000e+02   3.4754743261e-07
2.8600000000e+02   -3.2718369924e-07
2.8700000000e+02   3.0795449901e-07
2.8800000000e+02   -2.8980024558e-07
2.8900000000e+02   2.7266426739e-07
2.9000000000e+02   -2.5649267599e-07
2.9100000000e+02   2.4123424192e-07
2.9200000000e+02   -2.2684027390e-07
2.9300000000e+02   2.1326450472e-07
2.9400000000e+02   -2.0046297999e-07
2.9500000000e+02   1.8839395088e-07
2.9600000000e+02   -1.7701777466e-07
2.9700000000e+02   1.6629681499e-07
2.9800000000e+02   -1.5619534999e-07
2.9900000000e+02   1.4667948123e-07
3.0000000000e+02   -1.3771704932e-07
3.0100000000e+02   1.2927754978e-07
3.0200000000e+02   -1.2133205596e-07
3.0300000000e+02   1.1385314380e-07
3.0400000000e+02   -1.0681481766e-07
3.0500000000e+02   1.0019244367e-07
3.0600000000e+02   -9.3962682080e-08
3.0700000000e+02   8.8103425222e-08
3.0800000000e+02   -8.2593736517e-08
3.0900000000e+02   7.7413793820e-08
3.1000000000e+02   -7.2544833030e-08
3.1100000000e+02   6.7969096795e-08
3.1200000000e+02   -6.3669782779e-08
3.1300000000e+02   5.9630997695e-08
3.1400000000e+02   -5.5837710233e-08
3.1500000000e+02   5.2275707763e-08
3.1600000000e+02   -4.8931555030e-08
3.1700000000e+02   4.5792553971e-08
3.1800000000e+02   -4.2846705961e-08
3.1900000000e+02   4.0082676733e-08
3.2000000000e+02   -3.7489760629e-08
3.2100000000e+02   3.5057849068e-08
3.2200000000e+02   -3.2777398573e-08
3.2300000000e+02   3.0639401905e-08
3.2400000000e+02   -2.8635358973e-08
3.2500000000e+02   2.6757251304e-08
3.2600000000e+02   -2.4997514947e-08
3.2700000000e+02   2.3349017386e-08
3.2800000000e+02   -2.1805033779e-08
3.2900000000e+02   2.0359225195e-08
3.3000000000e+02   -1.9005618412e-08
3.3100000000e+02   1.7738585045e-08
3.3200000000e+02   -1.6552824000e-08
3.3300000000e+02   1.5443341939e-08
3.3400000000e+02   -1.4405437954e-08
3.3500000000e+02   1.3434686696e-08
3.3600000000e+02   -1.2526923054e-08
3.3700000000e+02   1.1678228384e-08
3.3800000000e+02   -1.0884916080e-08
3.3900000000e+02   1.0143518692e-08
3.4000000000e+02   -9.4507754955e-09
3.4100000000e+02   8.8036216095e-09
3.4200000000e+02   -8.1991757828e-09
3.4300000000e+02   7.6347310696e-09
3.4400000000e+02   -7.1077439490e-09
3.4500000000e+02   6.6158247769e-09
3.4600000000e+02   -6.1567309029e-09
3.4700000000e+02   5.7283553456e-09
3.4800000000e+02   -5.3287210200e-09
3.4900000000e+02   4.9559722992e-09
3.5000000000e+02   -4.6083683536e-09
3.5100000000e+02   4.2842758230e-09
3.5200000000e+02   -3.9821632658e-09
3.5300000000e+02   3.7005942755e-09
3.5400000000e+02   -3.4382223735e-09
3.5500000000e+02   3.1937859024e-09
3.5600000000e+02   -2.9661026968e-09
3.5700000000e+02   2.7540645320e-09
3.5800000000e+02   -2.5566340156e-09
3.5900000000e+02   2.3728399245e-09
3.6000000000e+02   -2.2017720980e-09
3.6100000000e+02   2.0425796610e-09
3.6200000000e+02   -1.8944654734e-09
3.6300000000e+02   1.7566839094e-09
3.6400000000e+02   -1.6285381932e-09
3.6500000000e+02   1.5093755135e-09
3.6600000000e+02   -1.3985868019e-09
3.6700000000e+02   1.2956016260e-09
3.6800000000e+02   -1.1998870786e-09
3.6900000000e+02   1.1109460019e-09
3.7000000000e+02   -1.0283125462e-09
3.7100000000e+02   9.5155305857e-10
3.7200000000e+02   -8.8026164136e-10
3.7300000000e+02   8.1405948649e-10
3.7400000000e+02   -7.5259354304e-10
3.7500000000e+02   6.9553363069e-10
3.7600000000e+02   -6.4257266175e-10
3.7700000000e+02   5.9342286640e-10
3.7800000000e+02   -5.4781712500e-10
3.7900000000e+02   5.0550519326e-10
3.8000000000e+02   -4.6625503458e-10
